1679841121731 0.5629470944404602 0
1679841121811 0.6188682317733765 1
1679841121888 0.659736156463623 2
1679841121953 0.6829915642738342 3
1679841122015 0.6953902244567871 4
1679841122086 0.7017485499382019 5
1679841122151 0.7038944363594055 6
1679841122216 0.7045938372612 7
1679841122274 0.7047528028488159 8
1679841122336 0.7050230503082275 9
1679841122393 0.7050230503082275 10
1679841122453 0.7050866484642029 11
1679841122513 0.7051025032997131 12
1679841122570 0.7051025032997131 13
1679841122632 0.7051025032997131 14
1679841122697 0.7050866484642029 15
1679841122760 0.7051025032997131 16
1679841122829 0.7051025032997131 17
1679841122890 0.7051025032997131 18
1679841122950 0.7051025032997131 19
1679841123012 0.7051025032997131 20
1679841123081 0.7051025032997131 21
1679841123151 0.7051025032997131 22
1679841123219 0.7051025032997131 23
1679841123283 0.7051025032997131 24
1679841123344 0.7051025032997131 25
1679841123406 0.7051025032997131 26
1679841123465 0.7051025032997131 27
1679841123523 0.7051025032997131 28
1679841123580 0.7051025032997131 29
1679841123646 0.7051025032997131 30
1679841123719 0.7051025032997131 31
1679841123790 0.7051025032997131 32
1679841123850 0.7051025032997131 33
1679841123909 0.7051025032997131 34
1679841123969 0.7051025032997131 35
1679841124035 0.7051025032997131 36
1679841124089 0.7051025032997131 37
1679841124157 0.7051025032997131 38
1679841124219 0.7051025032997131 39
1679841124289 0.7051025032997131 40
1679841124348 0.7051025032997131 41
1679841124406 0.7051025032997131 42
1679841124471 0.7051025032997131 43
1679841124536 0.7051025032997131 44
1679841124602 0.7051025032997131 45
1679841124674 0.7051025032997131 46
1679841124750 0.7051025032997131 47
1679841124830 0.7051025032997131 48
1679841124901 0.7051025032997131 49
1679841124967 0.7051025032997131 50
1679841125035 0.7051025032997131 51
1679841125099 0.7051025032997131 52
1679841125213 0.7051025032997131 53
1679841125278 0.7051025032997131 54
1679841125342 0.7051025032997131 55
1679841125404 0.7051025032997131 56
1679841125467 0.7051025032997131 57
1679841125532 0.7051025032997131 58
1679841125598 0.7051025032997131 59
1679841125658 0.7051025032997131 60
1679841125726 0.7051025032997131 61
1679841125789 0.7051025032997131 62
1679841125853 0.7051025032997131 63
1679841125917 0.7051025032997131 64
1679841126030 0.7051025032997131 65
1679841126093 0.7051025032997131 66
1679841126156 0.7051025032997131 67
1679841126217 0.7051025032997131 68
1679841126313 0.7051025032997131 69
1679841126402 0.7051025032997131 70
1679841126467 0.7051025032997131 71
1679841126529 0.7051025032997131 72
1679841126590 0.7051025032997131 73
1679841126648 0.7051025032997131 74
1679841126711 0.7051025032997131 75
1679841126773 0.7051025032997131 76
1679841126839 0.7051025032997131 77
1679841126907 0.7051025032997131 78
1679841126968 0.7051025032997131 79
1679841127026 0.7051025032997131 80
1679841127092 0.7051025032997131 81
1679841127153 0.7051025032997131 82
1679841127215 0.7051025032997131 83
1679841127272 0.7051025032997131 84
1679841127333 0.7051025032997131 85
1679841127392 0.7051025032997131 86
1679841127453 0.7051025032997131 87
1679841127515 0.7051025032997131 88
1679841127582 0.7051025032997131 89
1679841127647 0.7051025032997131 90
1679841127712 0.7051025032997131 91
1679841127773 0.7051025032997131 92
1679841127841 0.7051025032997131 93
1679841127907 0.7051025032997131 94
1679841127974 0.7051025032997131 95
1679841128038 0.7051025032997131 96
1679841128099 0.7051025032997131 97
