1679841121731 347.95703125 0
1679841121811 336.0023193359375 1
1679841121888 324.2999572753906 2
1679841121953 312.85205078125 3
1679841122015 301.6553039550781 4
1679841122086 290.7098693847656 5
1679841122151 280.01324462890625 6
1679841122216 269.5625 7
1679841122274 259.35748291015625 8
1679841122336 249.39503479003906 9
1679841122393 239.6717071533203 10
1679841122453 230.1795654296875 11
1679841122513 220.91880798339844 12
1679841122570 211.88829040527344 13
1679841122632 203.0833740234375 14
1679841122697 194.50559997558594 15
1679841122760 186.14955139160156 16
1679841122829 178.01449584960938 17
1679841122890 170.09461975097656 18
1679841122950 162.39102172851562 19
1679841123012 154.8988037109375 20
1679841123081 147.61427307128906 21
1679841123151 140.53713989257812 22
1679841123219 133.6625518798828 23
1679841123283 126.9902572631836 24
1679841123344 120.5166244506836 25
1679841123406 114.23963165283203 26
1679841123465 108.15624237060547 27
1679841123523 102.26201629638672 28
1679841123580 96.55982971191406 29
1679841123646 91.04425811767578 30
1679841123719 85.71257019042969 31
1679841123790 80.5648422241211 32
1679841123850 75.60031127929688 33
1679841123909 70.81365203857422 34
1679841123969 66.20375061035156 35
1679841124035 61.77047348022461 36
1679841124089 57.513031005859375 37
1679841124157 53.43091583251953 38
1679841124219 49.519325256347656 39
1679841124289 45.776641845703125 40
1679841124348 42.20000076293945 41
1679841124406 38.78791427612305 42
1679841124471 35.53782272338867 43
1679841124536 32.44822311401367 44
1679841124602 29.517480850219727 45
1679841124674 26.743083953857422 46
1679841124750 24.123126983642578 47
1679841124830 21.65878677368164 48
1679841124901 19.346637725830078 49
1679841124967 17.183698654174805 50
1679841125035 15.170761108398438 51
1679841125099 13.303977966308594 52
1679841125213 11.582322120666504 53
1679841125278 10.008321762084961 54
1679841125342 8.580581665039062 55
1679841125404 7.294427394866943 56
1679841125467 6.146032810211182 57
1679841125532 5.13340425491333 58
1679841125598 4.258606433868408 59
1679841125658 3.519528388977051 60
1679841125726 2.9120194911956787 61
1679841125789 2.433652877807617 62
1679841125853 2.087069034576416 63
1679841125917 1.8699978590011597 64
1679841126030 1.7519844770431519 65
1679841126093 1.6566286087036133 66
1679841126156 1.57096266746521 67
1679841126217 1.4908994436264038 68
1679841126313 1.4147788286209106 69
1679841126402 1.3433115482330322 70
1679841126467 1.27554190158844 71
1679841126529 1.2117944955825806 72
1679841126590 1.151820421218872 73
1679841126648 1.095548152923584 74
1679841126711 1.043631672859192 75
1679841126773 0.9956561923027039 76
1679841126839 0.9512028694152832 77
1679841126907 0.9105043411254883 78
1679841126968 0.8732666373252869 79
1679841127026 0.8394163250923157 80
1679841127092 0.8086552619934082 81
1679841127153 0.7818595767021179 82
1679841127215 0.7581566572189331 83
1679841127272 0.7377339601516724 84
1679841127333 0.7200611233711243 85
1679841127392 0.7053651809692383 86
1679841127453 0.6936613917350769 87
1679841127515 0.685170590877533 88
1679841127582 0.6800060868263245 89
1679841127647 0.678009569644928 90
1679841127712 0.6778321266174316 91
1679841127773 0.6775602698326111 92
1679841127841 0.6776573657989502 93
1679841127907 0.6775163412094116 94
1679841127974 0.6775805950164795 95
1679841128038 0.6777402758598328 96
1679841128099 0.677556574344635 97
