1679789700370 0.7048958539962769 0
1679789707433 0.7045620679855347 0
1679789714433 0.7046892642974854 0
1679789721496 0.7044349312782288 0
1679789728518 0.704609751701355 0
1679789735155 0.7047528028488159 0
1679789742810 0.7050071358680725 0
1679789750240 0.7049594521522522 0
1679789757712 0.7050707340240479 0
1679789764791 0.7044190168380737 0
1679789771944 0.7050230503082275 0
1679789779007 0.7043872475624084 0
1679789785234 0.7050230503082275 0
1679789791402 0.7049117684364319 0
1679789797511 0.7050230503082275 0
