1679789700370 0.8688047528266907 0
1679789707433 0.8706844449043274 0
1679789714433 0.8688060641288757 0
1679789721496 9.072529792785645 0
1679789728518 9.127607345581055 0
1679789735155 9.147686004638672 0
1679789742810 4.885952472686768 0
1679789750240 4.889288902282715 0
1679789757712 4.886743068695068 0
1679789764791 7.359571933746338 0
1679789771944 7.383709907531738 0
1679789779007 7.415712356567383 0
1679789785234 0.8781857490539551 0
1679789791402 0.8761745691299438 0
1679789797511 0.8803059458732605 0
