1679781890800 0.7312350869178772 0
1679781890918 0.7383086681365967 1
1679781891043 0.7401685118675232 2
1679781891160 0.7400095462799072 3
1679781891272 0.7410904169082642 4
1679781891389 0.7401843667030334 5
1679781891505 0.7415673136711121 6
1679781891618 0.7432045936584473 7
1679781891731 0.7421077489852905 8
1679781891846 0.7424733638763428 9
1679781891971 0.7439199090003967 10
1679781892090 0.7430615425109863 11
1679781892203 0.7429502606391907 12
1679781892318 0.744126558303833 13
1679781892431 0.7446351647377014 14
1679781892548 0.7453504800796509 15
1679781892686 0.7457001805305481 16
1679781892804 0.7462406754493713 17
1679781892919 0.7465426921844482 18
1679781893033 0.7469877600669861 19
1679781893147 0.747448742389679 20
1679781893265 0.7470990419387817 21
1679781893378 0.7468287944793701 22
1679781893491 0.7475123405456543 23
1679781893607 0.7471784949302673 24
1679781893719 0.7467651963233948 25
1679781893838 0.746336042881012 26
1679781893952 0.747289776802063 27
1679781894066 0.7476235628128052 28
1679781894181 0.7483388781547546 29
1679781894294 0.7484342455863953 30
1679781894406 0.7479255795478821 31
1679781894521 0.748084545135498 32
1679781894635 0.7483388781547546 33
1679781894749 0.748418390750885 34
1679781894872 0.748084545135498 35
1679781894987 0.7491177916526794 36
1679781895103 0.7484660744667053 37
1679781895220 0.7486408948898315 38
1679781895338 0.7486885786056519 39
1679781895453 0.7478620409965515 40
1679781895566 0.7496423721313477 41
1679781895677 0.7482276558876038 42
1679781895789 0.7488952279090881 43
1679781895904 0.7496264576911926 44
1679781896020 0.7489905953407288 45
1679781896134 0.7494674921035767 46
1679781896246 0.7497218251228333 47
1679781896369 0.7492926120758057 48
1679781896484 0.7487680912017822 49
1679781896595 0.7479733228683472 50
1679781896708 0.7496264576911926 51
1679781896820 0.7492290735244751 52
1679781896934 0.7490382790565491 53
1679781897046 0.7487998604774475 54
1679781897165 0.7490701079368591 55
1679781897281 0.7485296726226807 56
1679781897394 0.7496105432510376 57
1679781897511 0.7495787739753723 58
1679781897635 0.7498171925544739 59
1679781897752 0.7494834065437317 60
1679781897872 0.7491337060928345 61
1679781897986 0.7499920725822449 62
1679781898102 0.7497854232788086 63
1679781898216 0.7487998604774475 64
1679781898331 0.7500079274177551 65
1679781898446 0.7502622604370117 66
1679781898560 0.750643789768219 67
1679781898673 0.7496423721313477 68
1679781898788 0.7508504390716553 69
1679781898906 0.7501510381698608 70
1679781899027 0.7498012781143188 71
1679781899147 0.7497535943984985 72
1679781899260 0.7490701079368591 73
1679781899371 0.7488316893577576 74
1679781899485 0.7501510381698608 75
1679781899601 0.7497854232788086 76
1679781899717 0.7496264576911926 77
1679781899830 0.7511683106422424 78
1679781899944 0.7497695088386536 79
1679781900059 0.7501192092895508 80
1679781900174 0.7503576278686523 81
1679781900290 0.7497218251228333 82
1679781900410 0.7504212260246277 83
1679781900534 0.7494834065437317 84
1679781900651 0.7499602437019348 85
1679781900763 0.7496264576911926 86
1679781900876 0.750643789768219 87
1679781900990 0.7504212260246277 88
1679781901101 0.7503258585929871 89
1679781901222 0.7505165934562683 90
1679781901339 0.7502304911613464 91
1679781901458 0.7510252594947815 92
1679781901580 0.7507232427597046 93
1679781901701 0.7506755590438843 94
1679781901819 0.7501668930053711 95
1679781901935 0.7508345246315002 96
1679781902048 0.7503258585929871 97
1679781902163 0.7501351237297058 98
1679781902274 0.7509775757789612 99
1679781902388 0.7501987218856812 100
1679781902500 0.7512001395225525 101
1679781902614 0.750309944152832 102
1679781902731 0.7508981227874756 103
1679781902846 0.7512637376785278 104
1679781902966 0.7498489618301392 105
1679781903089 0.7503417730331421 106
1679781903211 0.7508504390716553 107
1679781903333 0.7504212260246277 108
1679781903452 0.7508504390716553 109
1679781903571 0.7506596446037292 110
1679781903689 0.7501987218856812 111
1679781903815 0.7500079274177551 112
1679781903933 0.7503735423088074 113
1679781904050 0.7497059106826782 114
1679781904178 0.7506119608879089 115
1679781904298 0.7506914734840393 116
1679781904418 0.7508822083473206 117
1679781904533 0.7506914734840393 118
1679781904650 0.7507391571998596 119
1679781904766 0.7503894567489624 120
1679781904886 0.7510888576507568 121
1679781905006 0.7501987218856812 122
1679781905123 0.7505801916122437 123
1679781905238 0.7511047720909119 124
1679781905356 0.7515657544136047 125
1679781905472 0.750627875328064 126
1679781905587 0.7511206269264221 127
1679781905707 0.7507709264755249 128
1679781905827 0.7508981227874756 129
1679781905954 0.7502781748771667 130
1679781906070 0.7512955069541931 131
1679781906184 0.750309944152832 132
1679781906298 0.7500715255737305 133
1679781906413 0.7510570883750916 134
1679781906534 0.7505801916122437 135
1679781906646 0.7513908743858337 136
1679781906763 0.7516928911209106 137
1679781906881 0.7512955069541931 138
1679781906996 0.7512159943580627 139
1679781907111 0.750643789768219 140
1679781907226 0.7517882585525513 141
1679781907344 0.7507232427597046 142
1679781907464 0.7515021562576294 143
1679781907581 0.7507391571998596 144
1679781907701 0.7508186101913452 145
1679781907822 0.7500874400138855 146
1679781907939 0.7511206269264221 147
1679781908061 0.7513749599456787 148
1679781908184 0.7515498399734497 149
1679781908316 0.751756489276886 150
1679781908435 0.7507391571998596 151
1679781908554 0.7514544725418091 152
1679781908673 0.7510252594947815 153
1679781908795 0.751438558101654 154
1679781908915 0.7507868409156799 155
1679781909031 0.7508822083473206 156
1679781909147 0.7509934902191162 157
1679781909264 0.7517723441123962 158
1679781909383 0.7509934902191162 159
1679781909503 0.7510252594947815 160
1679781909625 0.7509458065032959 161
1679781909746 0.7511206269264221 162
1679781909867 0.7515657544136047 163
1679781909985 0.75159752368927 164
1679781910100 0.7512955069541931 165
1679781910215 0.7503258585929871 166
