1679781890800 0.7240530848503113 0
1679781890918 0.5816784501075745 1
1679781891043 0.5488097667694092 2
1679781891160 0.53957599401474 3
1679781891272 0.5340272188186646 4
1679781891389 0.5325115323066711 5
1679781891505 0.5294551849365234 6
1679781891618 0.527984619140625 7
1679781891731 0.5278829336166382 8
1679781891846 0.5264858603477478 9
1679781891971 0.5255509614944458 10
1679781892090 0.5247557163238525 11
1679781892203 0.5236567854881287 12
1679781892318 0.5231021046638489 13
1679781892431 0.5222035050392151 14
1679781892548 0.5215857028961182 15
1679781892686 0.5208730101585388 16
1679781892804 0.5200943350791931 17
1679781892919 0.5198419094085693 18
1679781893033 0.5193760395050049 19
1679781893147 0.5190251469612122 20
1679781893265 0.5186813473701477 21
1679781893378 0.5181213617324829 22
1679781893491 0.5175737738609314 23
1679781893607 0.5176088213920593 24
1679781893719 0.5175548791885376 25
1679781893838 0.5168063044548035 26
1679781893952 0.5176393389701843 27
1679781894066 0.5165035724639893 28
1679781894181 0.5161512494087219 29
1679781894294 0.51545250415802 30
1679781894406 0.5159404873847961 31
1679781894521 0.515770673751831 32
1679781894635 0.5152969360351562 33
1679781894749 0.5150177478790283 34
1679781894872 0.5149703621864319 35
1679781894987 0.5148749947547913 36
1679781895103 0.514570951461792 37
1679781895220 0.5147191286087036 38
1679781895338 0.514474630355835 39
1679781895453 0.5147405862808228 40
1679781895566 0.5139297246932983 41
1679781895677 0.5141688585281372 42
1679781895789 0.5141696333885193 43
1679781895904 0.5134696364402771 44
1679781896020 0.513531506061554 45
1679781896134 0.5138219594955444 46
1679781896246 0.5128832459449768 47
1679781896369 0.5131499171257019 48
1679781896484 0.513033926486969 49
1679781896595 0.5133042931556702 50
1679781896708 0.5131852030754089 51
1679781896820 0.5131638050079346 52
1679781896934 0.5135104060173035 53
1679781897046 0.5126066207885742 54
1679781897165 0.5124393105506897 55
1679781897281 0.5128133296966553 56
1679781897394 0.5121417045593262 57
1679781897511 0.5124055743217468 58
1679781897635 0.5119503736495972 59
1679781897752 0.5123295783996582 60
1679781897872 0.5118803381919861 61
1679781897986 0.5117174386978149 62
1679781898102 0.5117342472076416 63
1679781898216 0.5126038193702698 64
1679781898331 0.5116901993751526 65
1679781898446 0.5118818879127502 66
1679781898560 0.5115968585014343 67
1679781898673 0.5116506814956665 68
1679781898788 0.5113404393196106 69
1679781898906 0.5113978981971741 70
1679781899027 0.5116212368011475 71
1679781899147 0.511056125164032 72
1679781899260 0.5113143920898438 73
1679781899371 0.5117434859275818 74
1679781899485 0.5110543966293335 75
1679781899601 0.5107908248901367 76
1679781899717 0.5114152431488037 77
1679781899830 0.5114431977272034 78
1679781899944 0.5110102295875549 79
1679781900059 0.5107187032699585 80
1679781900174 0.5109613537788391 81
1679781900290 0.5111336708068848 82
1679781900410 0.5113126635551453 83
1679781900534 0.5114558935165405 84
1679781900651 0.5108932852745056 85
1679781900763 0.5106390714645386 86
1679781900876 0.5105211734771729 87
1679781900990 0.5104321837425232 88
1679781901101 0.5103370547294617 89
1679781901222 0.5105828046798706 90
1679781901339 0.5108022689819336 91
1679781901458 0.5100902318954468 92
1679781901580 0.5103780031204224 93
1679781901701 0.5105435252189636 94
1679781901819 0.5103529691696167 95
1679781901935 0.5102947950363159 96
1679781902048 0.5102429389953613 97
1679781902163 0.5100027322769165 98
1679781902274 0.5099547505378723 99
1679781902388 0.5099437832832336 100
1679781902500 0.5102642178535461 101
1679781902614 0.5102229714393616 102
1679781902731 0.5101451277732849 103
1679781902846 0.5100041627883911 104
1679781902966 0.5101836919784546 105
1679781903089 0.5099268555641174 106
1679781903211 0.5099850296974182 107
1679781903333 0.5099285840988159 108
1679781903452 0.5097992420196533 109
1679781903571 0.5096115469932556 110
1679781903689 0.5100042223930359 111
1679781903815 0.5100016593933105 112
1679781903933 0.5100049376487732 113
1679781904050 0.5099314451217651 114
1679781904178 0.5096035599708557 115
1679781904298 0.5096049904823303 116
1679781904418 0.5100365281105042 117
1679781904533 0.5095570683479309 118
1679781904650 0.509541928768158 119
1679781904766 0.5095689296722412 120
1679781904886 0.5097472071647644 121
1679781905006 0.5094021558761597 122
1679781905123 0.5096495747566223 123
1679781905238 0.5096285343170166 124
1679781905356 0.5096768140792847 125
1679781905472 0.5091590881347656 126
1679781905587 0.5093040466308594 127
1679781905707 0.5091536045074463 128
1679781905827 0.5092066526412964 129
1679781905954 0.5090644359588623 130
1679781906070 0.5090122222900391 131
1679781906184 0.5091969966888428 132
1679781906298 0.5094960331916809 133
1679781906413 0.5088000297546387 134
1679781906534 0.5091292858123779 135
1679781906646 0.5086840391159058 136
1679781906763 0.5088419914245605 137
1679781906881 0.5092639923095703 138
1679781906996 0.5092405676841736 139
1679781907111 0.5088912844657898 140
1679781907226 0.5089458227157593 141
1679781907344 0.508670449256897 142
1679781907464 0.508660078048706 143
1679781907581 0.5090715289115906 144
1679781907701 0.5089231729507446 145
1679781907822 0.5087614059448242 146
1679781907939 0.5085790753364563 147
1679781908061 0.5084758400917053 148
1679781908184 0.5087754130363464 149
1679781908316 0.5086271166801453 150
1679781908435 0.5089709162712097 151
1679781908554 0.5086394548416138 152
1679781908673 0.5092178583145142 153
1679781908795 0.5087442398071289 154
1679781908915 0.5086367726325989 155
1679781909031 0.5089153051376343 156
1679781909147 0.5087531805038452 157
1679781909264 0.5083192586898804 158
1679781909383 0.5083749294281006 159
1679781909503 0.5084656476974487 160
1679781909625 0.5085230469703674 161
1679781909746 0.5081665515899658 162
1679781909867 0.5095632076263428 163
1679781909985 0.5084242820739746 164
1679781910100 0.5087254047393799 165
1679781910215 0.5086698532104492 166
