1679506125775 0.7000476717948914 0
1679506125876 0.7051025032997131 1
1679506125983 0.7063264846801758 2
1679506126086 0.7309171557426453 3
1679506126186 0.7346526980400085 4
1679506126289 0.7351454496383667 5
1679506126393 0.7372118830680847 6
1679506126493 0.7379907965660095 7
1679506126596 0.7378000020980835 8
1679506126707 0.7384040951728821 9
1679506126812 0.7388650178909302 10
1679506126917 0.7386742830276489 11
1679506127024 0.7391988635063171 12
1679506127127 0.7391352653503418 13
1679506127228 0.739643931388855 14
1679506127329 0.739500880241394 15
1679506127431 0.7397075295448303 16
1679506127535 0.7399141788482666 17
1679506127636 0.7396280169487 18
1679506127740 0.7399300336837769 19
1679506127839 0.7401049137115479 20
1679506127943 0.7399300336837769 21
1679506128043 0.74043869972229 22
1679506128145 0.7401366829872131 23
1679506128245 0.7403592467308044 24
1679506128348 0.7409155964851379 25
1679506128449 0.7408202290534973 26
1679506128550 0.7405022978782654 27
1679506128651 0.7409791946411133 28
1679506128755 0.7408838272094727 29
1679506128869 0.7409791946411133 30
1679506128974 0.7407248616218567 31
1679506129080 0.7412970662117004 32
1679506129181 0.7414242625236511 33
1679506129281 0.7410745620727539 34
1679506129383 0.7416468262672424 35
1679506129484 0.7413765788078308 36
1679506129584 0.7420282959938049 37
1679506129688 0.7419329285621643 38
1679506129792 0.7417580485343933 39
1679506129895 0.7419010996818542 40
1679506129997 0.7420123815536499 41
1679506130101 0.7419329285621643 42
1679506130206 0.7421554327011108 43
1679506130307 0.7423143982887268 44
1679506130411 0.7424574494361877 45
1679506130515 0.7424415946006775 46
1679506130617 0.7425051927566528 47
1679506130720 0.7425369620323181 48
1679506130826 0.7425369620323181 49
1679506130932 0.7425687313079834 50
1679506131039 0.7426323294639587 51
1679506131144 0.742838978767395 52
1679506131247 0.743013858795166 53
1679506131352 0.7428072094917297 54
1679506131458 0.7429343461990356 55
1679506131567 0.7432363629341125 56
1679506131674 0.7433476448059082 57
1679506131778 0.7431092262268066 58
1679506131883 0.7433476448059082 59
1679506131997 0.7433158755302429 60
1679506132101 0.7434430122375488 61
1679506132207 0.7431409955024719 62
1679506132313 0.7433794140815735 63
1679506132416 0.7432681322097778 64
1679506132532 0.7432045936584473 65
1679506132661 0.7436496615409851 66
1679506132768 0.7434906959533691 67
1679506132886 0.7434589266777039 68
1679506133023 0.7433953285217285 69
1679506133185 0.7435702085494995 70
1679506133301 0.7437450289726257 71
1679506133404 0.743776798248291 72
1679506133509 0.7443331480026245 73
1679506133614 0.7439039945602417 74
1679506133718 0.7439039945602417 75
1679506133825 0.7442219257354736 76
1679506133930 0.7438244819641113 77
1679506134038 0.7442377805709839 78
1679506134147 0.7440152764320374 79
1679506134254 0.7440788149833679 80
1679506134359 0.744126558303833 81
1679506134460 0.7443172931671143 82
1679506134568 0.7443490624427795 83
1679506134673 0.7446510791778564 84
1679506134777 0.7443967461585999 85
1679506134881 0.7448418140411377 86
1679506134990 0.7446193099021912 87
1679506135096 0.7444762587547302 88
1679506135200 0.7445080280303955 89
1679506135303 0.7445874810218811 90
1679506135411 0.7446351647377014 91
1679506135516 0.7448100447654724 92
1679506135619 0.7451597452163696 93
1679506135722 0.7445239424705505 94
1679506135826 0.745080292224884 95
1679506135936 0.7448736429214478 96
1679506136038 0.745080292224884 97
1679506136145 0.7451279759407043 98
1679506136249 0.745223343372345 99
