1679506125775 0.6442930102348328 0
1679506125876 0.5980144143104553 1
1679506125983 0.5717278122901917 2
1679506126086 0.552893877029419 3
1679506126186 0.5404433608055115 4
1679506126289 0.5328690409660339 5
1679506126393 0.5285799503326416 6
1679506126493 0.5262737274169922 7
1679506126596 0.5250274538993835 8
1679506126707 0.524202287197113 9
1679506126812 0.5236821174621582 10
1679506126917 0.52325040102005 11
1679506127024 0.5228917002677917 12
1679506127127 0.5225931406021118 13
1679506127228 0.5223296880722046 14
1679506127329 0.5221213698387146 15
1679506127431 0.5218877792358398 16
1679506127535 0.5216842889785767 17
1679506127636 0.521461009979248 18
1679506127740 0.5212839245796204 19
1679506127839 0.521091639995575 20
1679506127943 0.5209333300590515 21
1679506128043 0.5207680463790894 22
1679506128145 0.5206114053726196 23
1679506128245 0.5204520225524902 24
1679506128348 0.520317554473877 25
1679506128449 0.5201547145843506 26
1679506128550 0.5200536251068115 27
1679506128651 0.5199269652366638 28
1679506128755 0.5197769999504089 29
1679506128869 0.5196236371994019 30
1679506128974 0.5195525288581848 31
1679506129080 0.5194342136383057 32
1679506129181 0.5193105936050415 33
1679506129281 0.5192322134971619 34
1679506129383 0.519118070602417 35
1679506129484 0.5190100073814392 36
1679506129584 0.5189072489738464 37
1679506129688 0.5188007950782776 38
1679506129792 0.5187215805053711 39
1679506129895 0.518684446811676 40
1679506129997 0.5185654759407043 41
1679506130101 0.5184993147850037 42
1679506130206 0.518390417098999 43
1679506130307 0.5183171033859253 44
1679506130411 0.5182380676269531 45
1679506130515 0.5181883573532104 46
1679506130617 0.5180432200431824 47
1679506130720 0.518013596534729 48
1679506130826 0.5179491639137268 49
1679506130932 0.5178407430648804 50
1679506131039 0.5177972316741943 51
1679506131144 0.5177043676376343 52
1679506131247 0.5176709890365601 53
1679506131352 0.5176147222518921 54
1679506131458 0.5175166130065918 55
1679506131567 0.5174885392189026 56
1679506131674 0.5173915028572083 57
1679506131778 0.5173047780990601 58
1679506131883 0.5172751545906067 59
1679506131997 0.51720130443573 60
1679506132101 0.5171405076980591 61
1679506132207 0.5170392990112305 62
1679506132313 0.5170355439186096 63
1679506132416 0.5169291496276855 64
1679506132532 0.5168672204017639 65
1679506132661 0.5168189406394958 66
1679506132768 0.5167516469955444 67
1679506132886 0.5166923999786377 68
1679506133023 0.5166069865226746 69
1679506133185 0.5165683627128601 70
1679506133301 0.5165161490440369 71
1679506133404 0.5164515376091003 72
1679506133509 0.5163936614990234 73
1679506133614 0.5163492560386658 74
1679506133718 0.516278088092804 75
1679506133825 0.5162361860275269 76
1679506133930 0.5161852836608887 77
1679506134038 0.5161066651344299 78
1679506134147 0.5160462856292725 79
1679506134254 0.5159934759140015 80
1679506134359 0.5159602761268616 81
1679506134460 0.5159011483192444 82
1679506134568 0.5158168077468872 83
1679506134673 0.5158043503761292 84
1679506134777 0.5157384276390076 85
1679506134881 0.5156463384628296 86
1679506134990 0.5156453251838684 87
1679506135096 0.5155478119850159 88
1679506135200 0.5155152678489685 89
1679506135303 0.515460729598999 90
1679506135411 0.5153789520263672 91
1679506135516 0.515342116355896 92
1679506135619 0.5153026580810547 93
1679506135722 0.5152451992034912 94
1679506135826 0.5151861310005188 95
1679506135936 0.5150973796844482 96
1679506136038 0.5150653719902039 97
1679506136145 0.5150308012962341 98
1679506136249 0.5149763226509094 99
