1679511594469 0.6904784440994263 0
1679511594578 0.7051025032997131 1
1679511594687 0.7067238688468933 2
1679511594797 0.7305356860160828 3
1679511594906 0.7349547147750854 4
1679511595010 0.7360355854034424 5
1679511595116 0.7375298142433167 6
1679511595230 0.7376728653907776 7
1679511595342 0.7380384802818298 8
1679511595451 0.7384676337242126 9
1679511595564 0.7386425137519836 10
1679511595671 0.7384994626045227 11
1679511595781 0.739326000213623 12
1679511595896 0.7390239834785461 13
1679511596009 0.7392147779464722 14
1679511596117 0.7392624616622925 15
1679511596228 0.7398346662521362 16
1679511596344 0.7394213676452637 17
1679511596450 0.7399141788482666 18
1679511596563 0.7401525974273682 19
1679511596676 0.7400889992713928 20
1679511596787 0.7399936318397522 21
1679511596907 0.7401685118675232 22
1679511597013 0.739818811416626 23
1679511597123 0.7404705286026001 24
1679511597235 0.7404546141624451 25
1679511597356 0.7400572299957275 26
1679511597464 0.740597665309906 27
1679511597574 0.7413924932479858 28
1679511597681 0.7408043146133423 29
1679511597791 0.740756630897522 30
1679511597898 0.7407089471817017 31
1679511598007 0.7411222457885742 32
1679511598124 0.7412812113761902 33
1679511598241 0.7412493824958801 34
1679511598354 0.7415832281112671 35
1679511598460 0.7412812113761902 36
1679511598570 0.7413447499275208 37
1679511598686 0.7418216466903687 38
1679511598792 0.7414560317993164 39
1679511598903 0.7417421936988831 40
1679511599008 0.7419965267181396 41
1679511599123 0.7414878606796265 42
1679511599228 0.7418534159660339 43
1679511599347 0.74204421043396 44
1679511599459 0.7425051927566528 45
1679511599563 0.7421872615814209 46
1679511599671 0.7426323294639587 47
1679511599777 0.7422508597373962 48
1679511599886 0.7421554327011108 49
1679511599992 0.7422508597373962 50
1679511600097 0.7427436113357544 51
1679511600203 0.7428866624832153 52
1679511600308 0.742982029914856 53
1679511600412 0.7427753806114197 54
1679511600519 0.7430456280708313 55
1679511600627 0.7427595257759094 56
1679511600734 0.7429661154747009 57
1679511600839 0.742997944355011 58
1679511600945 0.7431727647781372 59
1679511601055 0.7428707480430603 60
1679511601170 0.743156909942627 61
1679511601276 0.7430456280708313 62
1679511601387 0.7435066103935242 63
1679511601494 0.7434430122375488 64
1679511601609 0.7434112429618835 65
1679511601715 0.7438880801200867 66
1679511601823 0.7434270977973938 67
1679511601929 0.7433317303657532 68
1679511602037 0.7434747815132141 69
1679511602144 0.7432840466499329 70
1679511602252 0.7435066103935242 71
1679511602358 0.7442060112953186 72
1679511602472 0.7438880801200867 73
1679511602581 0.7441424131393433 74
1679511602691 0.7439039945602417 75
1679511602799 0.7438880801200867 76
1679511602917 0.7442060112953186 77
1679511603028 0.7437609434127808 78
1679511603137 0.744110643863678 79
1679511603247 0.7438880801200867 80
1679511603360 0.7443967461585999 81
1679511603468 0.7444762587547302 82
1679511603575 0.7443967461585999 83
1679511603687 0.7439993619918823 84
1679511603798 0.7443172931671143 85
1679511603913 0.744126558303833 86
1679511604018 0.7440470457077026 87
1679511604125 0.7442536950111389 88
1679511604232 0.7440629601478577 89
1679511604341 0.7445716261863708 90
1679511604449 0.7447146773338318 91
1679511604559 0.7446987628936768 92
1679511604664 0.7447146773338318 93
1679511604771 0.744905412197113 94
1679511604877 0.7444762587547302 95
1679511604981 0.7448259592056274 96
1679511605090 0.7445239424705505 97
1679511605196 0.7450007796287537 98
1679511605304 0.7450326085090637 99
1679511605411 0.7450326085090637 100
1679511605518 0.7448418140411377 101
1679511605622 0.7452392578125 102
1679511605727 0.745223343372345 103
1679511605836 0.7454458475112915 104
1679511605944 0.7453663945198059 105
1679511606051 0.7451438307762146 106
1679511606160 0.745080292224884 107
1679511606268 0.7453187108039856 108
1679511606408 0.7453823089599609 109
1679511606515 0.7455253601074219 110
1679511606638 0.7454935908317566 111
1679511606748 0.7451120615005493 112
1679511606859 0.7455730438232422 113
1679511606971 0.7455253601074219 114
1679511607084 0.7454617619514465 115
1679511607196 0.7453346252441406 116
1679511607306 0.7454776763916016 117
1679511607415 0.7453981637954712 118
1679511607527 0.7457160949707031 119
1679511607638 0.7453346252441406 120
1679511607747 0.7459545135498047 121
1679511607857 0.7458114624023438 122
1679511607968 0.7457796931266785 123
1679511608078 0.7457001805305481 124
1679511608186 0.7460976243019104 125
1679511608292 0.7460817098617554 126
1679511608401 0.7459227442741394 127
1679511608509 0.7462088465690613 128
1679511608618 0.7460340261459351 129
1679511608726 0.7466857433319092 130
1679511608838 0.7460340261459351 131
1679511608942 0.7467651963233948 132
1679511609050 0.7457001805305481 133
1679511609159 0.7463042736053467 134
1679511609269 0.7463042736053467 135
1679511609376 0.7463837265968323 136
1679511609494 0.7460817098617554 137
1679511609602 0.7464631795883179 138
1679511609708 0.7464473247528076 139
1679511609815 0.7460340261459351 140
1679511609925 0.7467175126075745 141
1679511610039 0.7465267777442932 142
1679511610172 0.7469083070755005 143
1679511610278 0.746351957321167 144
1679511610390 0.7469083070755005 145
1679511610497 0.7466062903404236 146
1679511610603 0.7466380596160889 147
1679511610709 0.7466857433319092 148
1679511610812 0.7469877600669861 149
1679511610918 0.7467175126075745 150
1679511611023 0.7472261786460876 151
1679511611128 0.7469083070755005 152
1679511611237 0.7463996410369873 153
1679511611342 0.7468764781951904 154
1679511611446 0.7471944093704224 155
1679511611561 0.7468447089195251 156
1679511611665 0.7468606233596802 157
1679511611775 0.7467811107635498 158
1679511611882 0.7472420930862427 159
1679511611993 0.7465744614601135 160
1679511612099 0.747130811214447 161
1679511612206 0.7472580075263977 162
1679511612312 0.7471784949302673 163
1679511612413 0.7469877600669861 164
1679511612516 0.7474805116653442 165
1679511612624 0.747305691242218 166
1679511612727 0.7476871609687805 167
1679511612835 0.7475123405456543 168
1679511612939 0.747273862361908 169
1679511613051 0.7473215460777283 170
1679511613162 0.7478620409965515 171
1679511613270 0.7474328279495239 172
1679511613375 0.7473851442337036 173
1679511613482 0.7478302121162415 174
1679511613595 0.7476871609687805 175
1679511613698 0.7475123405456543 176
1679511613808 0.7479414939880371 177
1679511613912 0.7478461265563965 178
1679511614019 0.7479891777038574 179
1679511614123 0.7478938102722168 180
1679511614226 0.7477825284004211 181
1679511614330 0.7479255795478821 182
1679511614433 0.7479097247123718 183
1679511614542 0.7480050921440125 184
1679511614646 0.7480686902999878 185
1679511614752 0.7481322288513184 186
1679511614857 0.7482753396034241 187
1679511614970 0.748259425163269 188
1679511615076 0.7478620409965515 189
1679511615182 0.7482911944389343 190
1679511615288 0.7485296726226807 191
1679511615396 0.7484660744667053 192
1679511615503 0.748386561870575 193
1679511615613 0.7487044930458069 194
1679511615719 0.748259425163269 195
1679511615823 0.7483707070350647 196
1679511615937 0.7488793730735779 197
1679511616044 0.7481481432914734 198
1679511616154 0.7485455274581909 199
1679511616260 0.7481163740158081 200
1679511616367 0.74840247631073 201
1679511616474 0.7484978437423706 202
1679511616578 0.7484978437423706 203
1679511616688 0.7484819293022156 204
1679511616796 0.7487998604774475 205
1679511616907 0.74840247631073 206
1679511617013 0.7484819293022156 207
1679511617120 0.7482276558876038 208
1679511617227 0.7487840056419373 209
1679511617340 0.7484501600265503 210
1679511617445 0.7490065097808838 211
1679511617555 0.7486568093299866 212
1679511617665 0.7485296726226807 213
1679511617773 0.748577356338501 214
1679511617877 0.7487998604774475 215
1679511617984 0.7486568093299866 216
1679511618091 0.7488316893577576 217
1679511618198 0.7486727237701416 218
1679511618310 0.7487840056419373 219
1679511618418 0.7490382790565491 220
1679511618525 0.7486568093299866 221
1679511618630 0.7486091256141663 222
1679511618737 0.7491177916526794 223
1679511618843 0.7488952279090881 224
1679511618950 0.7491177916526794 225
1679511619054 0.7486885786056519 226
1679511619160 0.7486568093299866 227
1679511619267 0.7489905953407288 228
1679511619374 0.7491813898086548 229
1679511619477 0.7492926120758057 230
1679511619582 0.7488634586334229 231
1679511619701 0.7496423721313477 232
1679511619805 0.7490701079368591 233
1679511619911 0.7493403553962708 234
1679511620020 0.748561441898346 235
1679511620125 0.7492608428001404 236
1679511620231 0.749356210231781 237
1679511620337 0.7487044930458069 238
1679511620444 0.7488157749176025 239
1679511620551 0.7488157749176025 240
1679511620665 0.7494515776634216 241
1679511620772 0.749197244644165 242
1679511620883 0.7491654753684998 243
1679511620992 0.7492767572402954 244
1679511621098 0.7493085265159607 245
1679511621204 0.7492449283599854 246
1679511621308 0.7494198083877563 247
1679511621445 0.7496264576911926 248
1679511621559 0.7490382790565491 249
1679511621668 0.7492767572402954 250
1679511621777 0.7493244409561157 251
1679511621882 0.7492926120758057 252
1679511621988 0.7487044930458069 253
1679511622097 0.7492131590843201 254
1679511622204 0.7494834065437317 255
1679511622309 0.7486568093299866 256
1679511622414 0.7495469450950623 257
1679511622520 0.7492449283599854 258
1679511622624 0.7493403553962708 259
1679511622731 0.7493085265159607 260
1679511622844 0.7489747405052185 261
1679511622953 0.7490382790565491 262
1679511623062 0.749356210231781 263
1679511623172 0.7491654753684998 264
1679511623283 0.7493085265159607 265
1679511623392 0.7492290735244751 266
1679511623499 0.7495787739753723 267
1679511623604 0.7492290735244751 268
1679511623709 0.7490701079368591 269
1679511623819 0.7490701079368591 270
1679511623926 0.7491495609283447 271
1679511624031 0.7489429116249084 272
1679511624138 0.7495787739753723 273
1679511624245 0.7492449283599854 274
1679511624350 0.7496741414070129 275
1679511624459 0.7494038939476013 276
1679511624565 0.7490224242210388 277
1679511624673 0.7490701079368591 278
1679511624778 0.7491654753684998 279
1679511624891 0.7494038939476013 280
1679511624997 0.7494357228279114 281
1679511625102 0.749197244644165 282
1679511625207 0.7490065097808838 283
1679511625315 0.7491018772125244 284
1679511625421 0.7496423721313477 285
1679511625529 0.7491337060928345 286
1679511625640 0.7493085265159607 287
1679511625747 0.7487044930458069 288
1679511625857 0.7497854232788086 289
1679511625962 0.7493085265159607 290
1679511626068 0.7494198083877563 291
1679511626173 0.7494038939476013 292
1679511626282 0.7492608428001404 293
1679511626390 0.7490541934967041 294
1679511626494 0.7492608428001404 295
1679511626602 0.7490701079368591 296
1679511626714 0.7491337060928345 297
1679511626822 0.7491813898086548 298
1679511626936 0.7491813898086548 299
1679511627044 0.7496105432510376 300
1679511627152 0.749372124671936 301
1679511627257 0.7497059106826782 302
1679511627363 0.7493880391120911 303
1679511627470 0.7491177916526794 304
1679511627575 0.7494198083877563 305
1679511627680 0.7493244409561157 306
1679511627789 0.7494834065437317 307
1679511627903 0.7497059106826782 308
1679511628008 0.7493085265159607 309
1679511628117 0.7493244409561157 310
1679511628225 0.7495628595352173 311
1679511628329 0.7492449283599854 312
1679511628435 0.7491337060928345 313
1679511628545 0.7495946884155273 314
1679511628652 0.7490382790565491 315
1679511628760 0.7492290735244751 316
1679511628870 0.7491654753684998 317
1679511628980 0.749531090259552 318
1679511629088 0.7499443888664246 319
1679511629194 0.749356210231781 320
1679511629303 0.7493085265159607 321
1679511629409 0.7498967051506042 322
1679511629515 0.749515175819397 323
1679511629622 0.7494198083877563 324
1679511629730 0.7497695088386536 325
1679511629840 0.7492131590843201 326
1679511629945 0.749515175819397 327
1679511630054 0.749515175819397 328
1679511630158 0.7496741414070129 329
1679511630265 0.7496423721313477 330
1679511630368 0.7497695088386536 331
1679511630472 0.7497695088386536 332
1679511630582 0.7491177916526794 333
1679511630691 0.7500556111335754 334
1679511630798 0.7495628595352173 335
1679511630905 0.7498171925544739 336
1679511631012 0.7497695088386536 337
1679511631123 0.7494515776634216 338
1679511631230 0.749372124671936 339
1679511631338 0.7496423721313477 340
1679511631442 0.7493880391120911 341
1679511631548 0.7494198083877563 342
1679511631654 0.7495469450950623 343
1679511631758 0.7498331069946289 344
1679511631870 0.7497218251228333 345
1679511631974 0.7498012781143188 346
1679511632082 0.7497377395629883 347
1679511632190 0.749515175819397 348
1679511632297 0.7497854232788086 349
1679511632406 0.7498489618301392 350
1679511632519 0.7499284744262695 351
1679511632624 0.7495469450950623 352
1679511632728 0.7491018772125244 353
1679511632836 0.7502145767211914 354
1679511632940 0.7501192092895508 355
1679511633045 0.7501987218856812 356
1679511633156 0.749197244644165 357
1679511633260 0.7498489618301392 358
1679511633371 0.7500715255737305 359
1679511633475 0.7498331069946289 360
1679511633580 0.7494674921035767 361
1679511633686 0.7501032948493958 362
1679511633796 0.7496423721313477 363
1679511633911 0.7498489618301392 364
1679511634020 0.7501192092895508 365
1679511634130 0.7498331069946289 366
1679511634259 0.7498807907104492 367
1679511634371 0.749690055847168 368
1679511634480 0.7494992613792419 369
1679511634590 0.7494038939476013 370
1679511634698 0.7498331069946289 371
1679511634807 0.749531090259552 372
1679511634914 0.7494198083877563 373
1679511635023 0.7499920725822449 374
1679511635131 0.7498171925544739 375
1679511635245 0.7497218251228333 376
1679511635354 0.7496741414070129 377
1679511635464 0.7500079274177551 378
1679511635570 0.7498807907104492 379
1679511635679 0.7496105432510376 380
1679511635788 0.7497377395629883 381
1679511635904 0.7500715255737305 382
1679511636014 0.7494992613792419 383
1679511636122 0.7496582269668579 384
1679511636231 0.7500238418579102 385
1679511636343 0.7493403553962708 386
1679511636456 0.7498967051506042 387
1679511636565 0.7503258585929871 388
1679511636679 0.7496264576911926 389
1679511636789 0.7500397562980652 390
1679511636902 0.7497218251228333 391
1679511637007 0.7496423721313477 392
1679511637116 0.749531090259552 393
1679511637226 0.7500715255737305 394
1679511637336 0.7498967051506042 395
1679511637449 0.7496105432510376 396
1679511637554 0.7503576278686523 397
1679511637660 0.7500079274177551 398
1679511637767 0.7500397562980652 399
1679511637876 0.7494515776634216 400
1679511637989 0.7502781748771667 401
1679511638098 0.7501032948493958 402
1679511638218 0.7501351237297058 403
1679511638328 0.7502464056015015 404
1679511638442 0.7497854232788086 405
1679511638557 0.7501192092895508 406
1679511638662 0.749372124671936 407
1679511638773 0.7501032948493958 408
1679511638880 0.7503417730331421 409
1679511639008 0.7500715255737305 410
1679511639123 0.7499920725822449 411
1679511639233 0.7500238418579102 412
1679511639341 0.7496582269668579 413
1679511639448 0.7498967051506042 414
1679511639554 0.7501668930053711 415
1679511639660 0.7499761581420898 416
1679511639770 0.7502622604370117 417
1679511639877 0.7501828074455261 418
1679511639988 0.7499761581420898 419
1679511640103 0.7500397562980652 420
1679511640210 0.7496582269668579 421
1679511640317 0.7502464056015015 422
1679511640423 0.7501828074455261 423
1679511640538 0.7497535943984985 424
1679511640645 0.750468909740448 425
1679511640754 0.7496423721313477 426
1679511640863 0.7504053115844727 427
1679511640970 0.7502304911613464 428
1679511641075 0.7497535943984985 429
1679511641185 0.7501828074455261 430
1679511641292 0.7499761581420898 431
1679511641400 0.7504371404647827 432
1679511641505 0.7503894567489624 433
1679511641611 0.7506914734840393 434
1679511641723 0.7501351237297058 435
1679511641828 0.7508822083473206 436
1679511641937 0.7498489618301392 437
1679511642064 0.7499602437019348 438
1679511642171 0.7506119608879089 439
1679511642278 0.7500874400138855 440
1679511642385 0.7502304911613464 441
1679511642492 0.7504530549049377 442
1679511642598 0.7502145767211914 443
1679511642704 0.7502145767211914 444
1679511642812 0.7501192092895508 445
1679511642919 0.7499602437019348 446
1679511643024 0.750468909740448 447
1679511643139 0.7501032948493958 448
1679511643253 0.7505165934562683 449
1679511643359 0.7502304911613464 450
1679511643477 0.7500238418579102 451
1679511643585 0.7505642771720886 452
1679511643693 0.7504053115844727 453
1679511643801 0.7502622604370117 454
1679511643908 0.7499920725822449 455
1679511644018 0.7503735423088074 456
1679511644128 0.7503735423088074 457
1679511644241 0.7507868409156799 458
1679511644350 0.7502940893173218 459
1679511644459 0.7499602437019348 460
1679511644565 0.7501510381698608 461
1679511644674 0.750484824180603 462
1679511644782 0.7502304911613464 463
1679511644889 0.7500874400138855 464
1679511645006 0.7507232427597046 465
1679511645120 0.7503417730331421 466
1679511645226 0.7502464056015015 467
1679511645333 0.7504212260246277 468
1679511645439 0.7503258585929871 469
1679511645549 0.7501032948493958 470
1679511645658 0.7499125599861145 471
1679511645769 0.7505007386207581 472
1679511645880 0.7500397562980652 473
1679511645989 0.7503258585929871 474
1679511646096 0.7498967051506042 475
1679511646206 0.7501032948493958 476
1679511646314 0.7499284744262695 477
1679511646427 0.7501987218856812 478
1679511646534 0.7502781748771667 479
1679511646645 0.7502304911613464 480
1679511646750 0.7509139776229858 481
1679511646857 0.750484824180603 482
1679511646963 0.7500715255737305 483
1679511647070 0.7505961060523987 484
1679511647179 0.750468909740448 485
1679511647292 0.7503735423088074 486
1679511647401 0.7502622604370117 487
1679511647510 0.7504053115844727 488
1679511647619 0.750468909740448 489
1679511647724 0.7506119608879089 490
1679511647830 0.7503258585929871 491
1679511647952 0.7503258585929871 492
1679511648061 0.750643789768219 493
1679511648173 0.750643789768219 494
1679511648282 0.7503576278686523 495
1679511648391 0.7504530549049377 496
1679511648502 0.7501032948493958 497
1679511648610 0.7502304911613464 498
1679511648718 0.7505484223365784 499
1679511648826 0.7503576278686523 500
1679511648934 0.7502622604370117 501
1679511649044 0.7501828074455261 502
1679511649158 0.7508345246315002 503
1679511649271 0.7501668930053711 504
1679511649376 0.7504371404647827 505
1679511649483 0.7504371404647827 506
1679511649588 0.7505325078964233 507
1679511649701 0.7501510381698608 508
1679511649809 0.7502781748771667 509
1679511649917 0.7504212260246277 510
1679511650022 0.750484824180603 511
1679511650127 0.7508662939071655 512
1679511650234 0.7507391571998596 513
1679511650342 0.7507073879241943 514
1679511650448 0.750468909740448 515
1679511650572 0.7503258585929871 516
1679511650679 0.7509139776229858 517
1679511650790 0.7506755590438843 518
1679511650901 0.7507868409156799 519
1679511651009 0.750627875328064 520
1679511651114 0.750309944152832 521
1679511651221 0.7505961060523987 522
1679511651334 0.750627875328064 523
1679511651442 0.7507868409156799 524
1679511651550 0.7505642771720886 525
1679511651658 0.7502145767211914 526
1679511651763 0.7508186101913452 527
1679511651870 0.750309944152832 528
1679511651984 0.7506914734840393 529
1679511652094 0.7504212260246277 530
1679511652200 0.7504053115844727 531
1679511652308 0.7503894567489624 532
1679511652417 0.7505165934562683 533
1679511652523 0.7502781748771667 534
1679511652636 0.750643789768219 535
1679511652748 0.7506119608879089 536
1679511652854 0.7505961060523987 537
1679511652962 0.7507868409156799 538
1679511653070 0.7506914734840393 539
1679511653186 0.7502145767211914 540
1679511653293 0.7504212260246277 541
1679511653402 0.750468909740448 542
1679511653513 0.7505642771720886 543
1679511653621 0.7502145767211914 544
1679511653727 0.7506596446037292 545
1679511653838 0.7505801916122437 546
1679511653945 0.7503576278686523 547
1679511654054 0.7508504390716553 548
1679511654162 0.7506596446037292 549
1679511654276 0.7507073879241943 550
1679511654389 0.7504212260246277 551
1679511654497 0.7508504390716553 552
1679511654607 0.7505007386207581 553
1679511654718 0.7505642771720886 554
1679511654826 0.7504371404647827 555
1679511654941 0.7506755590438843 556
1679511655055 0.7507868409156799 557
1679511655162 0.7507232427597046 558
1679511655275 0.7505325078964233 559
1679511655383 0.7507073879241943 560
1679511655493 0.7507073879241943 561
1679511655608 0.7507709264755249 562
1679511655722 0.750802755355835 563
1679511655828 0.7502940893173218 564
1679511655939 0.7507073879241943 565
1679511656047 0.7505801916122437 566
1679511656155 0.750309944152832 567
1679511656267 0.7507232427597046 568
1679511656378 0.7506914734840393 569
1679511656485 0.7505801916122437 570
1679511656598 0.7514067888259888 571
1679511656708 0.7505325078964233 572
1679511656815 0.7509298920631409 573
1679511656936 0.750643789768219 574
1679511657053 0.7502622604370117 575
1679511657157 0.7505325078964233 576
1679511657264 0.7507073879241943 577
1679511657372 0.750802755355835 578
1679511657479 0.7508662939071655 579
1679511657585 0.7511047720909119 580
1679511657696 0.7509298920631409 581
1679511657803 0.7511206269264221 582
1679511657906 0.7506119608879089 583
1679511658014 0.7509617209434509 584
1679511658125 0.7509458065032959 585
1679511658238 0.7509458065032959 586
1679511658352 0.7508186101913452 587
1679511658461 0.750802755355835 588
1679511658571 0.7506119608879089 589
1679511658681 0.7509458065032959 590
1679511658793 0.7505961060523987 591
1679511658902 0.7507709264755249 592
1679511659012 0.7507709264755249 593
1679511659125 0.7506596446037292 594
1679511659232 0.7507232427597046 595
1679511659345 0.7505961060523987 596
1679511659458 0.7505961060523987 597
1679511659569 0.7507709264755249 598
1679511659675 0.7506914734840393 599
1679511659790 0.7510094046592712 600
1679511659901 0.7509458065032959 601
1679511660015 0.7512637376785278 602
1679511660122 0.7509458065032959 603
1679511660231 0.7510411739349365 604
1679511660339 0.7515180706977844 605
1679511660460 0.7505165934562683 606
1679511660569 0.7505961060523987 607
1679511660674 0.7509458065032959 608
1679511660784 0.7508345246315002 609
1679511660895 0.7508345246315002 610
1679511661008 0.750802755355835 611
1679511661124 0.7507868409156799 612
1679511661233 0.7507709264755249 613
1679511661343 0.7508345246315002 614
1679511661453 0.7509458065032959 615
1679511661559 0.7511206269264221 616
1679511661668 0.7510570883750916 617
1679511661777 0.7510411739349365 618
1679511661887 0.7510411739349365 619
1679511661999 0.7509934902191162 620
1679511662106 0.7509139776229858 621
1679511662213 0.7511365413665771 622
1679511662321 0.7509458065032959 623
1679511662436 0.7511206269264221 624
1679511662545 0.7511206269264221 625
1679511662659 0.7508186101913452 626
1679511662773 0.7509458065032959 627
1679511662881 0.7510411739349365 628
1679511662991 0.7511524558067322 629
1679511663111 0.7511047720909119 630
1679511663230 0.7515339255332947 631
1679511663341 0.7507868409156799 632
1679511663454 0.7508822083473206 633
1679511663564 0.7509617209434509 634
1679511663678 0.7511206269264221 635
1679511663798 0.7505642771720886 636
1679511663912 0.7511842250823975 637
1679511664024 0.7510252594947815 638
1679511664141 0.7509934902191162 639
1679511664249 0.7509775757789612 640
1679511664362 0.7515498399734497 641
1679511664477 0.7511842250823975 642
1679511664588 0.7512795925140381 643
1679511664702 0.7507232427597046 644
1679511664812 0.7509617209434509 645
1679511664922 0.7509458065032959 646
1679511665030 0.7508345246315002 647
1679511665139 0.7505484223365784 648
1679511665254 0.7513114213943481 649
1679511665362 0.7508186101913452 650
1679511665472 0.7509458065032959 651
1679511665584 0.7508186101913452 652
1679511665694 0.7509298920631409 653
1679511665803 0.7506119608879089 654
1679511665910 0.7512478232383728 655
1679511666017 0.7512319087982178 656
1679511666125 0.7511683106422424 657
1679511666235 0.7509298920631409 658
1679511666346 0.751438558101654 659
1679511666464 0.7512001395225525 660
1679511666573 0.750802755355835 661
1679511666681 0.7512795925140381 662
1679511666789 0.7507550716400146 663
1679511666897 0.7513908743858337 664
1679511667005 0.7507868409156799 665
1679511667116 0.7509298920631409 666
1679511667223 0.7508981227874756 667
1679511667330 0.7509458065032959 668
1679511667444 0.7510570883750916 669
1679511667553 0.7516292929649353 670
1679511667662 0.7508822083473206 671
1679511667772 0.7514544725418091 672
1679511667879 0.7514862418174744 673
1679511667984 0.7509934902191162 674
1679511668092 0.7511206269264221 675
1679511668198 0.7512319087982178 676
1679511668306 0.7509298920631409 677
1679511668412 0.7509139776229858 678
1679511668528 0.7510094046592712 679
1679511668639 0.7510094046592712 680
1679511668747 0.75159752368927 681
1679511668856 0.7511047720909119 682
1679511668959 0.7510888576507568 683
1679511669066 0.7513749599456787 684
1679511669172 0.7509775757789612 685
1679511669288 0.7513272762298584 686
1679511669393 0.7508662939071655 687
1679511669500 0.7508981227874756 688
1679511669608 0.7512001395225525 689
1679511669719 0.7511206269264221 690
1679511669829 0.7512955069541931 691
1679511669937 0.7512319087982178 692
1679511670046 0.7508186101913452 693
1679511670153 0.7513431906700134 694
1679511670258 0.7511206269264221 695
1679511670363 0.7509298920631409 696
1679511670473 0.7509775757789612 697
1679511670581 0.7510570883750916 698
1679511670695 0.750802755355835 699
1679511670803 0.7512319087982178 700
1679511670910 0.7512001395225525 701
1679511671022 0.7511206269264221 702
1679511671128 0.7510252594947815 703
1679511671232 0.7512795925140381 704
1679511671340 0.7509617209434509 705
1679511671450 0.7515657544136047 706
1679511671558 0.7513431906700134 707
1679511671667 0.7509139776229858 708
1679511671777 0.7513272762298584 709
1679511671884 0.7510252594947815 710
1679511671991 0.7514703273773193 711
1679511672098 0.7509934902191162 712
1679511672214 0.7508822083473206 713
1679511672322 0.7511524558067322 714
1679511672430 0.7510094046592712 715
1679511672537 0.7509298920631409 716
1679511672650 0.751613438129425 717
1679511672760 0.7509775757789612 718
1679511672874 0.7512478232383728 719
1679511672979 0.7508822083473206 720
1679511673086 0.7514067888259888 721
1679511673192 0.7509139776229858 722
1679511673303 0.7508981227874756 723
1679511673409 0.7507550716400146 724
1679511673517 0.7510888576507568 725
1679511673626 0.7510252594947815 726
1679511673739 0.7510094046592712 727
1679511673864 0.7512478232383728 728
1679511673971 0.751613438129425 729
1679511674077 0.7507709264755249 730
1679511674186 0.7511842250823975 731
1679511674293 0.7511524558067322 732
1679511674406 0.7512637376785278 733
1679511674510 0.7513272762298584 734
1679511674621 0.7507391571998596 735
1679511674727 0.7513272762298584 736
1679511674835 0.7510729432106018 737
1679511674957 0.7511683106422424 738
1679511675062 0.7510729432106018 739
1679511675172 0.7512159943580627 740
1679511675282 0.7518995404243469 741
1679511675389 0.7510094046592712 742
1679511675498 0.7511047720909119 743
1679511675603 0.751422643661499 744
1679511675710 0.7510570883750916 745
1679511675816 0.7513908743858337 746
1679511675921 0.7513431906700134 747
1679511676039 0.7512159943580627 748
1679511676147 0.7510094046592712 749
1679511676255 0.7514862418174744 750
1679511676359 0.7518995404243469 751
1679511676467 0.7513272762298584 752
1679511676580 0.751613438129425 753
1679511676691 0.7516452074050903 754
1679511676800 0.7516928911209106 755
1679511676905 0.7512795925140381 756
1679511677019 0.7510252594947815 757
1679511677129 0.7511842250823975 758
1679511677237 0.7511842250823975 759
1679511677347 0.7515657544136047 760
1679511677454 0.7517088055610657 761
1679511677560 0.7510094046592712 762
1679511677674 0.7513591051101685 763
1679511677781 0.7514862418174744 764
1679511677888 0.7508822083473206 765
1679511678008 0.7516452074050903 766
1679511678113 0.751613438129425 767
1679511678223 0.7514703273773193 768
1679511678334 0.7516769766807556 769
1679511678440 0.751581609249115 770
1679511678545 0.7515657544136047 771
1679511678654 0.7512637376785278 772
1679511678771 0.7513272762298584 773
1679511678877 0.751740574836731 774
1679511678991 0.7516611218452454 775
1679511679098 0.7513431906700134 776
1679511679205 0.7514067888259888 777
1679511679330 0.7513272762298584 778
1679511679446 0.7511842250823975 779
1679511679554 0.7512795925140381 780
1679511679666 0.7512478232383728 781
1679511679775 0.7511842250823975 782
1679511679893 0.7513591051101685 783
1679511680008 0.7515021562576294 784
1679511680118 0.7513908743858337 785
1679511680228 0.7513591051101685 786
1679511680338 0.7511683106422424 787
1679511680449 0.7512795925140381 788
1679511680559 0.751438558101654 789
1679511680670 0.751422643661499 790
1679511680787 0.7512795925140381 791
1679511680900 0.751422643661499 792
1679511681010 0.7516292929649353 793
1679511681119 0.7511683106422424 794
1679511681227 0.7512159943580627 795
1679511681338 0.7512319087982178 796
1679511681455 0.7513114213943481 797
1679511681569 0.7510094046592712 798
1679511681681 0.7520266771316528 799
1679511681789 0.7515657544136047 800
1679511681904 0.7516452074050903 801
1679511682008 0.7511842250823975 802
1679511682124 0.7513114213943481 803
1679511682239 0.7512478232383728 804
1679511682350 0.7511047720909119 805
1679511682459 0.7516292929649353 806
1679511682573 0.7515339255332947 807
1679511682679 0.7513591051101685 808
1679511682805 0.7514544725418091 809
1679511682918 0.751613438129425 810
1679511683034 0.7513908743858337 811
1679511683141 0.7517723441123962 812
1679511683255 0.75159752368927 813
1679511683360 0.7514067888259888 814
1679511683470 0.75159752368927 815
1679511683580 0.7518836259841919 816
1679511683692 0.751422643661499 817
1679511683805 0.7515498399734497 818
1679511683916 0.7513749599456787 819
1679511684027 0.7515339255332947 820
1679511684139 0.7512159943580627 821
1679511684251 0.7516928911209106 822
1679511684357 0.7516452074050903 823
1679511684467 0.7517246603965759 824
1679511684578 0.7518677711486816 825
1679511684694 0.7513908743858337 826
1679511684804 0.7517246603965759 827
1679511684913 0.7519789934158325 828
1679511685024 0.7511683106422424 829
1679511685137 0.7513114213943481 830
1679511685246 0.7514544725418091 831
1679511685359 0.7510570883750916 832
1679511685472 0.7519472241401672 833
1679511685587 0.7515180706977844 834
1679511685701 0.7515339255332947 835
1679511685816 0.7512637376785278 836
1679511685929 0.7515339255332947 837
1679511686039 0.751915454864502 838
1679511686150 0.7518200874328613 839
1679511686261 0.7517723441123962 840
1679511686370 0.7513908743858337 841
1679511686491 0.7519313097000122 842
1679511686599 0.7515657544136047 843
1679511686707 0.7507709264755249 844
1679511686818 0.751422643661499 845
1679511686924 0.7518836259841919 846
1679511687036 0.7513591051101685 847
1679511687153 0.7517723441123962 848
1679511687263 0.7518518567085266 849
1679511687376 0.7515021562576294 850
1679511687485 0.751613438129425 851
1679511687593 0.751740574836731 852
1679511687700 0.7514703273773193 853
1679511687808 0.7512795925140381 854
1679511687915 0.7514544725418091 855
1679511688023 0.7516452074050903 856
1679511688130 0.7514703273773193 857
1679511688241 0.7513114213943481 858
1679511688356 0.7521379590034485 859
1679511688464 0.7511047720909119 860
1679511688570 0.7512795925140381 861
1679511688687 0.751740574836731 862
1679511688795 0.7512637376785278 863
1679511688908 0.7509458065032959 864
1679511689014 0.7512795925140381 865
1679511689126 0.7517723441123962 866
1679511689243 0.7513114213943481 867
1679511689350 0.7516452074050903 868
1679511689458 0.7516928911209106 869
1679511689565 0.7515498399734497 870
1679511689673 0.7516292929649353 871
1679511689779 0.7515339255332947 872
1679511689886 0.7512001395225525 873
1679511689993 0.7513591051101685 874
1679511690103 0.7513431906700134 875
1679511690217 0.75159752368927 876
1679511690324 0.751740574836731 877
1679511690438 0.7517246603965759 878
1679511690549 0.7517882585525513 879
1679511690658 0.7510411739349365 880
1679511690768 0.7515498399734497 881
1679511690885 0.7512001395225525 882
1679511690990 0.7518200874328613 883
1679511691111 0.7517088055610657 884
1679511691220 0.7518677711486816 885
1679511691325 0.7518200874328613 886
1679511691433 0.7517882585525513 887
1679511691542 0.7516611218452454 888
1679511691651 0.7515657544136047 889
1679511691763 0.7512001395225525 890
1679511691873 0.7518836259841919 891
1679511691990 0.7515180706977844 892
1679511692108 0.7517246603965759 893
1679511692217 0.7515180706977844 894
1679511692328 0.7516928911209106 895
1679511692435 0.7519472241401672 896
1679511692549 0.7519789934158325 897
1679511692666 0.751581609249115 898
1679511692778 0.7514067888259888 899
1679511692905 0.7514862418174744 900
1679511693018 0.7511842250823975 901
1679511693131 0.751581609249115 902
1679511693242 0.7516928911209106 903
1679511693350 0.7518200874328613 904
1679511693462 0.751422643661499 905
1679511693589 0.7522492408752441 906
1679511693698 0.7515498399734497 907
1679511693807 0.7518518567085266 908
1679511693919 0.7515021562576294 909
1679511694027 0.7517246603965759 910
1679511694142 0.7515657544136047 911
1679511694266 0.7517246603965759 912
1679511694435 0.7520902752876282 913
1679511694552 0.7518041729927063 914
1679511694664 0.7517088055610657 915
1679511694776 0.7514862418174744 916
1679511694885 0.7513749599456787 917
1679511695001 0.7518836259841919 918
1679511695107 0.7514703273773193 919
1679511695217 0.7515657544136047 920
1679511695327 0.7515339255332947 921
1679511695443 0.7512478232383728 922
1679511695551 0.7518677711486816 923
1679511695658 0.751756489276886 924
1679511695776 0.751613438129425 925
1679511695896 0.7518041729927063 926
1679511696011 0.7521221041679382 927
1679511696120 0.7519631385803223 928
1679511696230 0.7511365413665771 929
1679511696341 0.7513431906700134 930
1679511696457 0.7515498399734497 931
1679511696605 0.7522651553153992 932
1679511696716 0.751740574836731 933
1679511696827 0.7515498399734497 934
1679511696934 0.7520266771316528 935
1679511697043 0.7517088055610657 936
1679511697153 0.7514862418174744 937
1679511697262 0.7514862418174744 938
1679511697377 0.7516611218452454 939
1679511697486 0.751740574836731 940
1679511697593 0.7520266771316528 941
1679511697705 0.7518836259841919 942
1679511697812 0.7515498399734497 943
1679511697921 0.7520902752876282 944
1679511698030 0.7518995404243469 945
1679511698139 0.7515657544136047 946
1679511698257 0.7517723441123962 947
1679511698360 0.7514703273773193 948
1679511698471 0.7513114213943481 949
1679511698580 0.7514544725418091 950
1679511698696 0.7518041729927063 951
1679511698807 0.7513591051101685 952
1679511698919 0.7518836259841919 953
1679511699034 0.7520108222961426 954
1679511699142 0.7515021562576294 955
1679511699267 0.7517882585525513 956
1679511699382 0.7518518567085266 957
1679511699498 0.7518677711486816 958
1679511699612 0.7517088055610657 959
1679511699719 0.751581609249115 960
1679511699832 0.7517882585525513 961
1679511699938 0.7516928911209106 962
1679511700042 0.7519631385803223 963
1679511700156 0.7518359422683716 964
1679511700266 0.751613438129425 965
1679511700371 0.7517246603965759 966
1679511700479 0.7520108222961426 967
1679511700584 0.7519472241401672 968
1679511700694 0.7520266771316528 969
1679511700803 0.7519472241401672 970
1679511700913 0.7519313097000122 971
1679511701024 0.7515498399734497 972
1679511701140 0.7518359422683716 973
1679511701250 0.7519313097000122 974
1679511701357 0.7515021562576294 975
1679511701466 0.7517882585525513 976
1679511701578 0.7515180706977844 977
1679511701684 0.7519472241401672 978
1679511701797 0.7518359422683716 979
1679511701904 0.7520585060119629 980
1679511702013 0.7516928911209106 981
1679511702119 0.7517246603965759 982
1679511702227 0.7521538734436035 983
1679511702336 0.7519313097000122 984
1679511702446 0.7519631385803223 985
1679511702554 0.7517088055610657 986
1679511702671 0.7516928911209106 987
1679511702777 0.7518995404243469 988
1679511702893 0.7520266771316528 989
1679511703001 0.7518359422683716 990
1679511703108 0.7518041729927063 991
1679511703216 0.7518041729927063 992
1679511703326 0.7517246603965759 993
1679511703435 0.751438558101654 994
1679511703548 0.7519949078559875 995
1679511703655 0.7516292929649353 996
1679511703769 0.751740574836731 997
1679511703873 0.7516292929649353 998
1679511703981 0.751613438129425 999
1679511704089 0.7516611218452454 1000
1679511704198 0.7520585060119629 1001
1679511704303 0.7521221041679382 1002
1679511704416 0.7519949078559875 1003
1679511704528 0.7518518567085266 1004
1679511704635 0.7518359422683716 1005
1679511704741 0.7519631385803223 1006
1679511704850 0.7519789934158325 1007
1679511704959 0.7516452074050903 1008
1679511705067 0.751422643661499 1009
1679511705175 0.7516769766807556 1010
1679511705288 0.751740574836731 1011
1679511705405 0.7518041729927063 1012
1679511705514 0.7520425915718079 1013
1679511705622 0.7518359422683716 1014
1679511705735 0.7520108222961426 1015
1679511705852 0.7522015571594238 1016
1679511705961 0.7517246603965759 1017
1679511706067 0.7518518567085266 1018
1679511706171 0.7518200874328613 1019
1679511706287 0.7519789934158325 1020
1679511706394 0.7521221041679382 1021
1679511706505 0.7518518567085266 1022
1679511706610 0.7514862418174744 1023
1679511706725 0.7520744204521179 1024
1679511706834 0.7518359422683716 1025
1679511706942 0.7516611218452454 1026
1679511707051 0.7519789934158325 1027
1679511707174 0.7521221041679382 1028
1679511707279 0.751915454864502 1029
1679511707386 0.7518836259841919 1030
1679511707492 0.7518677711486816 1031
1679511707604 0.7515339255332947 1032
1679511707714 0.751756489276886 1033
1679511707820 0.7515180706977844 1034
1679511707935 0.7514703273773193 1035
1679511708045 0.7521379590034485 1036
1679511708156 0.7521061897277832 1037
1679511708260 0.7515657544136047 1038
1679511708368 0.7515339255332947 1039
1679511708473 0.7520108222961426 1040
1679511708584 0.751915454864502 1041
1679511708695 0.7522015571594238 1042
1679511708807 0.751740574836731 1043
1679511708916 0.7520425915718079 1044
1679511709026 0.7520585060119629 1045
1679511709134 0.7520108222961426 1046
1679511709243 0.751756489276886 1047
1679511709388 0.751756489276886 1048
1679511709503 0.7518359422683716 1049
1679511709609 0.7518836259841919 1050
1679511709719 0.7517882585525513 1051
1679511709824 0.7514067888259888 1052
1679511709933 0.7519789934158325 1053
1679511710041 0.7518995404243469 1054
1679511710151 0.7520108222961426 1055
1679511710258 0.7520108222961426 1056
1679511710369 0.7519789934158325 1057
1679511710481 0.7520585060119629 1058
1679511710589 0.7515021562576294 1059
1679511710697 0.7520425915718079 1060
1679511710809 0.7520425915718079 1061
1679511710916 0.751756489276886 1062
1679511711032 0.7517246603965759 1063
1679511711147 0.7518200874328613 1064
1679511711277 0.7519631385803223 1065
1679511711392 0.7515498399734497 1066
1679511711505 0.751915454864502 1067
1679511711619 0.7518200874328613 1068
1679511711730 0.7518836259841919 1069
1679511711837 0.7511842250823975 1070
1679511711947 0.7518836259841919 1071
1679511712057 0.7518995404243469 1072
1679511712163 0.7518359422683716 1073
1679511712277 0.7521379590034485 1074
1679511712383 0.7519789934158325 1075
1679511712492 0.7522492408752441 1076
1679511712601 0.7518200874328613 1077
1679511712708 0.7520585060119629 1078
1679511712826 0.7521538734436035 1079
1679511712938 0.7515657544136047 1080
1679511713056 0.7519949078559875 1081
1679511713165 0.7520902752876282 1082
1679511713282 0.7520108222961426 1083
1679511713392 0.7519789934158325 1084
1679511713501 0.7519949078559875 1085
1679511713611 0.7520425915718079 1086
1679511713718 0.7521379590034485 1087
1679511713828 0.7515657544136047 1088
1679511713940 0.7521061897277832 1089
1679511714052 0.7519313097000122 1090
1679511714160 0.7524082064628601 1091
1679511714267 0.7518677711486816 1092
1679511714374 0.7522174715995789 1093
1679511714485 0.7522969245910645 1094
1679511714590 0.7520108222961426 1095
1679511714703 0.7520108222961426 1096
1679511714830 0.7521697878837585 1097
1679511714939 0.7517882585525513 1098
1679511715046 0.7517882585525513 1099
1679511715149 0.7514703273773193 1100
1679511715265 0.751613438129425 1101
1679511715380 0.7520744204521179 1102
1679511715489 0.7519313097000122 1103
1679511715606 0.751613438129425 1104
1679511715721 0.7520266771316528 1105
1679511715838 0.7523446083068848 1106
1679511715948 0.7523605227470398 1107
1679511716062 0.7516769766807556 1108
1679511716180 0.751422643661499 1109
1679511716293 0.7523286938667297 1110
1679511716406 0.751756489276886 1111
1679511716516 0.7523128390312195 1112
1679511716639 0.7520744204521179 1113
1679511716750 0.7517882585525513 1114
1679511716863 0.7513591051101685 1115
1679511716978 0.7517088055610657 1116
1679511717090 0.7522492408752441 1117
1679511717200 0.7519631385803223 1118
1679511717311 0.7517246603965759 1119
1679511717427 0.7518677711486816 1120
1679511717539 0.7517723441123962 1121
1679511717653 0.7524718046188354 1122
1679511717772 0.7520108222961426 1123
1679511717879 0.7519472241401672 1124
1679511717988 0.7516769766807556 1125
1679511718101 0.7519949078559875 1126
1679511718225 0.7518836259841919 1127
1679511718338 0.7521379590034485 1128
1679511718444 0.7515339255332947 1129
1679511718554 0.7519472241401672 1130
1679511718666 0.7518677711486816 1131
1679511718771 0.7521856427192688 1132
1679511718883 0.751581609249115 1133
1679511718991 0.7524241209030151 1134
1679511719101 0.7522174715995789 1135
1679511719208 0.7519472241401672 1136
1679511719317 0.7520266771316528 1137
1679511719437 0.7518836259841919 1138
1679511719551 0.7519313097000122 1139
1679511719663 0.751740574836731 1140
1679511719781 0.7518359422683716 1141
1679511719892 0.7521538734436035 1142
1679511720000 0.7520425915718079 1143
1679511720107 0.7523605227470398 1144
1679511720216 0.7521856427192688 1145
1679511720327 0.7522492408752441 1146
1679511720433 0.7523128390312195 1147
1679511720542 0.7519472241401672 1148
1679511720660 0.7519472241401672 1149
1679511720770 0.7521379590034485 1150
1679511720881 0.7521538734436035 1151
1679511720991 0.7518995404243469 1152
1679511721103 0.7518359422683716 1153
1679511721215 0.7522810101509094 1154
1679511721330 0.7521856427192688 1155
1679511721455 0.7522333264350891 1156
1679511721566 0.7519472241401672 1157
1679511721676 0.751756489276886 1158
1679511721788 0.7517246603965759 1159
1679511721907 0.7520902752876282 1160
1679511722020 0.7518995404243469 1161
1679511722132 0.7518995404243469 1162
1679511722246 0.7518836259841919 1163
1679511722364 0.7523764371871948 1164
1679511722470 0.7519631385803223 1165
1679511722587 0.751438558101654 1166
1679511722704 0.7520585060119629 1167
1679511722902 0.7521697878837585 1168
1679511723009 0.7523605227470398 1169
1679511723117 0.751915454864502 1170
1679511723231 0.7520902752876282 1171
1679511723348 0.7518518567085266 1172
1679511723463 0.7518995404243469 1173
1679511723576 0.7526307702064514 1174
1679511723690 0.7523128390312195 1175
1679511723803 0.7520425915718079 1176
1679511723916 0.7519472241401672 1177
1679511724033 0.7522015571594238 1178
1679511724158 0.7516928911209106 1179
1679511724274 0.7521221041679382 1180
1679511724385 0.7520585060119629 1181
1679511724495 0.7519472241401672 1182
1679511724610 0.7517882585525513 1183
1679511724719 0.7517088055610657 1184
1679511724828 0.7517882585525513 1185
1679511724950 0.7521856427192688 1186
1679511725057 0.7518677711486816 1187
1679511725167 0.7519949078559875 1188
1679511725272 0.7522810101509094 1189
1679511725384 0.7516769766807556 1190
1679511725499 0.7520902752876282 1191
1679511725608 0.7524558901786804 1192
1679511725719 0.7518995404243469 1193
1679511725826 0.7522015571594238 1194
1679511725943 0.7522492408752441 1195
1679511726056 0.7519313097000122 1196
1679511726164 0.7518995404243469 1197
1679511726271 0.7522174715995789 1198
1679511726382 0.7524558901786804 1199
1679511726491 0.7524399757385254 1200
1679511726600 0.7520902752876282 1201
1679511726717 0.7521538734436035 1202
1679511726824 0.7520425915718079 1203
1679511726937 0.7525194883346558 1204
1679511727049 0.7522492408752441 1205
1679511727162 0.7519472241401672 1206
1679511727270 0.7524718046188354 1207
1679511727387 0.7520744204521179 1208
1679511727506 0.7521856427192688 1209
1679511727619 0.7521221041679382 1210
1679511727728 0.7520266771316528 1211
1679511727839 0.7524399757385254 1212
1679511727948 0.7520108222961426 1213
1679511728054 0.7522492408752441 1214
1679511728165 0.7521379590034485 1215
1679511728286 0.7522651553153992 1216
1679511728391 0.7523764371871948 1217
1679511728505 0.7521379590034485 1218
1679511728615 0.7523605227470398 1219
1679511728730 0.7520744204521179 1220
1679511728845 0.7521538734436035 1221
1679511728956 0.7522174715995789 1222
1679511729072 0.7524082064628601 1223
1679511729182 0.7520585060119629 1224
1679511729295 0.7518200874328613 1225
1679511729402 0.7519949078559875 1226
1679511729516 0.751740574836731 1227
1679511729626 0.7519949078559875 1228
1679511729745 0.7521538734436035 1229
1679511729866 0.751740574836731 1230
1679511729979 0.7522333264350891 1231
1679511730092 0.7520585060119629 1232
1679511730203 0.7520585060119629 1233
1679511730313 0.7520744204521179 1234
1679511730426 0.7524718046188354 1235
1679511730538 0.7517088055610657 1236
1679511730649 0.7521061897277832 1237
1679511730761 0.7520425915718079 1238
1679511730875 0.7521221041679382 1239
1679511730988 0.7518677711486816 1240
1679511731108 0.7516928911209106 1241
1679511731218 0.7521221041679382 1242
1679511731328 0.7521379590034485 1243
1679511731441 0.7520266771316528 1244
1679511731551 0.7520744204521179 1245
1679511731660 0.751756489276886 1246
1679511731764 0.7524399757385254 1247
1679511731881 0.7522651553153992 1248
1679511731992 0.7521538734436035 1249
1679511732103 0.7524082064628601 1250
1679511732217 0.7522015571594238 1251
1679511732326 0.7523605227470398 1252
1679511732432 0.7521697878837585 1253
1679511732542 0.7519313097000122 1254
1679511732662 0.7518359422683716 1255
1679511732770 0.7522015571594238 1256
1679511732879 0.7522492408752441 1257
1679511732986 0.7521538734436035 1258
1679511733095 0.7522015571594238 1259
1679511733205 0.7521856427192688 1260
1679511733322 0.7522333264350891 1261
1679511733431 0.7522969245910645 1262
1679511733542 0.7517882585525513 1263
1679511733651 0.7525194883346558 1264
1679511733760 0.7522015571594238 1265
1679511733874 0.7524718046188354 1266
1679511733983 0.7521856427192688 1267
1679511734099 0.7523446083068848 1268
1679511734212 0.7522492408752441 1269
1679511734326 0.7523605227470398 1270
1679511734435 0.7521221041679382 1271
1679511734550 0.7518041729927063 1272
1679511734664 0.7519631385803223 1273
1679511734774 0.7518995404243469 1274
1679511734890 0.7521697878837585 1275
1679511735000 0.7522333264350891 1276
1679511735114 0.7521221041679382 1277
1679511735222 0.7520585060119629 1278
1679511735333 0.7516611218452454 1279
1679511735443 0.7521538734436035 1280
1679511735571 0.7520108222961426 1281
1679511735687 0.7522015571594238 1282
1679511735799 0.7520585060119629 1283
1679511735914 0.7521538734436035 1284
1679511736023 0.7517723441123962 1285
1679511736132 0.7523128390312195 1286
1679511736247 0.7519313097000122 1287
1679511736358 0.7523605227470398 1288
1679511736469 0.7522174715995789 1289
1679511736586 0.7520585060119629 1290
1679511736698 0.7517882585525513 1291
1679511736805 0.7519789934158325 1292
1679511736921 0.7524558901786804 1293
1679511737049 0.7520744204521179 1294
1679511737163 0.7518836259841919 1295
1679511737275 0.7525989413261414 1296
1679511737393 0.7523922920227051 1297
1679511737504 0.7517723441123962 1298
1679511737619 0.7520585060119629 1299
1679511737733 0.7520425915718079 1300
1679511737848 0.752535343170166 1301
1679511737960 0.7521697878837585 1302
1679511738073 0.7522015571594238 1303
1679511738182 0.7520266771316528 1304
1679511738294 0.752535343170166 1305
1679511738411 0.7519789934158325 1306
1679511738522 0.7526307702064514 1307
1679511738631 0.7521697878837585 1308
1679511738776 0.7524241209030151 1309
1679511738887 0.7517882585525513 1310
1679511739060 0.7521697878837585 1311
1679511739190 0.7522333264350891 1312
1679511739297 0.7517723441123962 1313
1679511739402 0.7524876594543457 1314
1679511739510 0.752551257610321 1315
1679511739617 0.7520266771316528 1316
1679511739731 0.7529168725013733 1317
1679511739852 0.7523446083068848 1318
1679511739962 0.7521379590034485 1319
1679511740070 0.7519313097000122 1320
1679511740178 0.7522333264350891 1321
1679511740288 0.7522969245910645 1322
1679511740395 0.7525671720504761 1323
1679511740509 0.7522810101509094 1324
1679511740621 0.7522174715995789 1325
1679511740734 0.7523446083068848 1326
1679511740843 0.7521856427192688 1327
1679511740953 0.752710223197937 1328
1679511741064 0.7518359422683716 1329
1679511741172 0.7523605227470398 1330
1679511741288 0.7523922920227051 1331
1679511741397 0.7525035738945007 1332
1679511741513 0.7525989413261414 1333
1679511741620 0.7519472241401672 1334
1679511741730 0.7522333264350891 1335
1679511741843 0.7523286938667297 1336
1679511741951 0.7523605227470398 1337
1679511742066 0.7522492408752441 1338
1679511742178 0.7525194883346558 1339
1679511742287 0.7522333264350891 1340
1679511742393 0.7521379590034485 1341
1679511742502 0.7521538734436035 1342
1679511742608 0.7522810101509094 1343
1679511742714 0.7526625394821167 1344
1679511742836 0.7523286938667297 1345
1679511742949 0.7526307702064514 1346
1679511743058 0.7519313097000122 1347
1679511743169 0.7522969245910645 1348
1679511743275 0.7521856427192688 1349
1679511743382 0.7520108222961426 1350
1679511743504 0.7518995404243469 1351
1679511743608 0.7525671720504761 1352
1679511743720 0.7522810101509094 1353
1679511743832 0.7520266771316528 1354
1679511743941 0.7520902752876282 1355
1679511744048 0.7516292929649353 1356
1679511744170 0.752551257610321 1357
1679511744275 0.7530758380889893 1358
1679511744383 0.7527738213539124 1359
1679511744496 0.7521061897277832 1360
1679511744606 0.7525194883346558 1361
1679511744716 0.7523922920227051 1362
1679511744825 0.7526148557662964 1363
1679511744943 0.7518200874328613 1364
1679511745049 0.752535343170166 1365
1679511745160 0.7525989413261414 1366
1679511745306 0.7521856427192688 1367
1679511745421 0.751915454864502 1368
1679511745603 0.7522492408752441 1369
1679511745716 0.7522969245910645 1370
1679511745833 0.7523922920227051 1371
1679511745939 0.7523128390312195 1372
1679511746052 0.7521856427192688 1373
1679511746165 0.7519472241401672 1374
1679511746278 0.7527579069137573 1375
1679511746390 0.7517882585525513 1376
1679511746502 0.7522015571594238 1377
1679511746615 0.7524718046188354 1378
1679511746722 0.7525830268859863 1379
1679511746839 0.7522333264350891 1380
1679511746953 0.7521379590034485 1381
1679511747067 0.7523286938667297 1382
1679511747179 0.7519631385803223 1383
1679511747296 0.7520585060119629 1384
1679511747404 0.7525194883346558 1385
1679511747522 0.7520266771316528 1386
1679511747636 0.7521379590034485 1387
1679511747744 0.7524082064628601 1388
1679511747861 0.7521697878837585 1389
1679511747982 0.7524241209030151 1390
1679511748089 0.7523128390312195 1391
1679511748206 0.7520108222961426 1392
1679511748317 0.7524399757385254 1393
1679511748429 0.7527738213539124 1394
1679511748539 0.7521538734436035 1395
1679511748654 0.7522333264350891 1396
1679511748771 0.7521061897277832 1397
1679511748881 0.7524718046188354 1398
1679511748999 0.752551257610321 1399
1679511749111 0.7519949078559875 1400
1679511749221 0.7521379590034485 1401
1679511749337 0.752551257610321 1402
1679511749442 0.7522174715995789 1403
1679511749553 0.7526307702064514 1404
1679511749671 0.7520266771316528 1405
1679511749792 0.7524558901786804 1406
1679511749914 0.7522015571594238 1407
1679511750055 0.7522810101509094 1408
1679511750167 0.7522333264350891 1409
1679511750286 0.751915454864502 1410
1679511750393 0.7520425915718079 1411
1679511750502 0.7524241209030151 1412
1679511750611 0.7521379590034485 1413
1679511750720 0.7520108222961426 1414
1679511750831 0.7520108222961426 1415
1679511750948 0.7528373599052429 1416
1679511751061 0.7523446083068848 1417
1679511751174 0.7522969245910645 1418
1679511751282 0.7521221041679382 1419
1679511751389 0.7522969245910645 1420
1679511751505 0.7521061897277832 1421
1679511751616 0.7524399757385254 1422
1679511751724 0.7516452074050903 1423
1679511751832 0.7520585060119629 1424
1679511751947 0.7521221041679382 1425
1679511752056 0.7524241209030151 1426
1679511752167 0.7521221041679382 1427
1679511752275 0.7529168725013733 1428
1679511752398 0.7521221041679382 1429
1679511752505 0.7519789934158325 1430
1679511752613 0.7523128390312195 1431
1679511752723 0.7521221041679382 1432
1679511752840 0.7520266771316528 1433
1679511752948 0.7521697878837585 1434
1679511753064 0.7522969245910645 1435
1679511753193 0.7522810101509094 1436
1679511753309 0.752551257610321 1437
1679511753426 0.7520744204521179 1438
1679511753537 0.7522651553153992 1439
1679511753654 0.7523286938667297 1440
1679511753765 0.7525194883346558 1441
1679511753885 0.7525671720504761 1442
1679511754005 0.7521379590034485 1443
1679511754119 0.7519949078559875 1444
1679511754230 0.7522969245910645 1445
1679511754349 0.7522174715995789 1446
1679511754467 0.7523128390312195 1447
1679511754583 0.7523286938667297 1448
1679511754700 0.7526148557662964 1449
1679511754811 0.7518359422683716 1450
1679511754921 0.7524876594543457 1451
1679511755035 0.7519313097000122 1452
1679511755154 0.7521221041679382 1453
1679511755263 0.7523764371871948 1454
1679511755374 0.7527419924736023 1455
1679511755484 0.7529009580612183 1456
1679511755593 0.7529009580612183 1457
1679511755710 0.7522969245910645 1458
1679511755818 0.7523922920227051 1459
1679511755930 0.7528055906295776 1460
1679511756037 0.7522492408752441 1461
1679511756145 0.752551257610321 1462
1679511756260 0.752726137638092 1463
1679511756376 0.7526466250419617 1464
1679511756490 0.7524082064628601 1465
1679511756611 0.7519313097000122 1466
1679511756731 0.7521538734436035 1467
1679511756843 0.7524558901786804 1468
1679511756972 0.7526148557662964 1469
1679511757088 0.7524876594543457 1470
1679511757199 0.7521538734436035 1471
1679511757307 0.7521221041679382 1472
1679511757418 0.7527896761894226 1473
1679511757532 0.7523764371871948 1474
1679511757641 0.7521856427192688 1475
1679511757750 0.752694308757782 1476
1679511757859 0.7522492408752441 1477
1679511757971 0.7520425915718079 1478
1679511758091 0.752535343170166 1479
1679511758230 0.7522174715995789 1480
1679511758337 0.7521379590034485 1481
1679511758450 0.7526625394821167 1482
1679511758558 0.7521697878837585 1483
1679511758671 0.7522969245910645 1484
1679511758791 0.7526307702064514 1485
1679511758916 0.7523128390312195 1486
1679511759029 0.7524082064628601 1487
1679511759140 0.752694308757782 1488
1679511759250 0.7520585060119629 1489
1679511759360 0.752853274345398 1490
1679511759488 0.7516292929649353 1491
1679511759599 0.7524241209030151 1492
1679511759713 0.752535343170166 1493
1679511759821 0.7519313097000122 1494
1679511759936 0.7522015571594238 1495
1679511760055 0.7522492408752441 1496
1679511760192 0.7525035738945007 1497
1679511760319 0.7519789934158325 1498
1679511760453 0.7524399757385254 1499
1679511760564 0.7520902752876282 1500
1679511760680 0.7522015571594238 1501
1679511760801 0.752726137638092 1502
1679511760911 0.7521538734436035 1503
1679511761023 0.7527579069137573 1504
1679511761135 0.7522969245910645 1505
1679511761248 0.7524718046188354 1506
1679511761366 0.7522333264350891 1507
1679511761478 0.7521856427192688 1508
1679511761592 0.7524558901786804 1509
1679511761699 0.7522492408752441 1510
1679511761816 0.7520744204521179 1511
1679511761928 0.7519949078559875 1512
1679511762037 0.7522810101509094 1513
1679511762169 0.7527419924736023 1514
1679511762282 0.7521379590034485 1515
1679511762395 0.7522969245910645 1516
1679511762502 0.7524241209030151 1517
1679511762612 0.7527896761894226 1518
1679511762721 0.7524876594543457 1519
1679511762842 0.7523922920227051 1520
1679511762956 0.7528055906295776 1521
1679511763070 0.7524241209030151 1522
1679511763181 0.7520108222961426 1523
1679511763288 0.7522333264350891 1524
1679511763403 0.7522492408752441 1525
1679511763525 0.7523764371871948 1526
1679511763638 0.752551257610321 1527
1679511763754 0.7522174715995789 1528
1679511763862 0.752726137638092 1529
1679511763970 0.7518995404243469 1530
1679511764084 0.7523605227470398 1531
1679511764204 0.7521379590034485 1532
1679511764321 0.7524399757385254 1533
1679511764438 0.7518200874328613 1534
1679511764549 0.7524241209030151 1535
1679511764658 0.7525194883346558 1536
1679511764776 0.7519949078559875 1537
1679511764888 0.7523286938667297 1538
1679511765018 0.7523286938667297 1539
1679511765141 0.7523605227470398 1540
1679511765255 0.7525671720504761 1541
1679511765371 0.7522810101509094 1542
1679511765486 0.7523605227470398 1543
1679511765613 0.7525035738945007 1544
1679511765723 0.7522174715995789 1545
1679511765836 0.7522333264350891 1546
1679511765948 0.7526148557662964 1547
1679511766058 0.7525035738945007 1548
1679511766181 0.7523922920227051 1549
1679511766297 0.752726137638092 1550
1679511766421 0.7524558901786804 1551
1679511766539 0.7524876594543457 1552
1679511766658 0.7525194883346558 1553
1679511766776 0.7524558901786804 1554
1679511766897 0.7525989413261414 1555
1679511767007 0.7521856427192688 1556
1679511767133 0.7520266771316528 1557
1679511767245 0.7527738213539124 1558
1679511767366 0.7520585060119629 1559
1679511767476 0.752726137638092 1560
1679511767591 0.752551257610321 1561
1679511767703 0.7521538734436035 1562
1679511767813 0.7522969245910645 1563
1679511767935 0.7518995404243469 1564
1679511768042 0.7522333264350891 1565
1679511768163 0.7521379590034485 1566
1679511768277 0.7526784539222717 1567
1679511768394 0.7526784539222717 1568
1679511768511 0.7521061897277832 1569
1679511768623 0.7528055906295776 1570
1679511768743 0.7524241209030151 1571
1679511768873 0.7524718046188354 1572
1679511768986 0.7523446083068848 1573
1679511769097 0.7522015571594238 1574
1679511769213 0.7522810101509094 1575
1679511769323 0.7525989413261414 1576
1679511769441 0.7523446083068848 1577
1679511769561 0.7523764371871948 1578
1679511769668 0.7526625394821167 1579
1679511769780 0.7526307702064514 1580
1679511769890 0.7522174715995789 1581
1679511770004 0.752535343170166 1582
1679511770125 0.751915454864502 1583
1679511770241 0.7522333264350891 1584
1679511770365 0.7525194883346558 1585
1679511770474 0.7524718046188354 1586
1679511770587 0.7520902752876282 1587
1679511770701 0.7522174715995789 1588
1679511770816 0.7525035738945007 1589
1679511770930 0.7524876594543457 1590
1679511771060 0.7526625394821167 1591
1679511771172 0.7523764371871948 1592
1679511771285 0.7519789934158325 1593
1679511771400 0.752535343170166 1594
1679511771520 0.7526625394821167 1595
1679511771632 0.7521697878837585 1596
1679511771749 0.752885103225708 1597
1679511771855 0.7529645562171936 1598
1679511771968 0.7523764371871948 1599
1679511772079 0.7524082064628601 1600
1679511772187 0.7523286938667297 1601
1679511772300 0.7520585060119629 1602
1679511772407 0.7519631385803223 1603
1679511772518 0.7524399757385254 1604
1679511772626 0.752694308757782 1605
1679511772735 0.752551257610321 1606
1679511772857 0.7530916929244995 1607
1679511772966 0.7524718046188354 1608
1679511773076 0.7527896761894226 1609
1679511773190 0.7522810101509094 1610
1679511773303 0.7526466250419617 1611
1679511773418 0.7528215050697327 1612
1679511773538 0.7529645562171936 1613
1679511773651 0.7523286938667297 1614
1679511773767 0.7526148557662964 1615
1679511773881 0.752694308757782 1616
1679511773994 0.7525989413261414 1617
1679511774110 0.7524718046188354 1618
1679511774232 0.7522492408752441 1619
1679511774353 0.752710223197937 1620
1679511774465 0.7526625394821167 1621
1679511774574 0.7525830268859863 1622
1679511774693 0.7522651553153992 1623
1679511774805 0.752535343170166 1624
1679511774920 0.7522333264350891 1625
1679511775064 0.7521379590034485 1626
1679511775184 0.7524082064628601 1627
1679511775298 0.7525830268859863 1628
1679511775418 0.7520902752876282 1629
1679511775548 0.7523605227470398 1630
1679511775686 0.7523922920227051 1631
1679511775803 0.752551257610321 1632
1679511775913 0.7525830268859863 1633
1679511776032 0.752885103225708 1634
1679511776142 0.7526625394821167 1635
1679511776261 0.7523446083068848 1636
1679511776375 0.7528215050697327 1637
1679511776491 0.7527738213539124 1638
1679511776620 0.7523128390312195 1639
1679511776727 0.7525830268859863 1640
1679511776853 0.7524399757385254 1641
1679511776968 0.7522492408752441 1642
1679511777079 0.7526625394821167 1643
1679511777192 0.7524399757385254 1644
1679511777302 0.7530599236488342 1645
1679511777416 0.7529168725013733 1646
1679511777535 0.7524718046188354 1647
1679511777644 0.7524876594543457 1648
1679511777754 0.752551257610321 1649
1679511777867 0.7521538734436035 1650
1679511777976 0.7522810101509094 1651
1679511778086 0.7522492408752441 1652
1679511778207 0.7525194883346558 1653
1679511778320 0.7523764371871948 1654
1679511778433 0.7529486417770386 1655
1679511778546 0.752726137638092 1656
1679511778661 0.7529009580612183 1657
1679511778779 0.7525035738945007 1658
1679511778888 0.7532348036766052 1659
1679511779000 0.7524241209030151 1660
1679511779115 0.7526307702064514 1661
1679511779224 0.752726137638092 1662
1679511779349 0.7521538734436035 1663
1679511779458 0.7527896761894226 1664
1679511779567 0.7531235218048096 1665
1679511779679 0.7523605227470398 1666
1679511779789 0.7527738213539124 1667
1679511779900 0.7523128390312195 1668
1679511780026 0.7523128390312195 1669
1679511780132 0.7526307702064514 1670
1679511780246 0.7523446083068848 1671
1679511780357 0.7524241209030151 1672
1679511780478 0.752726137638092 1673
1679511780602 0.7517723441123962 1674
1679511780715 0.7522174715995789 1675
1679511780824 0.7522492408752441 1676
1679511780935 0.752726137638092 1677
1679511781052 0.7525830268859863 1678
1679511781166 0.7522969245910645 1679
1679511781277 0.7526466250419617 1680
1679511781387 0.7525830268859863 1681
1679511781499 0.7526784539222717 1682
1679511781615 0.7529804706573486 1683
1679511781729 0.7520425915718079 1684
1679511781845 0.7523605227470398 1685
1679511781955 0.7529327869415283 1686
1679511782063 0.7527896761894226 1687
1679511782179 0.7520744204521179 1688
1679511782290 0.7525830268859863 1689
1679511782403 0.7526784539222717 1690
1679511782521 0.7522651553153992 1691
1679511782632 0.7528215050697327 1692
1679511782743 0.7525830268859863 1693
1679511782851 0.7520902752876282 1694
1679511782967 0.7531871199607849 1695
1679511783085 0.7524399757385254 1696
1679511783196 0.752535343170166 1697
1679511783307 0.7524399757385254 1698
1679511783417 0.7526307702064514 1699
1679511783538 0.7525671720504761 1700
1679511783656 0.752694308757782 1701
1679511783764 0.7522969245910645 1702
1679511783877 0.7521061897277832 1703
1679511783995 0.7524399757385254 1704
1679511784105 0.7523128390312195 1705
1679511784231 0.752694308757782 1706
1679511784340 0.752710223197937 1707
1679511784447 0.7529168725013733 1708
1679511784567 0.7525035738945007 1709
1679511784682 0.7522969245910645 1710
1679511784807 0.7527579069137573 1711
1679511784918 0.7526307702064514 1712
1679511785035 0.7525830268859863 1713
1679511785150 0.752535343170166 1714
1679511785265 0.7528373599052429 1715
1679511785389 0.7529327869415283 1716
1679511785503 0.7522969245910645 1717
1679511785619 0.7525830268859863 1718
1679511785734 0.7524558901786804 1719
1679511785848 0.752694308757782 1720
1679511785970 0.7519631385803223 1721
1679511786083 0.7527896761894226 1722
1679511786199 0.7521221041679382 1723
1679511786315 0.7520266771316528 1724
1679511786429 0.7528373599052429 1725
1679511786542 0.7526148557662964 1726
1679511786655 0.7524876594543457 1727
1679511786773 0.7524399757385254 1728
1679511786885 0.7529963254928589 1729
1679511786993 0.7526307702064514 1730
1679511787109 0.7523922920227051 1731
1679511787222 0.7523764371871948 1732
1679511787338 0.7520902752876282 1733
1679511787454 0.7524399757385254 1734
1679511787567 0.7527579069137573 1735
1679511787683 0.7526625394821167 1736
1679511787792 0.7528215050697327 1737
1679511787899 0.7526625394821167 1738
1679511788006 0.7526784539222717 1739
1679511788117 0.752694308757782 1740
1679511788224 0.7527579069137573 1741
1679511788349 0.7526148557662964 1742
1679511788460 0.7530599236488342 1743
1679511788577 0.7521379590034485 1744
1679511788691 0.7524718046188354 1745
1679511788799 0.7526625394821167 1746
1679511788912 0.7521697878837585 1747
1679511789035 0.7526625394821167 1748
1679511789148 0.7529963254928589 1749
1679511789263 0.7526148557662964 1750
1679511789374 0.7525830268859863 1751
1679511789493 0.7529486417770386 1752
1679511789604 0.7525671720504761 1753
1679511789713 0.7529327869415283 1754
1679511789824 0.752853274345398 1755
1679511789939 0.7519789934158325 1756
1679511790056 0.7528215050697327 1757
1679511790164 0.7529963254928589 1758
1679511790276 0.7524399757385254 1759
1679511790390 0.7527738213539124 1760
1679511790509 0.7531552910804749 1761
1679511790630 0.7527738213539124 1762
1679511790745 0.7528055906295776 1763
1679511790857 0.7526625394821167 1764
1679511790966 0.7528055906295776 1765
1679511791078 0.752869188785553 1766
1679511791207 0.7522969245910645 1767
1679511791319 0.7529963254928589 1768
1679511791431 0.752726137638092 1769
1679511791536 0.7524718046188354 1770
1679511791645 0.7522969245910645 1771
1679511791754 0.7528373599052429 1772
1679511791870 0.7528373599052429 1773
1679511791989 0.7524718046188354 1774
1679511792099 0.7525989413261414 1775
1679511792216 0.7523128390312195 1776
1679511792328 0.7525035738945007 1777
1679511792440 0.7525830268859863 1778
1679511792555 0.7527579069137573 1779
1679511792671 0.752710223197937 1780
1679511792791 0.7525830268859863 1781
1679511792900 0.7523922920227051 1782
1679511793012 0.752853274345398 1783
1679511793121 0.7526307702064514 1784
1679511793239 0.7529645562171936 1785
1679511793356 0.7525035738945007 1786
1679511793467 0.7522333264350891 1787
1679511793579 0.7529486417770386 1788
1679511793687 0.7524876594543457 1789
1679511793804 0.7524558901786804 1790
1679511793909 0.7523922920227051 1791
1679511794023 0.752694308757782 1792
1679511794132 0.7525035738945007 1793
1679511794239 0.7522174715995789 1794
1679511794346 0.7530122399330139 1795
1679511794462 0.7523446083068848 1796
1679511794582 0.7525989413261414 1797
1679511794705 0.752885103225708 1798
1679511794815 0.7524718046188354 1799
1679511794926 0.7524399757385254 1800
1679511795042 0.7529168725013733 1801
1679511795153 0.7522015571594238 1802
1679511795290 0.7522810101509094 1803
1679511795400 0.752710223197937 1804
1679511795508 0.7529645562171936 1805
1679511795623 0.7528215050697327 1806
1679511795735 0.7530599236488342 1807
1679511795855 0.7529963254928589 1808
1679511795964 0.7529486417770386 1809
1679511796078 0.7529645562171936 1810
1679511796193 0.752869188785553 1811
1679511796304 0.7522810101509094 1812
1679511796423 0.7524718046188354 1813
1679511796539 0.7529168725013733 1814
1679511796654 0.7526466250419617 1815
1679511796770 0.7526307702064514 1816
1679511796884 0.752869188785553 1817
1679511797004 0.7531393766403198 1818
1679511797119 0.7526466250419617 1819
1679511797231 0.7531712055206299 1820
1679511797344 0.7524558901786804 1821
1679511797472 0.7525989413261414 1822
1679511797579 0.752710223197937 1823
1679511797691 0.7527419924736023 1824
1679511797801 0.7521697878837585 1825
1679511797912 0.7524082064628601 1826
1679511798030 0.7528055906295776 1827
1679511798140 0.7522969245910645 1828
1679511798246 0.7527896761894226 1829
1679511798358 0.7526148557662964 1830
1679511798481 0.7529486417770386 1831
1679511798590 0.7524876594543457 1832
1679511798706 0.7525194883346558 1833
1679511798817 0.752710223197937 1834
1679511798931 0.7527419924736023 1835
1679511799052 0.7530440092086792 1836
1679511799167 0.752869188785553 1837
1679511799277 0.7530758380889893 1838
1679511799382 0.7527579069137573 1839
1679511799496 0.752710223197937 1840
1679511799613 0.7527419924736023 1841
1679511799726 0.7524082064628601 1842
1679511799835 0.7533460259437561 1843
1679511799947 0.7526307702064514 1844
1679511800062 0.7523605227470398 1845
1679511800182 0.7523764371871948 1846
1679511800291 0.7528055906295776 1847
1679511800399 0.7529009580612183 1848
1679511800508 0.752535343170166 1849
1679511800623 0.7526307702064514 1850
1679511800747 0.7529486417770386 1851
1679511800855 0.7524558901786804 1852
1679511800967 0.7530122399330139 1853
1679511801075 0.752535343170166 1854
1679511801195 0.7523605227470398 1855
1679511801312 0.7527419924736023 1856
1679511801418 0.7530599236488342 1857
1679511801528 0.7528215050697327 1858
1679511801647 0.7528373599052429 1859
1679511801759 0.7524399757385254 1860
1679511801870 0.752869188785553 1861
1679511801982 0.7527419924736023 1862
1679511802095 0.752694308757782 1863
1679511802208 0.7530758380889893 1864
1679511802319 0.7527896761894226 1865
1679511802428 0.7523446083068848 1866
1679511802543 0.7520585060119629 1867
1679511802650 0.7527579069137573 1868
1679511802761 0.7531552910804749 1869
1679511802879 0.7525989413261414 1870
1679511802988 0.752551257610321 1871
1679511803102 0.7526625394821167 1872
1679511803220 0.7526625394821167 1873
1679511803328 0.7523446083068848 1874
1679511803441 0.7523764371871948 1875
1679511803549 0.7529645562171936 1876
1679511803658 0.7527896761894226 1877
1679511803774 0.7529327869415283 1878
1679511803886 0.7526625394821167 1879
1679511803996 0.7524082064628601 1880
1679511804105 0.7526784539222717 1881
1679511804212 0.7526466250419617 1882
1679511804321 0.7529804706573486 1883
1679511804436 0.7527419924736023 1884
1679511804546 0.7523922920227051 1885
1679511804654 0.7527738213539124 1886
1679511804768 0.7526466250419617 1887
1679511804886 0.7523286938667297 1888
1679511805001 0.7527579069137573 1889
1679511805110 0.7528373599052429 1890
1679511805298 0.7528215050697327 1891
1679511805409 0.7526148557662964 1892
1679511805519 0.7532665729522705 1893
1679511805631 0.752853274345398 1894
1679511805748 0.7525035738945007 1895
1679511805859 0.7527419924736023 1896
1679511805970 0.752853274345398 1897
1679511806081 0.752710223197937 1898
1679511806190 0.7530916929244995 1899
1679511806305 0.7529009580612183 1900
1679511806417 0.7526307702064514 1901
1679511806531 0.752853274345398 1902
1679511806642 0.7528215050697327 1903
1679511806750 0.7523764371871948 1904
1679511806868 0.7524082064628601 1905
1679511806981 0.7534732222557068 1906
1679511807103 0.7528055906295776 1907
1679511807214 0.7526307702064514 1908
1679511807327 0.7526307702064514 1909
1679511807434 0.7527419924736023 1910
1679511807557 0.7528215050697327 1911
1679511807665 0.7529645562171936 1912
1679511807775 0.752869188785553 1913
1679511807887 0.7529804706573486 1914
1679511807997 0.7529486417770386 1915
1679511808105 0.7527419924736023 1916
1679511808225 0.752885103225708 1917
1679511808333 0.7524399757385254 1918
1679511808443 0.752885103225708 1919
1679511808551 0.7523922920227051 1920
1679511808670 0.7530440092086792 1921
1679511808781 0.7525989413261414 1922
1679511808910 0.7521538734436035 1923
1679511809031 0.7523605227470398 1924
1679511809145 0.7528373599052429 1925
1679511809260 0.7526625394821167 1926
1679511809373 0.7527896761894226 1927
1679511809499 0.7527738213539124 1928
1679511809614 0.7527896761894226 1929
1679511809729 0.7534414529800415 1930
1679511809846 0.7525830268859863 1931
1679511809967 0.7525035738945007 1932
1679511810086 0.752869188785553 1933
1679511810196 0.7528373599052429 1934
1679511810311 0.7529963254928589 1935
1679511810422 0.7529009580612183 1936
1679511810537 0.7523764371871948 1937
1679511810659 0.7529645562171936 1938
1679511810770 0.7529009580612183 1939
1679511810881 0.7529009580612183 1940
1679511811002 0.752535343170166 1941
1679511811115 0.7525671720504761 1942
1679511811233 0.7521856427192688 1943
1679511811350 0.7526784539222717 1944
1679511811463 0.7529327869415283 1945
1679511811574 0.7528373599052429 1946
1679511811692 0.7524241209030151 1947
1679511811803 0.7527579069137573 1948
1679511811919 0.7525194883346558 1949
1679511812035 0.752726137638092 1950
1679511812152 0.7529963254928589 1951
1679511812266 0.7526466250419617 1952
1679511812380 0.7527419924736023 1953
1679511812489 0.7527419924736023 1954
1679511812605 0.7528215050697327 1955
1679511812724 0.7529327869415283 1956
1679511812837 0.7534255385398865 1957
1679511812962 0.7532665729522705 1958
1679511813073 0.7523605227470398 1959
1679511813198 0.7527896761894226 1960
1679511813307 0.7531235218048096 1961
1679511813425 0.7530122399330139 1962
1679511813539 0.7523922920227051 1963
1679511813652 0.7526466250419617 1964
1679511813779 0.7531076073646545 1965
1679511813890 0.7529168725013733 1966
1679511814004 0.7531235218048096 1967
1679511814117 0.7527419924736023 1968
1679511814231 0.752869188785553 1969
1679511814348 0.7529327869415283 1970
1679511814464 0.7528055906295776 1971
1679511814580 0.7529168725013733 1972
1679511814694 0.752710223197937 1973
1679511814804 0.7532506585121155 1974
1679511814925 0.7529009580612183 1975
1679511815046 0.752869188785553 1976
1679511815163 0.7527419924736023 1977
1679511815287 0.7529486417770386 1978
1679511815403 0.752710223197937 1979
1679511815521 0.7528373599052429 1980
1679511815629 0.7530440092086792 1981
1679511815777 0.7532188892364502 1982
1679511815889 0.752694308757782 1983
1679511816015 0.7530916929244995 1984
1679511816142 0.752869188785553 1985
1679511816281 0.7530440092086792 1986
1679511816422 0.7527738213539124 1987
1679511816532 0.7525830268859863 1988
1679511816647 0.752869188785553 1989
1679511816761 0.752694308757782 1990
1679511816878 0.7530758380889893 1991
1679511816990 0.7525830268859863 1992
1679511817106 0.7530440092086792 1993
1679511817228 0.752726137638092 1994
1679511817340 0.7525671720504761 1995
1679511817463 0.752726137638092 1996
1679511817573 0.7531393766403198 1997
1679511817686 0.7525989413261414 1998
1679511817796 0.7528215050697327 1999
