1679511594469 0.6488568782806396 0
1679511594578 0.5993877053260803 1
1679511594687 0.572568416595459 2
1679511594797 0.5537424683570862 3
1679511594906 0.5409584045410156 4
1679511595010 0.5332498550415039 5
1679511595116 0.5288290977478027 6
1679511595230 0.5264157056808472 7
1679511595342 0.5251283049583435 8
1679511595451 0.5242549777030945 9
1679511595564 0.5237264633178711 10
1679511595671 0.5232897400856018 11
1679511595781 0.5229259729385376 12
1679511595896 0.5226253271102905 13
1679511596009 0.5223649740219116 14
1679511596117 0.522092342376709 15
1679511596228 0.5218716859817505 16
1679511596344 0.521685779094696 17
1679511596450 0.5214311480522156 18
1679511596563 0.5212733745574951 19
1679511596676 0.521070659160614 20
1679511596787 0.5209175944328308 21
1679511596907 0.5207528471946716 22
1679511597013 0.5205795168876648 23
1679511597123 0.5204595923423767 24
1679511597235 0.5203084349632263 25
1679511597356 0.5201793313026428 26
1679511597464 0.5200394988059998 27
1679511597574 0.5198930501937866 28
1679511597681 0.5197746157646179 29
1679511597791 0.5196548700332642 30
1679511597898 0.5195432901382446 31
1679511598007 0.5194409489631653 32
1679511598124 0.5192888379096985 33
1679511598241 0.5192227959632874 34
1679511598354 0.519123911857605 35
1679511598460 0.5190218687057495 36
1679511598570 0.5189168453216553 37
1679511598686 0.5188536643981934 38
1679511598792 0.5187427401542664 39
1679511598903 0.5187182426452637 40
1679511599008 0.518563985824585 41
1679511599123 0.5185001492500305 42
1679511599228 0.5184530019760132 43
1679511599347 0.5183601379394531 44
1679511599459 0.5182714462280273 45
1679511599563 0.5181813836097717 46
1679511599671 0.518109917640686 47
1679511599777 0.5180763006210327 48
1679511599886 0.5179870128631592 49
1679511599992 0.5178950428962708 50
1679511600097 0.5178810954093933 51
1679511600203 0.5177555680274963 52
1679511600308 0.5177329778671265 53
1679511600412 0.517662763595581 54
1679511600519 0.5175997614860535 55
1679511600627 0.517496645450592 56
1679511600734 0.517448365688324 57
1679511600839 0.5174201726913452 58
1679511600945 0.517319917678833 59
1679511601055 0.5173006057739258 60
1679511601170 0.5172190070152283 61
1679511601276 0.5171276926994324 62
1679511601387 0.5170666575431824 63
1679511601494 0.5170292854309082 64
1679511601609 0.5169698596000671 65
1679511601715 0.5169187784194946 66
1679511601823 0.5168982148170471 67
1679511601929 0.5167864561080933 68
1679511602037 0.5167490839958191 69
1679511602144 0.5167025923728943 70
1679511602252 0.516642153263092 71
1679511602358 0.5165958404541016 72
1679511602472 0.5165459513664246 73
1679511602581 0.516462504863739 74
1679511602691 0.5164028406143188 75
1679511602799 0.516306459903717 76
1679511602917 0.5162917375564575 77
1679511603028 0.516244113445282 78
1679511603137 0.5161554217338562 79
1679511603247 0.5161080956459045 80
1679511603360 0.5160894989967346 81
1679511603468 0.5160152316093445 82
1679511603575 0.5159547328948975 83
1679511603687 0.5159295797348022 84
1679511603798 0.5158268213272095 85
1679511603913 0.5158126950263977 86
1679511604018 0.5157507658004761 87
1679511604125 0.5157199501991272 88
1679511604232 0.5156422257423401 89
1679511604341 0.5155814290046692 90
1679511604449 0.5155012011528015 91
1679511604559 0.5154625773429871 92
1679511604664 0.5154668092727661 93
1679511604771 0.5153788924217224 94
1679511604877 0.5153425335884094 95
1679511604981 0.5152787566184998 96
1679511605090 0.5151946544647217 97
1679511605196 0.515160858631134 98
1679511605304 0.5151085257530212 99
1679511605411 0.5150822997093201 100
1679511605518 0.5149677991867065 101
1679511605622 0.5149524807929993 102
1679511605727 0.5149186849594116 103
1679511605836 0.5148335695266724 104
1679511605944 0.514804482460022 105
1679511606051 0.5147841572761536 106
1679511606160 0.5147024393081665 107
1679511606268 0.5146445631980896 108
1679511606408 0.5146237015724182 109
1679511606515 0.5145437121391296 110
1679511606638 0.5144861340522766 111
1679511606748 0.5144316554069519 112
1679511606859 0.5143772959709167 113
1679511606971 0.5143334865570068 114
1679511607084 0.5142878293991089 115
1679511607196 0.5142501592636108 116
1679511607306 0.5141699910163879 117
1679511607415 0.5140817165374756 118
1679511607527 0.5140705108642578 119
1679511607638 0.5140031576156616 120
1679511607747 0.5139409899711609 121
1679511607857 0.5139287710189819 122
1679511607968 0.5138440728187561 123
1679511608078 0.5138000845909119 124
1679511608186 0.5137839913368225 125
1679511608292 0.5137556195259094 126
1679511608401 0.5136556625366211 127
1679511608509 0.5136367678642273 128
1679511608618 0.5135638117790222 129
1679511608726 0.5134994983673096 130
1679511608838 0.5135200023651123 131
1679511608942 0.5134233236312866 132
1679511609050 0.5133904218673706 133
1679511609159 0.5133326053619385 134
1679511609269 0.5132604837417603 135
1679511609376 0.5132262110710144 136
1679511609494 0.5131664872169495 137
1679511609602 0.5131283402442932 138
1679511609708 0.5130779147148132 139
1679511609815 0.5130544900894165 140
1679511609925 0.5129855275154114 141
1679511610039 0.5129496455192566 142
1679511610172 0.5128751993179321 143
1679511610278 0.5128482580184937 144
1679511610390 0.5127983689308167 145
1679511610497 0.5127635598182678 146
1679511610603 0.5126931071281433 147
1679511610709 0.5126258730888367 148
1679511610812 0.5126219391822815 149
1679511610918 0.5125462412834167 150
1679511611023 0.5125151872634888 151
1679511611128 0.5124815106391907 152
1679511611237 0.5124354958534241 153
1679511611342 0.5123176574707031 154
1679511611446 0.5123594999313354 155
1679511611561 0.5122836232185364 156
1679511611665 0.5122566223144531 157
1679511611775 0.5122168064117432 158
1679511611882 0.5121787786483765 159
1679511611993 0.5121341943740845 160
1679511612099 0.5120853185653687 161
1679511612206 0.5120560526847839 162
1679511612312 0.5120079517364502 163
1679511612413 0.5119048953056335 164
1679511612516 0.5119121670722961 165
1679511612624 0.5118343234062195 166
1679511612727 0.5118275880813599 167
1679511612835 0.5117634534835815 168
1679511612939 0.5117512941360474 169
1679511613051 0.5116910934448242 170
1679511613162 0.5116112232208252 171
1679511613270 0.5115798115730286 172
1679511613375 0.5115604996681213 173
1679511613482 0.5114797949790955 174
1679511613595 0.5115124583244324 175
1679511613698 0.5113893151283264 176
1679511613808 0.5114168524742126 177
1679511613912 0.5113493204116821 178
1679511614019 0.5113564729690552 179
1679511614123 0.5112825632095337 180
1679511614226 0.5112565755844116 181
1679511614330 0.5112200379371643 182
1679511614433 0.511124312877655 183
1679511614542 0.5111517906188965 184
1679511614646 0.5111082196235657 185
1679511614752 0.511003851890564 186
1679511614857 0.5109902024269104 187
1679511614970 0.5110278129577637 188
1679511615076 0.5109480619430542 189
1679511615182 0.5108593106269836 190
1679511615288 0.5108379125595093 191
1679511615396 0.5108122825622559 192
1679511615503 0.5107765793800354 193
1679511615613 0.510740339756012 194
1679511615719 0.5107170939445496 195
1679511615823 0.5106955766677856 196
1679511615937 0.5106186866760254 197
1679511616044 0.5106338858604431 198
1679511616154 0.5105685591697693 199
1679511616260 0.5105229616165161 200
1679511616367 0.5104935765266418 201
1679511616474 0.5104619860649109 202
1679511616578 0.5104455947875977 203
1679511616688 0.5103800892829895 204
1679511616796 0.5104007720947266 205
1679511616907 0.5103709697723389 206
1679511617013 0.5103289484977722 207
1679511617120 0.5102913975715637 208
1679511617227 0.5102131962776184 209
1679511617340 0.5102184414863586 210
1679511617445 0.5102177262306213 211
1679511617555 0.510159969329834 212
1679511617665 0.5101180672645569 213
1679511617773 0.5100827217102051 214
1679511617877 0.5100388526916504 215
1679511617984 0.5100175142288208 216
1679511618091 0.509986937046051 217
1679511618198 0.509976327419281 218
1679511618310 0.5099330544471741 219
1679511618418 0.5099010467529297 220
1679511618525 0.5098431706428528 221
1679511618630 0.5098096132278442 222
1679511618737 0.5097979307174683 223
1679511618843 0.5097771286964417 224
1679511618950 0.509721040725708 225
1679511619054 0.5096799731254578 226
1679511619160 0.5096766948699951 227
1679511619267 0.5096988081932068 228
1679511619374 0.5096466541290283 229
1679511619477 0.5095872282981873 230
1679511619582 0.5095744729042053 231
1679511619701 0.5094901919364929 232
1679511619805 0.5095366835594177 233
1679511619911 0.5094879865646362 234
1679511620020 0.5094437003135681 235
1679511620125 0.5093912482261658 236
1679511620231 0.5094072818756104 237
1679511620337 0.5093814730644226 238
1679511620444 0.509384274482727 239
1679511620551 0.5093276500701904 240
1679511620665 0.5092838406562805 241
1679511620772 0.5092567801475525 242
1679511620883 0.5092294812202454 243
1679511620992 0.5092012286186218 244
1679511621098 0.5092032551765442 245
1679511621204 0.509143054485321 246
1679511621308 0.509137749671936 247
1679511621445 0.5091068744659424 248
1679511621559 0.5090759992599487 249
1679511621668 0.5090622901916504 250
1679511621777 0.5090479254722595 251
1679511621882 0.5090314745903015 252
1679511621988 0.5089803338050842 253
1679511622097 0.5090125203132629 254
1679511622204 0.5089487433433533 255
1679511622309 0.5089269876480103 256
1679511622414 0.5089356899261475 257
1679511622520 0.5088469982147217 258
1679511622624 0.5088543891906738 259
1679511622731 0.5087761282920837 260
1679511622844 0.5088157057762146 261
1679511622953 0.5087553262710571 262
1679511623062 0.5087788701057434 263
1679511623172 0.5087162852287292 264
1679511623283 0.508729875087738 265
1679511623392 0.5087170600891113 266
1679511623499 0.5086986422538757 267
1679511623604 0.508617103099823 268
1679511623709 0.5085662007331848 269
1679511623819 0.5085954070091248 270
1679511623926 0.5085898637771606 271
1679511624031 0.508562445640564 272
1679511624138 0.5085044503211975 273
1679511624245 0.508532702922821 274
1679511624350 0.5084624886512756 275
1679511624459 0.5085141658782959 276
1679511624565 0.5084648132324219 277
1679511624673 0.5084315538406372 278
1679511624778 0.5084403157234192 279
1679511624891 0.5083964467048645 280
1679511624997 0.5084273219108582 281
1679511625102 0.5083927512168884 282
1679511625207 0.5083326697349548 283
1679511625315 0.5083169937133789 284
1679511625421 0.5082528591156006 285
1679511625529 0.5082877278327942 286
1679511625640 0.5082804560661316 287
1679511625747 0.5082852840423584 288
1679511625857 0.5082212686538696 289
1679511625962 0.5082305669784546 290
1679511626068 0.5081790685653687 291
1679511626173 0.5081244111061096 292
1679511626282 0.5081416964530945 293
1679511626390 0.5080703496932983 294
1679511626494 0.5081369280815125 295
1679511626602 0.5080828666687012 296
1679511626714 0.5080584287643433 297
1679511626822 0.5080515742301941 298
1679511626936 0.5080242156982422 299
1679511627044 0.5080257058143616 300
1679511627152 0.5080000758171082 301
1679511627257 0.507992684841156 302
1679511627363 0.5080105066299438 303
1679511627470 0.5079277157783508 304
1679511627575 0.507957398891449 305
1679511627680 0.5079595446586609 306
1679511627789 0.5079293847084045 307
1679511627903 0.5078904032707214 308
1679511628008 0.5079016089439392 309
1679511628117 0.5078402757644653 310
1679511628225 0.5078269243240356 311
1679511628329 0.5078038573265076 312
1679511628435 0.5078102350234985 313
1679511628545 0.5077832341194153 314
1679511628652 0.5077522397041321 315
1679511628760 0.5077348351478577 316
1679511628870 0.50775545835495 317
1679511628980 0.5076475143432617 318
1679511629088 0.5077372193336487 319
1679511629194 0.507735550403595 320
1679511629303 0.5076619982719421 321
1679511629409 0.5076791048049927 322
1679511629515 0.5076355338096619 323
1679511629622 0.5075821876525879 324
1679511629730 0.5075820088386536 325
1679511629840 0.5076403021812439 326
1679511629945 0.5075846910476685 327
1679511630054 0.5075631737709045 328
1679511630158 0.5075190663337708 329
1679511630265 0.5075219869613647 330
1679511630368 0.5074929594993591 331
1679511630472 0.5075269937515259 332
1679511630582 0.5074931383132935 333
1679511630691 0.5073814988136292 334
1679511630798 0.507476806640625 335
1679511630905 0.5074203610420227 336
1679511631012 0.5074124336242676 337
1679511631123 0.507413387298584 338
1679511631230 0.5073875784873962 339
1679511631338 0.5073941349983215 340
1679511631442 0.507333517074585 341
1679511631548 0.5073454976081848 342
1679511631654 0.5072762370109558 343
1679511631758 0.5072895884513855 344
1679511631870 0.5073210000991821 345
1679511631974 0.5073031187057495 346
1679511632082 0.5072457194328308 347
1679511632190 0.5072689056396484 348
1679511632297 0.507222592830658 349
1679511632406 0.5072327852249146 350
1679511632519 0.5072029232978821 351
1679511632624 0.5071904063224792 352
1679511632728 0.5071896314620972 353
1679511632836 0.5071600079536438 354
1679511632940 0.5071679353713989 355
1679511633045 0.5071401000022888 356
1679511633156 0.5071755647659302 357
1679511633260 0.5070992112159729 358
1679511633371 0.5071030259132385 359
1679511633475 0.5070950984954834 360
1679511633580 0.5070872902870178 361
1679511633686 0.5070359706878662 362
1679511633796 0.5070531964302063 363
1679511633911 0.507086992263794 364
1679511634020 0.5070188045501709 365
1679511634130 0.5070400238037109 366
1679511634259 0.5070065855979919 367
1679511634371 0.5070177316665649 368
1679511634480 0.5069738030433655 369
1679511634590 0.5069801211357117 370
1679511634698 0.5069226622581482 371
1679511634807 0.5068963766098022 372
1679511634914 0.5069276094436646 373
1679511635023 0.5068744421005249 374
1679511635131 0.5069069862365723 375
1679511635245 0.5069013833999634 376
1679511635354 0.5069315433502197 377
1679511635464 0.5068901181221008 378
1679511635570 0.5068779587745667 379
1679511635679 0.5068321228027344 380
1679511635788 0.5068647265434265 381
1679511635904 0.5067919492721558 382
1679511636014 0.5068287253379822 383
1679511636122 0.5067687034606934 384
1679511636231 0.5067873597145081 385
1679511636343 0.5068027377128601 386
1679511636456 0.5067963004112244 387
1679511636565 0.5067580342292786 388
1679511636679 0.5067235231399536 389
1679511636789 0.5067176222801208 390
1679511636902 0.506729245185852 391
1679511637007 0.5067322254180908 392
1679511637116 0.5066820979118347 393
1679511637226 0.5066468715667725 394
1679511637336 0.5066770911216736 395
1679511637449 0.5066689848899841 396
1679511637554 0.5065874457359314 397
1679511637660 0.5066790580749512 398
1679511637767 0.5066085457801819 399
1679511637876 0.5066415071487427 400
1679511637989 0.5065864324569702 401
1679511638098 0.5065922141075134 402
1679511638218 0.5065181851387024 403
1679511638328 0.5065497159957886 404
1679511638442 0.5065560936927795 405
1679511638557 0.5065256953239441 406
1679511638662 0.5065507888793945 407
1679511638773 0.5065221190452576 408
1679511638880 0.5065299272537231 409
1679511639008 0.5064835548400879 410
1679511639123 0.5064577460289001 411
1679511639233 0.5064900517463684 412
1679511639341 0.5065072774887085 413
1679511639448 0.50645512342453 414
1679511639554 0.5064616203308105 415
1679511639660 0.5064215064048767 416
1679511639770 0.5064670443534851 417
1679511639877 0.5064743757247925 418
1679511639988 0.5063947439193726 419
1679511640103 0.5063219666481018 420
1679511640210 0.5064179301261902 421
1679511640317 0.5063902139663696 422
1679511640423 0.506425142288208 423
1679511640538 0.5064021348953247 424
1679511640645 0.5063369274139404 425
1679511640754 0.5063514709472656 426
1679511640863 0.5063802003860474 427
1679511640970 0.5063613653182983 428
1679511641075 0.5063310861587524 429
1679511641185 0.506335973739624 430
1679511641292 0.5063254833221436 431
1679511641400 0.506259560585022 432
1679511641505 0.5062596797943115 433
1679511641611 0.5062822699546814 434
1679511641723 0.5062621831893921 435
1679511641828 0.5063171982765198 436
1679511641937 0.5062453150749207 437
1679511642064 0.5062717199325562 438
1679511642171 0.5062707662582397 439
1679511642278 0.5062217712402344 440
1679511642385 0.5061877965927124 441
1679511642492 0.5062459707260132 442
1679511642598 0.5062068700790405 443
1679511642704 0.5061495304107666 444
1679511642812 0.5062094330787659 445
1679511642919 0.5062016844749451 446
1679511643024 0.5061478614807129 447
1679511643139 0.5061825513839722 448
1679511643253 0.5061773061752319 449
1679511643359 0.5061588883399963 450
1679511643477 0.5061496496200562 451
1679511643585 0.5060651898384094 452
1679511643693 0.506113588809967 453
1679511643801 0.5061001181602478 454
1679511643908 0.5060304999351501 455
1679511644018 0.5060839653015137 456
1679511644128 0.5060738325119019 457
1679511644241 0.5060527920722961 458
1679511644350 0.5060445070266724 459
1679511644459 0.5060853362083435 460
1679511644565 0.5060730576515198 461
1679511644674 0.5060568451881409 462
1679511644782 0.5060320496559143 463
1679511644889 0.5060224533081055 464
1679511645006 0.506053626537323 465
1679511645120 0.5059568285942078 466
1679511645226 0.5059618949890137 467
1679511645333 0.5060339570045471 468
1679511645439 0.5059189796447754 469
1679511645549 0.5059674382209778 470
1679511645658 0.5059983730316162 471
1679511645769 0.5059749484062195 472
1679511645880 0.5059486031532288 473
1679511645989 0.5058811902999878 474
1679511646096 0.5059639811515808 475
1679511646206 0.5059245228767395 476
1679511646314 0.5059642791748047 477
1679511646427 0.5058785676956177 478
1679511646534 0.5059394240379333 479
1679511646645 0.5058467984199524 480
1679511646750 0.505883514881134 481
1679511646857 0.505813717842102 482
1679511646963 0.5059167146682739 483
1679511647070 0.505841851234436 484
1679511647179 0.5059106349945068 485
1679511647292 0.5058528184890747 486
1679511647401 0.5058462023735046 487
1679511647510 0.5058060884475708 488
1679511647619 0.5058014988899231 489
1679511647724 0.505832314491272 490
1679511647830 0.5058430433273315 491
1679511647952 0.5058027505874634 492
1679511648061 0.5057557821273804 493
1679511648173 0.5057706236839294 494
1679511648282 0.5058265924453735 495
1679511648391 0.5057529211044312 496
1679511648502 0.5056939125061035 497
1679511648610 0.5057298541069031 498
1679511648718 0.5057721138000488 499
1679511648826 0.5058138370513916 500
1679511648934 0.5057124495506287 501
1679511649044 0.5057430863380432 502
1679511649158 0.5056924223899841 503
1679511649271 0.5057397484779358 504
1679511649376 0.5056769847869873 505
1679511649483 0.505763053894043 506
1679511649588 0.5057243704795837 507
1679511649701 0.505690336227417 508
1679511649809 0.5056711435317993 509
1679511649917 0.5056822896003723 510
1679511650022 0.5057110786437988 511
1679511650127 0.5057111978530884 512
1679511650234 0.5056598782539368 513
1679511650342 0.5055743455886841 514
1679511650448 0.5056851506233215 515
1679511650572 0.5055832266807556 516
1679511650679 0.50564044713974 517
1679511650790 0.5055975317955017 518
1679511650901 0.5055975914001465 519
1679511651009 0.5055964589118958 520
1679511651114 0.5056132674217224 521
1679511651221 0.5055750608444214 522
1679511651334 0.5056192874908447 523
1679511651442 0.5055858492851257 524
1679511651550 0.5055844187736511 525
1679511651658 0.5055497884750366 526
1679511651763 0.5055570006370544 527
1679511651870 0.5055481195449829 528
1679511651984 0.5056207180023193 529
1679511652094 0.5055307745933533 530
1679511652200 0.5055636167526245 531
1679511652308 0.5055273175239563 532
1679511652417 0.5055463314056396 533
1679511652523 0.5055188536643982 534
1679511652636 0.5054590106010437 535
1679511652748 0.5054484009742737 536
1679511652854 0.5055042505264282 537
1679511652962 0.505538284778595 538
1679511653070 0.5054892897605896 539
1679511653186 0.5054990649223328 540
1679511653293 0.5054610967636108 541
1679511653402 0.5054828524589539 542
1679511653513 0.505486786365509 543
1679511653621 0.5054473876953125 544
1679511653727 0.5054188370704651 545
1679511653838 0.5054677128791809 546
1679511653945 0.5054171681404114 547
1679511654054 0.5054628252983093 548
1679511654162 0.5054545998573303 549
1679511654276 0.5054287314414978 550
1679511654389 0.5053986310958862 551
1679511654497 0.5053544640541077 552
1679511654607 0.5054000616073608 553
1679511654718 0.5053532123565674 554
1679511654826 0.5054217576980591 555
1679511654941 0.5053797364234924 556
1679511655055 0.5053678154945374 557
1679511655162 0.5053278207778931 558
1679511655275 0.5053553581237793 559
1679511655383 0.5054008364677429 560
1679511655493 0.5053276419639587 561
1679511655608 0.505329430103302 562
1679511655722 0.5053500533103943 563
1679511655828 0.5053765177726746 564
1679511655939 0.5053576231002808 565
1679511656047 0.5053360462188721 566
1679511656155 0.5053486824035645 567
1679511656267 0.5052984356880188 568
1679511656378 0.5053294897079468 569
1679511656485 0.5053713917732239 570
1679511656598 0.5052476525306702 571
1679511656708 0.5052826404571533 572
1679511656815 0.5053224563598633 573
1679511656936 0.5052898526191711 574
1679511657053 0.5052880644798279 575
1679511657157 0.5052993297576904 576
1679511657264 0.5052914619445801 577
1679511657372 0.5052914023399353 578
1679511657479 0.5052434802055359 579
1679511657585 0.5052851438522339 580
1679511657696 0.5052927136421204 581
1679511657803 0.50522780418396 582
1679511657906 0.5052779912948608 583
1679511658014 0.5052503943443298 584
1679511658125 0.5052297115325928 585
1679511658238 0.5052309036254883 586
1679511658352 0.5052502155303955 587
1679511658461 0.5051864981651306 588
1679511658571 0.5052496194839478 589
1679511658681 0.5051770210266113 590
1679511658793 0.5051822066307068 591
1679511658902 0.5051653385162354 592
1679511659012 0.5052206516265869 593
1679511659125 0.5051471590995789 594
1679511659232 0.5051871538162231 595
1679511659345 0.5052332878112793 596
1679511659458 0.5051826238632202 597
1679511659569 0.5051755309104919 598
1679511659675 0.5051538348197937 599
1679511659790 0.5051526427268982 600
1679511659901 0.505130410194397 601
1679511660015 0.5050920248031616 602
1679511660122 0.505094587802887 603
1679511660231 0.5051748156547546 604
1679511660339 0.5051069855690002 605
1679511660460 0.5051028728485107 606
1679511660569 0.5051556825637817 607
1679511660674 0.5050767064094543 608
1679511660784 0.5051016211509705 609
1679511660895 0.505033016204834 610
1679511661008 0.5051132440567017 611
1679511661124 0.5050424337387085 612
1679511661233 0.5050857067108154 613
1679511661343 0.5050775408744812 614
1679511661453 0.5050620436668396 615
1679511661559 0.5050643086433411 616
1679511661668 0.5050477385520935 617
1679511661777 0.5050835609436035 618
1679511661887 0.5050445199012756 619
1679511661999 0.5050378441810608 620
1679511662106 0.5050771832466125 621
1679511662213 0.5050177574157715 622
1679511662321 0.5049723982810974 623
1679511662436 0.5050643682479858 624
1679511662545 0.5050413608551025 625
1679511662659 0.5050090551376343 626
1679511662773 0.5050413012504578 627
1679511662881 0.505012571811676 628
1679511662991 0.5049492120742798 629
1679511663111 0.5050588250160217 630
1679511663230 0.5049821138381958 631
1679511663341 0.5050009489059448 632
1679511663454 0.5049804449081421 633
1679511663564 0.5049867033958435 634
1679511663678 0.5049730539321899 635
1679511663798 0.5050449967384338 636
1679511663912 0.5048947930335999 637
1679511664024 0.5049693584442139 638
1679511664141 0.5049940943717957 639
1679511664249 0.5049550533294678 640
1679511664362 0.5048970580101013 641
1679511664477 0.5049738883972168 642
1679511664588 0.5049073100090027 643
1679511664702 0.5049328207969666 644
1679511664812 0.5049788951873779 645
1679511664922 0.5049559473991394 646
1679511665030 0.5049541592597961 647
1679511665139 0.5049135088920593 648
1679511665254 0.5049358606338501 649
1679511665362 0.5049214363098145 650
1679511665472 0.5048959255218506 651
1679511665584 0.5049617886543274 652
1679511665694 0.5049219727516174 653
1679511665803 0.5048800706863403 654
1679511665910 0.5049095153808594 655
1679511666017 0.5048356056213379 656
1679511666125 0.5049078464508057 657
1679511666235 0.5048877000808716 658
1679511666346 0.5048994421958923 659
1679511666464 0.5048245191574097 660
1679511666573 0.5048746466636658 661
1679511666681 0.5048856139183044 662
1679511666789 0.5048561692237854 663
1679511666897 0.5048677921295166 664
1679511667005 0.5048649311065674 665
1679511667116 0.504909336566925 666
1679511667223 0.5048535466194153 667
1679511667330 0.5047724843025208 668
1679511667444 0.5048732757568359 669
1679511667553 0.5048168301582336 670
1679511667662 0.5048756003379822 671
1679511667772 0.5048065781593323 672
1679511667879 0.5048444867134094 673
1679511667984 0.5048405528068542 674
1679511668092 0.5047727823257446 675
1679511668198 0.5048271417617798 676
1679511668306 0.5046883821487427 677
1679511668412 0.5047371983528137 678
1679511668528 0.504870593547821 679
1679511668639 0.5048002004623413 680
1679511668747 0.5047974586486816 681
1679511668856 0.5047993063926697 682
1679511668959 0.5047934651374817 683
1679511669066 0.504808783531189 684
1679511669172 0.5047886371612549 685
1679511669288 0.5047867298126221 686
1679511669393 0.5047898292541504 687
1679511669500 0.5047788619995117 688
1679511669608 0.504814624786377 689
1679511669719 0.5047582387924194 690
1679511669829 0.5047693848609924 691
1679511669937 0.5047462582588196 692
1679511670046 0.5047792196273804 693
1679511670153 0.5047562122344971 694
1679511670258 0.5047589540481567 695
1679511670363 0.5047292709350586 696
1679511670473 0.5047397613525391 697
1679511670581 0.5047135949134827 698
1679511670695 0.5047096610069275 699
1679511670803 0.5047305226325989 700
1679511670910 0.504741370677948 701
1679511671022 0.5047547221183777 702
1679511671128 0.5047153234481812 703
1679511671232 0.5047323703765869 704
1679511671340 0.5046630501747131 705
1679511671450 0.5046072602272034 706
1679511671558 0.504655659198761 707
1679511671667 0.5046970844268799 708
1679511671777 0.5046859383583069 709
1679511671884 0.5046609044075012 710
1679511671991 0.5046908259391785 711
1679511672098 0.5046614408493042 712
1679511672214 0.5046706795692444 713
1679511672322 0.5046400427818298 714
1679511672430 0.504621148109436 715
1679511672537 0.5046636462211609 716
1679511672650 0.5046201348304749 717
1679511672760 0.5046717524528503 718
1679511672874 0.5046723484992981 719
1679511672979 0.5046661496162415 720
1679511673086 0.504612922668457 721
1679511673192 0.5046654343605042 722
1679511673303 0.5045657157897949 723
1679511673409 0.5046178698539734 724
1679511673517 0.5045999884605408 725
1679511673626 0.5046549439430237 726
1679511673739 0.5045751929283142 727
1679511673864 0.5045878291130066 728
1679511673971 0.5045835375785828 729
1679511674077 0.5046070218086243 730
1679511674186 0.5046475529670715 731
1679511674293 0.5046020150184631 732
1679511674406 0.5045709013938904 733
1679511674510 0.50462806224823 734
1679511674621 0.5045387148857117 735
1679511674727 0.504589319229126 736
1679511674835 0.5045804381370544 737
1679511674957 0.5045813918113708 738
1679511675062 0.5046008825302124 739
1679511675172 0.5046150088310242 740
1679511675282 0.5045647025108337 741
1679511675389 0.5045511722564697 742
1679511675498 0.5045785903930664 743
1679511675603 0.5045437216758728 744
1679511675710 0.5046031475067139 745
1679511675816 0.5045740604400635 746
1679511675921 0.5045347809791565 747
1679511676039 0.5045069456100464 748
1679511676147 0.5044934153556824 749
1679511676255 0.504533052444458 750
1679511676359 0.5045194029808044 751
1679511676467 0.5045250058174133 752
1679511676580 0.5044934749603271 753
1679511676691 0.5044238567352295 754
1679511676800 0.5045571327209473 755
1679511676905 0.5045441389083862 756
1679511677019 0.5045070648193359 757
1679511677129 0.5045557022094727 758
1679511677237 0.5045226216316223 759
1679511677347 0.5045121908187866 760
1679511677454 0.5045336484909058 761
1679511677560 0.5045596957206726 762
1679511677674 0.5045000314712524 763
1679511677781 0.504506528377533 764
1679511677888 0.5044828653335571 765
1679511678008 0.5044463872909546 766
1679511678113 0.5045107007026672 767
1679511678223 0.5044474005699158 768
1679511678334 0.5044535994529724 769
1679511678440 0.5044460892677307 770
1679511678545 0.5044510960578918 771
1679511678654 0.504506528377533 772
1679511678771 0.5044788718223572 773
1679511678877 0.50445955991745 774
1679511678991 0.5043995976448059 775
1679511679098 0.5044633746147156 776
1679511679205 0.5044850707054138 777
1679511679330 0.5044263601303101 778
1679511679446 0.5044601559638977 779
1679511679554 0.5044394135475159 780
1679511679666 0.5044143199920654 781
1679511679775 0.5044029355049133 782
1679511679893 0.5044224262237549 783
1679511680008 0.5044068694114685 784
1679511680118 0.5044439435005188 785
1679511680228 0.5044698715209961 786
1679511680338 0.5044706463813782 787
1679511680449 0.5044312477111816 788
1679511680559 0.5044204592704773 789
1679511680670 0.5044247508049011 790
1679511680787 0.5044459104537964 791
1679511680900 0.5044178366661072 792
1679511681010 0.5043826103210449 793
1679511681119 0.5043424963951111 794
1679511681227 0.5043901205062866 795
1679511681338 0.5043753981590271 796
1679511681455 0.5043724775314331 797
1679511681569 0.5044068694114685 798
1679511681681 0.5044239163398743 799
1679511681789 0.5043582320213318 800
1679511681904 0.5043999552726746 801
1679511682008 0.5043786764144897 802
1679511682124 0.5043582916259766 803
1679511682239 0.5043799877166748 804
1679511682350 0.504380464553833 805
1679511682459 0.5043671131134033 806
1679511682573 0.5043723583221436 807
1679511682679 0.504339337348938 808
1679511682805 0.5043821334838867 809
1679511682918 0.5043522715568542 810
1679511683034 0.5043607950210571 811
1679511683141 0.5043259263038635 812
1679511683255 0.50434410572052 813
1679511683360 0.5043232440948486 814
1679511683470 0.5043161511421204 815
1679511683580 0.5043323040008545 816
1679511683692 0.5043060183525085 817
1679511683805 0.5042823553085327 818
1679511683916 0.5043414235115051 819
1679511684027 0.5042863488197327 820
1679511684139 0.5042884349822998 821
1679511684251 0.5043044686317444 822
1679511684357 0.5043055415153503 823
1679511684467 0.504298746585846 824
1679511684578 0.5042937994003296 825
1679511684694 0.5042871832847595 826
1679511684804 0.50424724817276 827
1679511684913 0.5042329430580139 828
1679511685024 0.5043311715126038 829
1679511685137 0.504271388053894 830
1679511685246 0.504304826259613 831
1679511685359 0.5042812824249268 832
1679511685472 0.5042720437049866 833
1679511685587 0.5042083263397217 834
1679511685701 0.5042735934257507 835
1679511685816 0.5042985081672668 836
1679511685929 0.5042107105255127 837
1679511686039 0.5042676329612732 838
1679511686150 0.5042425394058228 839
1679511686261 0.5041819214820862 840
1679511686370 0.5042979121208191 841
1679511686491 0.5042120814323425 842
1679511686599 0.5042006969451904 843
1679511686707 0.5042186975479126 844
1679511686818 0.5042124390602112 845
1679511686924 0.5041975975036621 846
1679511687036 0.5042318105697632 847
1679511687153 0.5041919946670532 848
1679511687263 0.5041682124137878 849
1679511687376 0.5042343139648438 850
1679511687485 0.5042243003845215 851
1679511687593 0.5041670799255371 852
1679511687700 0.5042363405227661 853
1679511687808 0.504219651222229 854
1679511687915 0.5042037963867188 855
1679511688023 0.5041792988777161 856
1679511688130 0.5042224526405334 857
1679511688241 0.5042158961296082 858
1679511688356 0.5041183233261108 859
1679511688464 0.5041831135749817 860
1679511688570 0.5042255520820618 861
1679511688687 0.5041990280151367 862
1679511688795 0.5041860342025757 863
1679511688908 0.5042020082473755 864
1679511689014 0.5042294859886169 865
1679511689126 0.5041719675064087 866
1679511689243 0.5041723251342773 867
1679511689350 0.5041670203208923 868
1679511689458 0.5041205286979675 869
1679511689565 0.5041837096214294 870
1679511689673 0.5041908025741577 871
1679511689779 0.5041577219963074 872
1679511689886 0.5041446089744568 873
1679511689993 0.5040974617004395 874
1679511690103 0.5041645169258118 875
1679511690217 0.5041400194168091 876
1679511690324 0.5041863322257996 877
1679511690438 0.5041326284408569 878
1679511690549 0.5040653944015503 879
1679511690658 0.5041418075561523 880
1679511690768 0.5040891766548157 881
1679511690885 0.5041375160217285 882
1679511690990 0.5041229128837585 883
1679511691111 0.5041162967681885 884
1679511691220 0.5041311979293823 885
1679511691325 0.5040911436080933 886
1679511691433 0.5041160583496094 887
1679511691542 0.5040807127952576 888
1679511691651 0.5040992498397827 889
1679511691763 0.5040984153747559 890
1679511691873 0.5041548013687134 891
1679511691990 0.5040919780731201 892
1679511692108 0.5040805339813232 893
1679511692217 0.5041335821151733 894
1679511692328 0.5040479898452759 895
1679511692435 0.504081666469574 896
1679511692549 0.5040663480758667 897
1679511692666 0.5040562748908997 898
1679511692778 0.5040332674980164 899
1679511692905 0.5040852427482605 900
1679511693018 0.504078209400177 901
1679511693131 0.5040639638900757 902
1679511693242 0.5041027069091797 903
1679511693350 0.5040562748908997 904
1679511693462 0.5040584802627563 905
1679511693589 0.5040318965911865 906
1679511693698 0.504021942615509 907
1679511693807 0.5040518045425415 908
1679511693919 0.504091739654541 909
1679511694027 0.5040416121482849 910
1679511694142 0.5040386319160461 911
1679511694266 0.5040134191513062 912
1679511694435 0.5040265917778015 913
1679511694552 0.5040400624275208 914
1679511694664 0.5040391683578491 915
1679511694776 0.5040425658226013 916
1679511694885 0.504101037979126 917
1679511695001 0.5040416121482849 918
1679511695107 0.5039915442466736 919
1679511695217 0.5040478706359863 920
1679511695327 0.5040521621704102 921
1679511695443 0.503954291343689 922
1679511695551 0.5039987564086914 923
1679511695658 0.5040043592453003 924
1679511695776 0.5039143562316895 925
1679511695896 0.5040503740310669 926
1679511696011 0.5040416121482849 927
1679511696120 0.5039806962013245 928
1679511696230 0.5039380788803101 929
1679511696341 0.5039914846420288 930
1679511696457 0.5039265155792236 931
1679511696605 0.5040227174758911 932
1679511696716 0.5039908289909363 933
1679511696827 0.5039767026901245 934
1679511696934 0.504020631313324 935
1679511697043 0.503953754901886 936
1679511697153 0.5039727687835693 937
1679511697262 0.5039886236190796 938
1679511697377 0.5039590001106262 939
1679511697486 0.5039622783660889 940
1679511697593 0.5039864182472229 941
1679511697705 0.5039297342300415 942
1679511697812 0.503972589969635 943
1679511697921 0.5039358735084534 944
1679511698030 0.503998339176178 945
1679511698139 0.5039136409759521 946
1679511698257 0.5039079189300537 947
1679511698360 0.5039673447608948 948
1679511698471 0.5039497017860413 949
1679511698580 0.5039745569229126 950
1679511698696 0.5038101673126221 951
1679511698807 0.5039405822753906 952
1679511698919 0.5039623975753784 953
1679511699034 0.503929615020752 954
1679511699142 0.5039198398590088 955
1679511699267 0.5038930177688599 956
1679511699382 0.503943681716919 957
1679511699498 0.5039448738098145 958
1679511699612 0.5039387345314026 959
1679511699719 0.503940224647522 960
1679511699832 0.50393146276474 961
1679511699938 0.5038859844207764 962
1679511700042 0.5038794875144958 963
1679511700156 0.5039175152778625 964
1679511700266 0.5039021968841553 965
1679511700371 0.5038994550704956 966
1679511700479 0.5039275884628296 967
1679511700584 0.5038985013961792 968
1679511700694 0.5039307475090027 969
1679511700803 0.5038641095161438 970
1679511700913 0.5038411021232605 971
1679511701024 0.5039039850234985 972
1679511701140 0.5039127469062805 973
1679511701250 0.5038700699806213 974
1679511701357 0.5038849711418152 975
1679511701466 0.5038954615592957 976
1679511701578 0.5038952827453613 977
1679511701684 0.5038658976554871 978
1679511701797 0.503818154335022 979
1679511701904 0.5038790106773376 980
1679511702013 0.5038529634475708 981
1679511702119 0.5038148760795593 982
1679511702227 0.5038750767707825 983
1679511702336 0.5038335919380188 984
1679511702446 0.5038818120956421 985
1679511702554 0.5038132667541504 986
1679511702671 0.5038437843322754 987
1679511702777 0.5038374662399292 988
1679511702893 0.503872275352478 989
1679511703001 0.5038324594497681 990
1679511703108 0.5038174390792847 991
1679511703216 0.5038910508155823 992
1679511703326 0.5038193464279175 993
1679511703435 0.5038762092590332 994
1679511703548 0.5038081407546997 995
1679511703655 0.503825306892395 996
1679511703769 0.5038520693778992 997
1679511703873 0.5037645697593689 998
1679511703981 0.5038352608680725 999
1679511704089 0.5038561224937439 1000
1679511704198 0.5038493871688843 1001
1679511704303 0.5038281679153442 1002
1679511704416 0.5038372874259949 1003
1679511704528 0.5038623213768005 1004
1679511704635 0.5037741661071777 1005
1679511704741 0.503803551197052 1006
1679511704850 0.5038496255874634 1007
1679511704959 0.5037677884101868 1008
1679511705067 0.5037830471992493 1009
1679511705175 0.5037534832954407 1010
1679511705288 0.503799319267273 1011
1679511705405 0.5038319230079651 1012
1679511705514 0.5037356615066528 1013
1679511705622 0.5038066506385803 1014
1679511705735 0.5037964582443237 1015
1679511705852 0.5037499666213989 1016
1679511705961 0.5037914514541626 1017
1679511706067 0.5038150548934937 1018
1679511706171 0.5037505626678467 1019
1679511706287 0.5037686824798584 1020
1679511706394 0.5037746429443359 1021
1679511706505 0.5037782788276672 1022
1679511706610 0.5037060976028442 1023
1679511706725 0.5037253499031067 1024
1679511706834 0.5037662386894226 1025
1679511706942 0.5037043690681458 1026
1679511707051 0.5037810802459717 1027
1679511707174 0.5037903785705566 1028
1679511707279 0.5037158727645874 1029
1679511707386 0.503779947757721 1030
1679511707492 0.5038126111030579 1031
1679511707604 0.503728985786438 1032
1679511707714 0.5036812424659729 1033
1679511707820 0.5037520527839661 1034
1679511707935 0.5037379264831543 1035
1679511708045 0.5037543177604675 1036
1679511708156 0.5037044286727905 1037
1679511708260 0.5037328004837036 1038
1679511708368 0.5037451386451721 1039
1679511708473 0.5037180185317993 1040
1679511708584 0.5037229061126709 1041
1679511708695 0.5037221312522888 1042
1679511708807 0.5037347674369812 1043
1679511708916 0.503741979598999 1044
1679511709026 0.5037108063697815 1045
1679511709134 0.5037394165992737 1046
1679511709243 0.5037301182746887 1047
1679511709388 0.5036906599998474 1048
1679511709503 0.5037009119987488 1049
1679511709609 0.5037199854850769 1050
1679511709719 0.5037016272544861 1051
1679511709824 0.5036906599998474 1052
1679511709933 0.5036644339561462 1053
1679511710041 0.5036816596984863 1054
1679511710151 0.5037046074867249 1055
1679511710258 0.5036482214927673 1056
1679511710369 0.5036426782608032 1057
1679511710481 0.5036476850509644 1058
1679511710589 0.5036927461624146 1059
1679511710697 0.5037065148353577 1060
1679511710809 0.5036417245864868 1061
1679511710916 0.503696084022522 1062
1679511711032 0.5036859512329102 1063
1679511711147 0.5037239193916321 1064
1679511711277 0.5036770701408386 1065
1679511711392 0.5036463737487793 1066
1679511711505 0.5036748051643372 1067
1679511711619 0.5036532878875732 1068
1679511711730 0.5036957859992981 1069
1679511711837 0.5036205649375916 1070
1679511711947 0.5036411881446838 1071
1679511712057 0.5036298036575317 1072
1679511712163 0.5036473870277405 1073
1679511712277 0.5036603212356567 1074
1679511712383 0.5036259293556213 1075
1679511712492 0.5036540627479553 1076
1679511712601 0.5036437511444092 1077
1679511712708 0.503617525100708 1078
1679511712826 0.5035723447799683 1079
1679511712938 0.5036553144454956 1080
1679511713056 0.5036439895629883 1081
1679511713165 0.5036155581474304 1082
1679511713282 0.5036216974258423 1083
1679511713392 0.5036468505859375 1084
1679511713501 0.5035715699195862 1085
1679511713611 0.5036672353744507 1086
1679511713718 0.5036055445671082 1087
1679511713828 0.5036333203315735 1088
1679511713940 0.503637969493866 1089
1679511714052 0.5035784840583801 1090
1679511714160 0.5036107301712036 1091
1679511714267 0.5035790801048279 1092
1679511714374 0.503532350063324 1093
1679511714485 0.5035476684570312 1094
1679511714590 0.503625214099884 1095
1679511714703 0.5036265254020691 1096
1679511714830 0.5036215782165527 1097
1679511714939 0.5035982728004456 1098
1679511715046 0.5035988688468933 1099
1679511715149 0.5036258697509766 1100
1679511715265 0.5036091804504395 1101
1679511715380 0.5035989284515381 1102
1679511715489 0.5036283135414124 1103
1679511715606 0.5035461783409119 1104
1679511715721 0.5035215616226196 1105
1679511715838 0.5036330223083496 1106
1679511715948 0.503511905670166 1107
1679511716062 0.5035789012908936 1108
1679511716180 0.5036067366600037 1109
1679511716293 0.5035619735717773 1110
1679511716406 0.503657341003418 1111
1679511716516 0.5035313367843628 1112
1679511716639 0.5036012530326843 1113
1679511716750 0.503531813621521 1114
1679511716863 0.5035516619682312 1115
1679511716978 0.5035511255264282 1116
1679511717090 0.5035033822059631 1117
1679511717200 0.5035853981971741 1118
1679511717311 0.5035547018051147 1119
1679511717427 0.5035086274147034 1120
1679511717539 0.5035014152526855 1121
1679511717653 0.5035189390182495 1122
1679511717772 0.5035374760627747 1123
1679511717879 0.5035579204559326 1124
1679511717988 0.5035449862480164 1125
1679511718101 0.5035488605499268 1126
1679511718225 0.5035775899887085 1127
1679511718338 0.5035306811332703 1128
1679511718444 0.5035608410835266 1129
1679511718554 0.5035234093666077 1130
1679511718666 0.5035524368286133 1131
1679511718771 0.5035132765769958 1132
1679511718883 0.5035059452056885 1133
1679511718991 0.503517210483551 1134
1679511719101 0.5035305619239807 1135
1679511719208 0.503537118434906 1136
1679511719317 0.5035320520401001 1137
1679511719437 0.503516435623169 1138
1679511719551 0.5034789443016052 1139
1679511719663 0.5035309195518494 1140
1679511719781 0.5035045146942139 1141
1679511719892 0.5035037994384766 1142
1679511720000 0.5034754276275635 1143
1679511720107 0.5035088658332825 1144
1679511720216 0.5034436583518982 1145
1679511720327 0.5034524202346802 1146
1679511720433 0.5035237669944763 1147
1679511720542 0.5035635232925415 1148
1679511720660 0.5035083293914795 1149
1679511720770 0.5034521222114563 1150
1679511720881 0.5034769773483276 1151
1679511720991 0.503530740737915 1152
1679511721103 0.5034974217414856 1153
1679511721215 0.5034868717193604 1154
1679511721330 0.5034565329551697 1155
1679511721455 0.5034891963005066 1156
1679511721566 0.5034735202789307 1157
1679511721676 0.5034899711608887 1158
1679511721788 0.5034641027450562 1159
1679511721907 0.5034905672073364 1160
1679511722020 0.5034883618354797 1161
1679511722132 0.5034576654434204 1162
1679511722246 0.5034606456756592 1163
1679511722364 0.5035218596458435 1164
1679511722470 0.5034335255622864 1165
1679511722587 0.5034675002098083 1166
1679511722704 0.5034723281860352 1167
1679511722902 0.5033901929855347 1168
1679511723009 0.5034866333007812 1169
1679511723117 0.5034420490264893 1170
1679511723231 0.5035010576248169 1171
1679511723348 0.5034676790237427 1172
1679511723463 0.5034523010253906 1173
1679511723576 0.5034380555152893 1174
1679511723690 0.5034619569778442 1175
1679511723803 0.5034477710723877 1176
1679511723916 0.5034127831459045 1177
1679511724033 0.5034396648406982 1178
1679511724158 0.5034598708152771 1179
1679511724274 0.5034205913543701 1180
1679511724385 0.5034582018852234 1181
1679511724495 0.5034342408180237 1182
1679511724610 0.5034239888191223 1183
1679511724719 0.5034226179122925 1184
1679511724828 0.5034114122390747 1185
1679511724950 0.5034216046333313 1186
1679511725057 0.5034294128417969 1187
1679511725167 0.5033776164054871 1188
1679511725272 0.5034127831459045 1189
1679511725384 0.5034573078155518 1190
1679511725499 0.5034632682800293 1191
1679511725608 0.5034223794937134 1192
1679511725719 0.5034007430076599 1193
1679511725826 0.5034374594688416 1194
1679511725943 0.5033972859382629 1195
1679511726056 0.5034319162368774 1196
1679511726164 0.5033855438232422 1197
1679511726271 0.5034052729606628 1198
1679511726382 0.5034261345863342 1199
1679511726491 0.503393828868866 1200
1679511726600 0.50337153673172 1201
1679511726717 0.503382682800293 1202
1679511726824 0.5034449696540833 1203
1679511726937 0.5033791661262512 1204
1679511727049 0.5033353567123413 1205
1679511727162 0.503375232219696 1206
1679511727270 0.5033865571022034 1207
1679511727387 0.5033319592475891 1208
1679511727506 0.5034559965133667 1209
1679511727619 0.5033487677574158 1210
1679511727728 0.5034258961677551 1211
1679511727839 0.5033971071243286 1212
1679511727948 0.5033862590789795 1213
1679511728054 0.5033706426620483 1214
1679511728165 0.5033727288246155 1215
1679511728286 0.503405749797821 1216
1679511728391 0.5033494830131531 1217
1679511728505 0.5033446550369263 1218
1679511728615 0.5033260583877563 1219
1679511728730 0.5033482313156128 1220
1679511728845 0.503352165222168 1221
1679511728956 0.5033895373344421 1222
1679511729072 0.5033314228057861 1223
1679511729182 0.5033288598060608 1224
1679511729295 0.5033295750617981 1225
1679511729402 0.5033496618270874 1226
1679511729516 0.5033442974090576 1227
1679511729626 0.5033190250396729 1228
1679511729745 0.5032731890678406 1229
1679511729866 0.5033764243125916 1230
1679511729979 0.5033448338508606 1231
1679511730092 0.5033155083656311 1232
1679511730203 0.5033072233200073 1233
1679511730313 0.5032693147659302 1234
1679511730426 0.503385603427887 1235
1679511730538 0.5032920837402344 1236
1679511730649 0.5033178329467773 1237
1679511730761 0.5033364295959473 1238
1679511730875 0.5033173561096191 1239
1679511730988 0.5033513307571411 1240
1679511731108 0.503334641456604 1241
1679511731218 0.5032690167427063 1242
1679511731328 0.5033679008483887 1243
1679511731441 0.5032742619514465 1244
1679511731551 0.503316342830658 1245
1679511731660 0.5032873153686523 1246
1679511731764 0.5033063292503357 1247
1679511731881 0.5033068656921387 1248
1679511731992 0.5032835006713867 1249
1679511732103 0.5033328533172607 1250
1679511732217 0.5032627582550049 1251
1679511732326 0.5033073425292969 1252
1679511732432 0.5032983422279358 1253
1679511732542 0.5033211708068848 1254
1679511732662 0.5032667517662048 1255
1679511732770 0.5033273696899414 1256
1679511732879 0.503293514251709 1257
1679511732986 0.503275990486145 1258
1679511733095 0.5032361745834351 1259
1679511733205 0.5033003687858582 1260
1679511733322 0.5032880306243896 1261
1679511733431 0.5032873153686523 1262
1679511733542 0.5032700896263123 1263
1679511733651 0.5032583475112915 1264
1679511733760 0.5032539963722229 1265
1679511733874 0.5032626986503601 1266
1679511733983 0.5032430291175842 1267
1679511734099 0.5031663775444031 1268
1679511734212 0.5032775402069092 1269
1679511734326 0.5032966732978821 1270
1679511734435 0.5032690763473511 1271
1679511734550 0.5032587647438049 1272
1679511734664 0.5033140778541565 1273
1679511734774 0.5032699108123779 1274
1679511734890 0.5032604932785034 1275
1679511735000 0.5032105445861816 1276
1679511735114 0.5032577514648438 1277
1679511735222 0.5032950043678284 1278
1679511735333 0.5032474398612976 1279
1679511735443 0.5033005475997925 1280
1679511735571 0.5032934546470642 1281
1679511735687 0.5032306909561157 1282
1679511735799 0.5032563209533691 1283
1679511735914 0.5031920671463013 1284
1679511736023 0.5032355785369873 1285
1679511736132 0.5032118558883667 1286
1679511736247 0.5032253861427307 1287
1679511736358 0.5032029151916504 1288
1679511736469 0.5032788515090942 1289
1679511736586 0.503214418888092 1290
1679511736698 0.5032492280006409 1291
1679511736805 0.503235936164856 1292
1679511736921 0.5032356977462769 1293
1679511737049 0.5032569766044617 1294
1679511737163 0.5032137036323547 1295
1679511737275 0.5032082200050354 1296
1679511737393 0.5032709836959839 1297
1679511737504 0.5032474994659424 1298
1679511737619 0.5032088160514832 1299
1679511737733 0.5032016038894653 1300
1679511737848 0.5031877756118774 1301
1679511737960 0.5032575130462646 1302
1679511738073 0.5031984448432922 1303
1679511738182 0.5031906962394714 1304
1679511738294 0.5032036900520325 1305
1679511738411 0.5032453536987305 1306
1679511738522 0.5031812191009521 1307
1679511738631 0.5031625628471375 1308
1679511738776 0.5031885504722595 1309
1679511738887 0.503227710723877 1310
1679511739060 0.5032085180282593 1311
1679511739190 0.5032141804695129 1312
1679511739297 0.5031841993331909 1313
1679511739402 0.5031771659851074 1314
1679511739510 0.5031647086143494 1315
1679511739617 0.5031863451004028 1316
1679511739731 0.5031601190567017 1317
1679511739852 0.5031659603118896 1318
1679511739962 0.5032333135604858 1319
1679511740070 0.5031893253326416 1320
1679511740178 0.5031918287277222 1321
1679511740288 0.5031896233558655 1322
1679511740395 0.5031477808952332 1323
1679511740509 0.5031087398529053 1324
1679511740621 0.503197968006134 1325
1679511740734 0.5031605958938599 1326
1679511740843 0.503180980682373 1327
1679511740953 0.503190815448761 1328
1679511741064 0.5031651854515076 1329
1679511741172 0.5031712055206299 1330
1679511741288 0.5031787753105164 1331
1679511741397 0.5031129121780396 1332
1679511741513 0.50321364402771 1333
1679511741620 0.5031600594520569 1334
1679511741730 0.5031037330627441 1335
1679511741843 0.5031850934028625 1336
1679511741951 0.5031410455703735 1337
1679511742066 0.5031312704086304 1338
1679511742178 0.5031547546386719 1339
1679511742287 0.5031509399414062 1340
1679511742393 0.5031428337097168 1341
1679511742502 0.5031310319900513 1342
1679511742608 0.5031365752220154 1343
1679511742714 0.5030757784843445 1344
1679511742836 0.5031411647796631 1345
1679511742949 0.5030941367149353 1346
1679511743058 0.5030579566955566 1347
1679511743169 0.5031577944755554 1348
1679511743275 0.5031696557998657 1349
1679511743382 0.5030915141105652 1350
1679511743504 0.5031830072402954 1351
1679511743608 0.5031297206878662 1352
1679511743720 0.5031062364578247 1353
1679511743832 0.5031315684318542 1354
1679511743941 0.5031313896179199 1355
1679511744048 0.5031281113624573 1356
1679511744170 0.5031188726425171 1357
1679511744275 0.5031024813652039 1358
1679511744383 0.5030764937400818 1359
1679511744496 0.5031052231788635 1360
1679511744606 0.5031194090843201 1361
1679511744716 0.5030760765075684 1362
1679511744825 0.5031043887138367 1363
1679511744943 0.5031304359436035 1364
1679511745049 0.5031081438064575 1365
1679511745160 0.5031047463417053 1366
1679511745306 0.5030397176742554 1367
1679511745421 0.5030924081802368 1368
1679511745603 0.5030996799468994 1369
1679511745716 0.5030867457389832 1370
1679511745833 0.5030741095542908 1371
1679511745939 0.5031010508537292 1372
1679511746052 0.5031046867370605 1373
1679511746165 0.5031489729881287 1374
1679511746278 0.5030989050865173 1375
1679511746390 0.503089427947998 1376
1679511746502 0.5030750632286072 1377
1679511746615 0.5030530691146851 1378
1679511746722 0.5030977129936218 1379
1679511746839 0.503092885017395 1380
1679511746953 0.5030809640884399 1381
1679511747067 0.5030373930931091 1382
1679511747179 0.5031119585037231 1383
1679511747296 0.5030514597892761 1384
1679511747404 0.5030494332313538 1385
1679511747522 0.5030604600906372 1386
1679511747636 0.5029857754707336 1387
1679511747744 0.5030721426010132 1388
1679511747861 0.5030511021614075 1389
1679511747982 0.5030404329299927 1390
1679511748089 0.5030266046524048 1391
1679511748206 0.5030236840248108 1392
1679511748317 0.5030837655067444 1393
1679511748429 0.5030266046524048 1394
1679511748539 0.5030993819236755 1395
1679511748654 0.5030667781829834 1396
1679511748771 0.5030506253242493 1397
1679511748881 0.5030564069747925 1398
1679511748999 0.5030673742294312 1399
1679511749111 0.5030280351638794 1400
1679511749221 0.5030276775360107 1401
1679511749337 0.5030360817909241 1402
1679511749442 0.5030313730239868 1403
1679511749553 0.503082811832428 1404
1679511749671 0.5030277371406555 1405
1679511749792 0.5030367374420166 1406
1679511749914 0.5030310750007629 1407
1679511750055 0.5030248165130615 1408
1679511750167 0.5029893517494202 1409
1679511750286 0.5030311346054077 1410
1679511750393 0.5030016303062439 1411
1679511750502 0.5030236840248108 1412
1679511750611 0.5030058026313782 1413
1679511750720 0.5030516982078552 1414
1679511750831 0.5030343532562256 1415
1679511750948 0.5029547810554504 1416
1679511751061 0.5030001997947693 1417
1679511751174 0.503040611743927 1418
1679511751282 0.5029386878013611 1419
1679511751389 0.5030457973480225 1420
1679511751505 0.503014087677002 1421
1679511751616 0.5030105113983154 1422
1679511751724 0.5029763579368591 1423
1679511751832 0.5030239224433899 1424
1679511751947 0.5029886364936829 1425
1679511752056 0.5030239224433899 1426
1679511752167 0.5029847621917725 1427
1679511752275 0.5029967427253723 1428
1679511752398 0.5029489398002625 1429
1679511752505 0.5029420256614685 1430
1679511752613 0.5029622316360474 1431
1679511752723 0.5029476284980774 1432
1679511752840 0.5029498338699341 1433
1679511752948 0.5029668211936951 1434
1679511753064 0.5029523372650146 1435
1679511753193 0.5030165314674377 1436
1679511753309 0.5029762983322144 1437
1679511753426 0.5030286908149719 1438
1679511753537 0.5029394030570984 1439
1679511753654 0.5029595494270325 1440
1679511753765 0.5029842853546143 1441
1679511753885 0.5029497146606445 1442
1679511754005 0.5029182434082031 1443
1679511754119 0.5030033588409424 1444
1679511754230 0.5029487609863281 1445
1679511754349 0.5030000805854797 1446
1679511754467 0.5029813647270203 1447
1679511754583 0.5029644966125488 1448
1679511754700 0.5029330253601074 1449
1679511754811 0.502979576587677 1450
1679511754921 0.5029792189598083 1451
1679511755035 0.5029144883155823 1452
1679511755154 0.5029997825622559 1453
1679511755263 0.502888560295105 1454
1679511755374 0.5029210448265076 1455
1679511755484 0.5029958486557007 1456
1679511755593 0.502939760684967 1457
1679511755710 0.5029370784759521 1458
1679511755818 0.5029263496398926 1459
1679511755930 0.5029167532920837 1460
1679511756037 0.5028802156448364 1461
1679511756145 0.5029528141021729 1462
1679511756260 0.5029721260070801 1463
1679511756376 0.5029606819152832 1464
1679511756490 0.5029386878013611 1465
1679511756611 0.50295490026474 1466
1679511756731 0.5029228329658508 1467
1679511756843 0.5029117465019226 1468
1679511756972 0.502946138381958 1469
1679511757088 0.5029467344284058 1470
1679511757199 0.5029411315917969 1471
1679511757307 0.5029264688491821 1472
1679511757418 0.5029175281524658 1473
1679511757532 0.5029209852218628 1474
1679511757641 0.5028884410858154 1475
1679511757750 0.5029814839363098 1476
1679511757859 0.5029003024101257 1477
1679511757971 0.502933144569397 1478
1679511758091 0.5028974413871765 1479
1679511758230 0.5028861165046692 1480
1679511758337 0.5028988122940063 1481
1679511758450 0.5028908252716064 1482
1679511758558 0.5029236674308777 1483
1679511758671 0.5029242038726807 1484
1679511758791 0.5029648542404175 1485
1679511758916 0.5028564929962158 1486
1679511759029 0.5029245615005493 1487
1679511759140 0.5028931498527527 1488
1679511759250 0.5029101967811584 1489
1679511759360 0.5028945803642273 1490
1679511759488 0.5028935074806213 1491
1679511759599 0.5028913617134094 1492
1679511759713 0.5029159188270569 1493
1679511759821 0.50286865234375 1494
1679511759936 0.502840518951416 1495
1679511760055 0.5028588771820068 1496
1679511760192 0.5029076337814331 1497
1679511760319 0.502880871295929 1498
1679511760453 0.5028448700904846 1499
1679511760564 0.5028323531150818 1500
1679511760680 0.502863883972168 1501
1679511760801 0.5029033422470093 1502
1679511760911 0.5028786063194275 1503
1679511761023 0.5028706192970276 1504
1679511761135 0.502853274345398 1505
1679511761248 0.5028094053268433 1506
1679511761366 0.5028730034828186 1507
1679511761478 0.5028762221336365 1508
1679511761592 0.502876877784729 1509
1679511761699 0.5028859376907349 1510
1679511761816 0.5027703642845154 1511
1679511761928 0.5028491020202637 1512
1679511762037 0.5028681755065918 1513
1679511762169 0.5028411149978638 1514
1679511762282 0.5028536915779114 1515
1679511762395 0.5028557777404785 1516
1679511762502 0.5028197169303894 1517
1679511762612 0.5028195381164551 1518
1679511762721 0.502860963344574 1519
1679511762842 0.5028113722801208 1520
1679511762956 0.5028037428855896 1521
1679511763070 0.5028606057167053 1522
1679511763181 0.5028494596481323 1523
1679511763288 0.5028683543205261 1524
1679511763403 0.5028495788574219 1525
1679511763525 0.5028128027915955 1526
1679511763638 0.502826988697052 1527
1679511763754 0.5028199553489685 1528
1679511763862 0.5028524398803711 1529
1679511763970 0.5028087496757507 1530
1679511764084 0.5027498602867126 1531
1679511764204 0.5028324127197266 1532
1679511764321 0.5028113722801208 1533
1679511764438 0.5028355121612549 1534
1679511764549 0.5027958154678345 1535
1679511764658 0.5027884244918823 1536
1679511764776 0.5028200149536133 1537
1679511764888 0.5028052926063538 1538
1679511765018 0.5028608441352844 1539
1679511765141 0.5028071999549866 1540
1679511765255 0.5028051733970642 1541
1679511765371 0.5028278231620789 1542
1679511765486 0.5028388500213623 1543
1679511765613 0.5028094053268433 1544
1679511765723 0.5027950406074524 1545
1679511765836 0.5027662515640259 1546
1679511765948 0.502817690372467 1547
1679511766058 0.5028187036514282 1548
1679511766181 0.5028436779975891 1549
1679511766297 0.5027205944061279 1550
1679511766421 0.5028132796287537 1551
1679511766539 0.5027357935905457 1552
1679511766658 0.5027764439582825 1553
1679511766776 0.502809464931488 1554
1679511766897 0.5028163194656372 1555
1679511767007 0.5028010010719299 1556
1679511767133 0.5027798414230347 1557
1679511767245 0.502818763256073 1558
1679511767366 0.5028052926063538 1559
1679511767476 0.502753734588623 1560
1679511767591 0.5028151869773865 1561
1679511767703 0.5027572512626648 1562
1679511767813 0.5028303265571594 1563
1679511767935 0.5027953386306763 1564
1679511768042 0.5027484893798828 1565
1679511768163 0.5027603507041931 1566
1679511768277 0.5027594566345215 1567
1679511768394 0.5028116703033447 1568
1679511768511 0.502738356590271 1569
1679511768623 0.5027856826782227 1570
1679511768743 0.5027931332588196 1571
1679511768873 0.5027274489402771 1572
1679511768986 0.5027849078178406 1573
1679511769097 0.5027602910995483 1574
1679511769213 0.5027614831924438 1575
1679511769323 0.5027540326118469 1576
1679511769441 0.5027920603752136 1577
1679511769561 0.5027238726615906 1578
1679511769668 0.5027213096618652 1579
1679511769780 0.5027651786804199 1580
1679511769890 0.5027502179145813 1581
1679511770004 0.5027850270271301 1582
1679511770125 0.5027826428413391 1583
1679511770241 0.5027947425842285 1584
1679511770365 0.5027668476104736 1585
1679511770474 0.5027672052383423 1586
1679511770587 0.5027666091918945 1587
1679511770701 0.5027484893798828 1588
1679511770816 0.5027192831039429 1589
1679511770930 0.5027042031288147 1590
1679511771060 0.5027300715446472 1591
1679511771172 0.5027346014976501 1592
1679511771285 0.5027031302452087 1593
1679511771400 0.5026993155479431 1594
1679511771520 0.5027482509613037 1595
1679511771632 0.5027646422386169 1596
1679511771749 0.5026234984397888 1597
1679511771855 0.5027441382408142 1598
1679511771968 0.5027044415473938 1599
1679511772079 0.5026883482933044 1600
1679511772187 0.5027586817741394 1601
1679511772300 0.5027198195457458 1602
1679511772407 0.5027110576629639 1603
1679511772518 0.5027053952217102 1604
1679511772626 0.5027130842208862 1605
1679511772735 0.5026663541793823 1606
1679511772857 0.5027555823326111 1607
1679511772966 0.5027245283126831 1608
1679511773076 0.5027420520782471 1609
1679511773190 0.5027589797973633 1610
1679511773303 0.5026447176933289 1611
1679511773418 0.5027365684509277 1612
1679511773538 0.5027270317077637 1613
1679511773651 0.5027292370796204 1614
1679511773767 0.5026805400848389 1615
1679511773881 0.5026934742927551 1616
1679511773994 0.5026867985725403 1617
1679511774110 0.5027658343315125 1618
1679511774232 0.5026382207870483 1619
1679511774353 0.5027497410774231 1620
1679511774465 0.5026724338531494 1621
1679511774574 0.5026881098747253 1622
1679511774693 0.5027052760124207 1623
1679511774805 0.5026631355285645 1624
1679511774920 0.502614438533783 1625
1679511775064 0.5027194619178772 1626
1679511775184 0.5027099847793579 1627
1679511775298 0.5026637315750122 1628
1679511775418 0.5026969313621521 1629
1679511775548 0.5026203393936157 1630
1679511775686 0.5026780962944031 1631
1679511775803 0.5027507543563843 1632
1679511775913 0.5026970505714417 1633
1679511776032 0.5026682019233704 1634
1679511776142 0.502631664276123 1635
1679511776261 0.5026516318321228 1636
1679511776375 0.5026355385780334 1637
1679511776491 0.502717912197113 1638
1679511776620 0.502697765827179 1639
1679511776727 0.5026590824127197 1640
1679511776853 0.50263512134552 1641
1679511776968 0.5026775598526001 1642
1679511777079 0.5026434063911438 1643
1679511777192 0.5026705861091614 1644
1679511777302 0.50258469581604 1645
1679511777416 0.5026760101318359 1646
1679511777535 0.5026751756668091 1647
1679511777644 0.5026662349700928 1648
1679511777754 0.5026125907897949 1649
1679511777867 0.5026212334632874 1650
1679511777976 0.5026913285255432 1651
1679511778086 0.5026558637619019 1652
1679511778207 0.5026009678840637 1653
1679511778320 0.5027191042900085 1654
1679511778433 0.5026363134384155 1655
1679511778546 0.5026348233222961 1656
1679511778661 0.5026453137397766 1657
1679511778779 0.5026383399963379 1658
1679511778888 0.5026145577430725 1659
1679511779000 0.5026497840881348 1660
1679511779115 0.5025814771652222 1661
1679511779224 0.5026566386222839 1662
1679511779349 0.5026443600654602 1663
1679511779458 0.5026417970657349 1664
1679511779567 0.5026063323020935 1665
1679511779679 0.5026654601097107 1666
1679511779789 0.5025849938392639 1667
1679511779900 0.5025902390480042 1668
1679511780026 0.5026205778121948 1669
1679511780132 0.5025649666786194 1670
1679511780246 0.5026500821113586 1671
1679511780357 0.502526044845581 1672
1679511780478 0.5026403069496155 1673
1679511780602 0.5026941299438477 1674
1679511780715 0.5026103258132935 1675
1679511780824 0.5026199817657471 1676
1679511780935 0.5026456713676453 1677
1679511781052 0.5025649070739746 1678
1679511781166 0.5026338696479797 1679
1679511781277 0.5026168823242188 1680
1679511781387 0.5025840997695923 1681
1679511781499 0.502605140209198 1682
1679511781615 0.5025990009307861 1683
1679511781729 0.5025690197944641 1684
1679511781845 0.5026183724403381 1685
1679511781955 0.5025879740715027 1686
1679511782063 0.5025028586387634 1687
1679511782179 0.5026014447212219 1688
1679511782290 0.5026451349258423 1689
1679511782403 0.5025471448898315 1690
1679511782521 0.5025715231895447 1691
1679511782632 0.502569317817688 1692
1679511782743 0.5025903582572937 1693
1679511782851 0.5025672912597656 1694
1679511782967 0.5025476813316345 1695
1679511783085 0.5025742650032043 1696
1679511783196 0.5026202201843262 1697
1679511783307 0.5026305913925171 1698
1679511783417 0.5025865435600281 1699
1679511783538 0.5025469660758972 1700
1679511783656 0.5025454163551331 1701
1679511783764 0.5026063323020935 1702
1679511783877 0.5025843977928162 1703
1679511783995 0.5025643110275269 1704
1679511784105 0.5025485754013062 1705
1679511784231 0.5025495886802673 1706
1679511784340 0.5025654435157776 1707
1679511784447 0.5025855898857117 1708
1679511784567 0.5025628209114075 1709
1679511784682 0.5025414824485779 1710
1679511784807 0.502545177936554 1711
1679511784918 0.5026001334190369 1712
1679511785035 0.5025802850723267 1713
1679511785150 0.502595067024231 1714
1679511785265 0.5025528073310852 1715
1679511785389 0.5025430917739868 1716
1679511785503 0.5025712847709656 1717
1679511785619 0.5025485157966614 1718
1679511785734 0.502558708190918 1719
1679511785848 0.5025538206100464 1720
1679511785970 0.5025545358657837 1721
1679511786083 0.5025491118431091 1722
1679511786199 0.5025128722190857 1723
1679511786315 0.5025919079780579 1724
1679511786429 0.5025368928909302 1725
1679511786542 0.502545952796936 1726
1679511786655 0.5025310516357422 1727
1679511786773 0.5025597214698792 1728
1679511786885 0.5025302767753601 1729
1679511786993 0.5025038123130798 1730
1679511787109 0.5025572776794434 1731
1679511787222 0.5025702714920044 1732
1679511787338 0.5024927258491516 1733
1679511787454 0.5025935769081116 1734
1679511787567 0.5025289058685303 1735
1679511787683 0.5024600028991699 1736
1679511787792 0.5025102496147156 1737
1679511787899 0.5025705695152283 1738
1679511788006 0.5024938583374023 1739
1679511788117 0.502480149269104 1740
1679511788224 0.5024678707122803 1741
1679511788349 0.502473771572113 1742
1679511788460 0.502498209476471 1743
1679511788577 0.5025158524513245 1744
1679511788691 0.5025114417076111 1745
1679511788799 0.5024937391281128 1746
1679511788912 0.5025246143341064 1747
1679511789035 0.5024703145027161 1748
1679511789148 0.5024681091308594 1749
1679511789263 0.5025151968002319 1750
1679511789374 0.5024839043617249 1751
1679511789493 0.5025163292884827 1752
1679511789604 0.5024667978286743 1753
1679511789713 0.5024912357330322 1754
1679511789824 0.5024372339248657 1755
1679511789939 0.5025681257247925 1756
1679511790056 0.5024843811988831 1757
1679511790164 0.5024818181991577 1758
1679511790276 0.5024979114532471 1759
1679511790390 0.5024937987327576 1760
1679511790509 0.502529501914978 1761
1679511790630 0.5024397969245911 1762
1679511790745 0.5025030970573425 1763
1679511790857 0.5025304555892944 1764
1679511790966 0.5024504661560059 1765
1679511791078 0.5024933218955994 1766
1679511791207 0.5024809837341309 1767
1679511791319 0.5024919509887695 1768
1679511791431 0.5025001168251038 1769
1679511791536 0.502497673034668 1770
1679511791645 0.5024730563163757 1771
1679511791754 0.5023749470710754 1772
1679511791870 0.5025149583816528 1773
1679511791989 0.502426266670227 1774
1679511792099 0.5024392604827881 1775
1679511792216 0.502485990524292 1776
1679511792328 0.5023612976074219 1777
1679511792440 0.5024980306625366 1778
1679511792555 0.5024087429046631 1779
1679511792671 0.5024669170379639 1780
1679511792791 0.502478837966919 1781
1679511792900 0.502491295337677 1782
1679511793012 0.5024694204330444 1783
1679511793121 0.5024121403694153 1784
1679511793239 0.5024770498275757 1785
1679511793356 0.502459704875946 1786
1679511793467 0.5024170875549316 1787
1679511793579 0.5024318695068359 1788
1679511793687 0.5023974180221558 1789
1679511793804 0.5024874806404114 1790
1679511793909 0.5024303197860718 1791
1679511794023 0.5023859143257141 1792
1679511794132 0.502466082572937 1793
1679511794239 0.5024363398551941 1794
1679511794346 0.5024400353431702 1795
1679511794462 0.5024406313896179 1796
1679511794582 0.5024203062057495 1797
1679511794705 0.5024557113647461 1798
1679511794815 0.5024256110191345 1799
1679511794926 0.5024340748786926 1800
1679511795042 0.5024267435073853 1801
1679511795153 0.502415657043457 1802
1679511795290 0.5024542212486267 1803
1679511795400 0.5024102926254272 1804
1679511795508 0.502353310585022 1805
1679511795623 0.5024483799934387 1806
1679511795735 0.5024144649505615 1807
1679511795855 0.5024384260177612 1808
1679511795964 0.5023519992828369 1809
1679511796078 0.5024590492248535 1810
1679511796193 0.5024299621582031 1811
1679511796304 0.5024223923683167 1812
1679511796423 0.5024662017822266 1813
1679511796539 0.5023611187934875 1814
1679511796654 0.5023804903030396 1815
1679511796770 0.5024182200431824 1816
1679511796884 0.5024129748344421 1817
1679511797004 0.5024248957633972 1818
1679511797119 0.502392590045929 1819
1679511797231 0.5023844242095947 1820
1679511797344 0.5024091005325317 1821
1679511797472 0.502385675907135 1822
1679511797579 0.5024338960647583 1823
1679511797691 0.5024033188819885 1824
1679511797801 0.5023844242095947 1825
1679511797912 0.5023738741874695 1826
1679511798030 0.5024154186248779 1827
1679511798140 0.5024011135101318 1828
1679511798246 0.5023716688156128 1829
1679511798358 0.5024025440216064 1830
1679511798481 0.5024420022964478 1831
1679511798590 0.50239497423172 1832
1679511798706 0.5023348331451416 1833
1679511798817 0.5023645162582397 1834
1679511798931 0.5023880004882812 1835
1679511799052 0.5023789405822754 1836
1679511799167 0.5023841857910156 1837
1679511799277 0.5023359060287476 1838
1679511799382 0.5024406909942627 1839
1679511799496 0.5023326277732849 1840
1679511799613 0.5023843050003052 1841
1679511799726 0.5023506283760071 1842
1679511799835 0.5023589730262756 1843
1679511799947 0.5024126768112183 1844
1679511800062 0.5023717880249023 1845
1679511800182 0.5023737549781799 1846
1679511800291 0.50236576795578 1847
1679511800399 0.5023622512817383 1848
1679511800508 0.5023132562637329 1849
1679511800623 0.5023695230484009 1850
1679511800747 0.5023492574691772 1851
1679511800855 0.5023306012153625 1852
1679511800967 0.5023530125617981 1853
1679511801075 0.5023440718650818 1854
1679511801195 0.502386212348938 1855
1679511801312 0.5023513436317444 1856
1679511801418 0.5023806095123291 1857
1679511801528 0.5023865103721619 1858
1679511801647 0.5023689866065979 1859
1679511801759 0.5023230314254761 1860
1679511801870 0.5023302435874939 1861
1679511801982 0.5023680925369263 1862
1679511802095 0.5023033022880554 1863
1679511802208 0.5023422837257385 1864
1679511802319 0.5023452639579773 1865
1679511802428 0.5023086071014404 1866
1679511802543 0.5023563504219055 1867
1679511802650 0.5023228526115417 1868
1679511802761 0.5023698210716248 1869
1679511802879 0.5023636817932129 1870
1679511802988 0.5023732781410217 1871
1679511803102 0.5023072957992554 1872
1679511803220 0.5023926496505737 1873
1679511803328 0.5022739768028259 1874
1679511803441 0.5023676156997681 1875
1679511803549 0.5023018717765808 1876
1679511803658 0.5023349523544312 1877
1679511803774 0.5023244619369507 1878
1679511803886 0.5023481845855713 1879
1679511803996 0.5023179054260254 1880
1679511804105 0.5022746920585632 1881
1679511804212 0.5023157000541687 1882
1679511804321 0.5022849440574646 1883
1679511804436 0.5023019909858704 1884
1679511804546 0.5022788047790527 1885
1679511804654 0.5023036599159241 1886
1679511804768 0.5022656321525574 1887
1679511804886 0.5023267269134521 1888
1679511805001 0.5023450255393982 1889
1679511805110 0.5023666024208069 1890
1679511805298 0.5023133754730225 1891
1679511805409 0.5022728443145752 1892
1679511805519 0.5023201107978821 1893
1679511805631 0.5023242235183716 1894
1679511805748 0.5023133754730225 1895
1679511805859 0.5023141503334045 1896
1679511805970 0.502333402633667 1897
1679511806081 0.5022467970848083 1898
1679511806190 0.5023336410522461 1899
1679511806305 0.502336323261261 1900
1679511806417 0.5022955536842346 1901
1679511806531 0.5023053884506226 1902
1679511806642 0.5023145079612732 1903
1679511806750 0.5022775530815125 1904
1679511806868 0.5023444294929504 1905
1679511806981 0.5022372603416443 1906
1679511807103 0.5023049712181091 1907
1679511807214 0.5022827982902527 1908
1679511807327 0.502292275428772 1909
1679511807434 0.5022682547569275 1910
1679511807557 0.5023138523101807 1911
1679511807665 0.5023310780525208 1912
1679511807775 0.502313494682312 1913
1679511807887 0.5022249221801758 1914
1679511807997 0.502253532409668 1915
1679511808105 0.5023317933082581 1916
1679511808225 0.5022295117378235 1917
1679511808333 0.502244234085083 1918
1679511808443 0.502221405506134 1919
1679511808551 0.5023055076599121 1920
1679511808670 0.5022274255752563 1921
1679511808781 0.5022770762443542 1922
1679511808910 0.5022351145744324 1923
1679511809031 0.5022955536842346 1924
1679511809145 0.5023074746131897 1925
1679511809260 0.5022332668304443 1926
1679511809373 0.5022662878036499 1927
1679511809499 0.5023019909858704 1928
1679511809614 0.5022979378700256 1929
1679511809729 0.5022028088569641 1930
1679511809846 0.5022838711738586 1931
1679511809967 0.5022767782211304 1932
1679511810086 0.5022702217102051 1933
1679511810196 0.5022282004356384 1934
1679511810311 0.502201497554779 1935
1679511810422 0.5022435188293457 1936
1679511810537 0.5022924542427063 1937
1679511810659 0.5022343397140503 1938
1679511810770 0.5022775530815125 1939
1679511810881 0.5022581219673157 1940
1679511811002 0.5022444725036621 1941
1679511811115 0.5022329688072205 1942
1679511811233 0.502257227897644 1943
1679511811350 0.5022679567337036 1944
1679511811463 0.5021702647209167 1945
1679511811574 0.5022475123405457 1946
1679511811692 0.5022816061973572 1947
1679511811803 0.5022172927856445 1948
1679511811919 0.5022744536399841 1949
1679511812035 0.502212405204773 1950
1679511812152 0.5022382140159607 1951
1679511812266 0.5022516250610352 1952
1679511812380 0.5022495985031128 1953
1679511812489 0.5022738575935364 1954
1679511812605 0.5021724700927734 1955
1679511812724 0.5022106766700745 1956
1679511812837 0.5022010207176208 1957
1679511812962 0.5022387504577637 1958
1679511813073 0.5022563934326172 1959
1679511813198 0.5021602511405945 1960
1679511813307 0.5022401213645935 1961
1679511813425 0.5021901726722717 1962
1679511813539 0.5021704435348511 1963
1679511813652 0.5022624731063843 1964
1679511813779 0.5022377967834473 1965
1679511813890 0.5022323131561279 1966
1679511814004 0.5022059082984924 1967
1679511814117 0.5022022128105164 1968
1679511814231 0.5021668076515198 1969
1679511814348 0.5022160410881042 1970
1679511814464 0.5022305250167847 1971
1679511814580 0.5022104978561401 1972
1679511814694 0.5021661520004272 1973
1679511814804 0.5022176504135132 1974
1679511814925 0.5021485090255737 1975
1679511815046 0.5021703839302063 1976
1679511815163 0.5021623373031616 1977
1679511815287 0.5021647810935974 1978
1679511815403 0.5022321939468384 1979
1679511815521 0.5021636486053467 1980
1679511815629 0.5021745562553406 1981
1679511815777 0.502219021320343 1982
1679511815889 0.5022115707397461 1983
1679511816015 0.502195417881012 1984
1679511816142 0.502175509929657 1985
1679511816281 0.5021692514419556 1986
1679511816422 0.5022168755531311 1987
1679511816532 0.5021765232086182 1988
1679511816647 0.5021828413009644 1989
1679511816761 0.5021378993988037 1990
1679511816878 0.5022248029708862 1991
1679511816990 0.5021512508392334 1992
1679511817106 0.5022018551826477 1993
1679511817228 0.5021693706512451 1994
1679511817340 0.5022158622741699 1995
1679511817463 0.5022109746932983 1996
1679511817573 0.5021467804908752 1997
1679511817686 0.5021814107894897 1998
1679511817796 0.5021787881851196 1999
