1679511463733 0.6934509873390198 0
1679511463835 0.7051025032997131 1
1679511463936 0.7073120474815369 2
1679511464034 0.7296773195266724 3
1679511464133 0.7349547147750854 4
1679511464232 0.7354156970977783 5
1679511464331 0.7368304133415222 6
1679511464427 0.737577497959137 7
1679511464532 0.7378159165382385 8
1679511464642 0.7384517788887024 9
1679511464745 0.7383404970169067 10
1679511464856 0.7389286160469055 11
1679511464970 0.7393578290939331 12
1679511465073 0.7387696504592896 13
1679511465180 0.7393736839294434 14
1679511465287 0.7393736839294434 15
1679511465388 0.7397234439849854 16
1679511465488 0.7400254607200623 17
1679511465599 0.7395803332328796 18
1679511465713 0.7401843667030334 19
1679511465816 0.7399300336837769 20
1679511465918 0.7403433322906494 21
1679511466020 0.7398346662521362 22
1679511466118 0.7400572299957275 23
1679511466221 0.7411381602287292 24
1679511466323 0.7401685118675232 25
1679511466424 0.740756630897522 26
1679511466522 0.7408202290534973 27
1679511466620 0.7415037155151367 28
1679511466718 0.7413129806518555 29
1679511466844 0.7409791946411133 30
1679511466957 0.7412493824958801 31
1679511467062 0.7417739629745483 32
1679511467173 0.7409791946411133 33
1679511467280 0.7412493824958801 34
1679511467386 0.7414083480834961 35
1679511467492 0.7422031760215759 36
1679511467593 0.7420123815536499 37
1679511467697 0.7416149973869324 38
1679511467799 0.7417421936988831 39
1679511467901 0.7419010996818542 40
1679511468004 0.7421872615814209 41
1679511468104 0.7420123815536499 42
1679511468205 0.7423303127288818 43
1679511468304 0.74204421043396 44
1679511468402 0.7424097657203674 45
1679511468506 0.7423620820045471 46
1679511468620 0.7423939108848572 47
1679511468728 0.742680013179779 48
1679511468829 0.7424574494361877 49
1679511468931 0.7422349452972412 50
1679511469032 0.7424574494361877 51
1679511469137 0.7427436113357544 52
1679511469239 0.7430933117866516 53
1679511469344 0.7428072094917297 54
1679511469448 0.7429184317588806 55
1679511469549 0.7430297136306763 56
1679511469648 0.7430456280708313 57
1679511469747 0.7436655759811401 58
1679511469852 0.7427117824554443 59
1679511469968 0.7429502606391907 60
1679511470073 0.742838978767395 61
1679511470184 0.7436337471008301 62
1679511470288 0.7433794140815735 63
1679511470391 0.7432681322097778 64
1679511470495 0.7432840466499329 65
1679511470594 0.7438086271286011 66
1679511470692 0.7435542941093445 67
1679511470789 0.7436655759811401 68
1679511470891 0.7435702085494995 69
1679511471036 0.743967592716217 70
1679511471138 0.7439993619918823 71
1679511471272 0.7437132596969604 72
1679511471372 0.7438244819641113 73
1679511471469 0.7442536950111389 74
1679511471566 0.7436973452568054 75
1679511471670 0.7438563108444214 76
1679511471769 0.7439199090003967 77
1679511471870 0.7438244819641113 78
1679511471969 0.7442536950111389 79
1679511472070 0.7445716261863708 80
1679511472169 0.7439039945602417 81
1679511472269 0.7445397973060608 82
1679511472367 0.7445397973060608 83
1679511472465 0.7438722252845764 84
1679511472561 0.7444603443145752 85
1679511472659 0.7441583275794983 86
1679511472763 0.7442219257354736 87
1679511472861 0.7443649768829346 88
1679511472963 0.7446351647377014 89
1679511473062 0.7444444298744202 90
1679511473160 0.7448100447654724 91
1679511473262 0.7446351647377014 92
1679511473363 0.7445557117462158 93
1679511473462 0.7443808913230896 94
1679511473561 0.7451915144920349 95
1679511473660 0.744905412197113 96
1679511473763 0.7451120615005493 97
1679511473869 0.7450961470603943 98
1679511473972 0.7448736429214478 99
