1679511463733 0.6496371030807495 0
1679511463835 0.6026581525802612 1
1679511463936 0.5757755041122437 2
1679511464034 0.5564067363739014 3
1679511464133 0.5431216359138489 4
1679511464232 0.5346706509590149 5
1679511464331 0.5298064351081848 6
1679511464427 0.5270745158195496 7
1679511464532 0.5254850387573242 8
1679511464642 0.5245410203933716 9
1679511464745 0.5238690376281738 10
1679511464856 0.5233818292617798 11
1679511464970 0.5229549407958984 12
1679511465073 0.5226520299911499 13
1679511465180 0.5223525166511536 14
1679511465287 0.522100567817688 15
1679511465388 0.5218637585639954 16
1679511465488 0.5216454267501831 17
1679511465599 0.5214263200759888 18
1679511465713 0.5212162733078003 19
1679511465816 0.5210239291191101 20
1679511465918 0.5208364129066467 21
1679511466020 0.5206813216209412 22
1679511466118 0.5204967260360718 23
1679511466221 0.520361602306366 24
1679511466323 0.5202115178108215 25
1679511466424 0.5200797915458679 26
1679511466522 0.5199573040008545 27
1679511466620 0.5198349356651306 28
1679511466718 0.5197094082832336 29
1679511466844 0.5196152329444885 30
1679511466957 0.5195011496543884 31
1679511467062 0.5193895697593689 32
1679511467173 0.5192771553993225 33
1679511467280 0.5191923379898071 34
1679511467386 0.5190839767456055 35
1679511467492 0.5189497470855713 36
1679511467593 0.5188757181167603 37
1679511467697 0.5187724232673645 38
1679511467799 0.5187153816223145 39
1679511467901 0.5186281204223633 40
1679511468004 0.5185338258743286 41
1679511468104 0.5184460878372192 42
1679511468205 0.5183572769165039 43
1679511468304 0.518317699432373 44
1679511468402 0.518231213092804 45
1679511468506 0.5181618928909302 46
1679511468620 0.5180886387825012 47
1679511468728 0.5179798007011414 48
1679511468829 0.5179712176322937 49
1679511468931 0.5178775191307068 50
1679511469032 0.5178388357162476 51
1679511469137 0.5177626013755798 52
1679511469239 0.5176677107810974 53
1679511469344 0.5176078081130981 54
1679511469448 0.5175566077232361 55
1679511469549 0.5174751281738281 56
1679511469648 0.5173981785774231 57
1679511469747 0.517346203327179 58
1679511469852 0.5172790288925171 59
1679511469968 0.517107367515564 60
1679511470073 0.5171658992767334 61
1679511470184 0.5170643329620361 62
1679511470288 0.5170148015022278 63
1679511470391 0.5169521570205688 64
1679511470495 0.516931414604187 65
1679511470594 0.5168454051017761 66
1679511470692 0.5167606472969055 67
1679511470789 0.5167266726493835 68
1679511470891 0.5166851878166199 69
1679511471036 0.5166258215904236 70
1679511471138 0.5165593028068542 71
1679511471272 0.5164811015129089 72
1679511471372 0.516444206237793 73
1679511471469 0.5163721442222595 74
1679511471566 0.5163593292236328 75
1679511471670 0.5162815451622009 76
1679511471769 0.5162189602851868 77
1679511471870 0.5161225199699402 78
1679511471969 0.5161162614822388 79
1679511472070 0.516071081161499 80
1679511472169 0.516004741191864 81
1679511472269 0.5159492492675781 82
1679511472367 0.5158776640892029 83
1679511472465 0.5158261656761169 84
1679511472561 0.5157586336135864 85
1679511472659 0.5157496929168701 86
1679511472763 0.5156746506690979 87
1679511472861 0.5156055688858032 88
1679511472963 0.5155768394470215 89
1679511473062 0.5155037045478821 90
1679511473160 0.515470027923584 91
1679511473262 0.5153955817222595 92
1679511473363 0.5153521299362183 93
1679511473462 0.5153259634971619 94
1679511473561 0.5152179598808289 95
1679511473660 0.5151380300521851 96
1679511473763 0.5151395201683044 97
1679511473869 0.5150951147079468 98
1679511473972 0.5150424838066101 99
