1679781533659 0.7252901196479797 0
1679781533783 0.7391511797904968 1
1679781533904 0.7400889992713928 2
1679781534021 0.7406930327415466 3
1679781534137 0.7409473657608032 4
1679781534253 0.7402956485748291 5
1679781534374 0.7418216466903687 6
1679781534490 0.7421554327011108 7
1679781534609 0.7423779964447021 8
1679781534728 0.7427912950515747 9
1679781534844 0.7434589266777039 10
1679781534958 0.7444444298744202 11
1679781535079 0.7451915144920349 12
1679781535197 0.7447146773338318 13
1679781535316 0.7454458475112915 14
1679781535436 0.7455253601074219 15
1679781535565 0.7458114624023438 16
1679781535683 0.7458909749984741 17
1679781535804 0.7467970252037048 18
1679781535924 0.7471944093704224 19
1679781536040 0.7466539740562439 20
1679781536157 0.7470672130584717 21
1679781536276 0.7471944093704224 22
1679781536400 0.7470831274986267 23
1679781536521 0.7475758790969849 24
1679781536644 0.7470195293426514 25
1679781536763 0.747146725654602 26
1679781536883 0.7469559907913208 27
1679781537003 0.7470195293426514 28
1679781537121 0.7472261786460876 29
1679781537237 0.7484501600265503 30
1679781537359 0.7477507591247559 31
1679781537478 0.7476713061332703 32
1679781537595 0.7482117414474487 33
1679781537713 0.7483388781547546 34
1679781537832 0.7483547925949097 35
1679781537952 0.7481163740158081 36
1679781538085 0.7473851442337036 37
1679781538202 0.748386561870575 38
1679781538320 0.7484342455863953 39
1679781538438 0.7484501600265503 40
1679781538558 0.7477984428405762 41
1679781538677 0.7488634586334229 42
1679781538796 0.7487521767616272 43
1679781538920 0.7487204074859619 44
1679781539035 0.7484342455863953 45
1679781539153 0.7489429116249084 46
1679781539270 0.7490701079368591 47
1679781539391 0.7489270567893982 48
1679781539508 0.7494515776634216 49
1679781539624 0.7477825284004211 50
1679781539741 0.7494038939476013 51
1679781539854 0.749197244644165 52
1679781539969 0.7490860223770142 53
1679781540088 0.7497854232788086 54
1679781540211 0.7489270567893982 55
1679781540334 0.749531090259552 56
1679781540455 0.7494992613792419 57
1679781540578 0.7493880391120911 58
1679781540698 0.7500079274177551 59
1679781540815 0.7491654753684998 60
1679781540933 0.7497377395629883 61
1679781541050 0.7499443888664246 62
1679781541166 0.7489905953407288 63
1679781541288 0.7495946884155273 64
1679781541411 0.7490860223770142 65
1679781541535 0.749690055847168 66
1679781541655 0.7501032948493958 67
1679781541774 0.7494674921035767 68
1679781541896 0.7503258585929871 69
1679781542012 0.7504053115844727 70
1679781542129 0.7504053115844727 71
1679781542255 0.7495787739753723 72
1679781542376 0.7497535943984985 73
1679781542492 0.7503258585929871 74
1679781542611 0.7502464056015015 75
1679781542726 0.7497854232788086 76
1679781542859 0.7495946884155273 77
1679781542974 0.7497535943984985 78
1679781543091 0.7497535943984985 79
1679781543207 0.7499443888664246 80
1679781543326 0.7508981227874756 81
1679781543440 0.750484824180603 82
1679781543555 0.7494038939476013 83
1679781543673 0.7501351237297058 84
1679781543788 0.7505801916122437 85
1679781543904 0.7501510381698608 86
1679781544018 0.7497535943984985 87
1679781544134 0.7495628595352173 88
1679781544254 0.7502145767211914 89
1679781544373 0.7504530549049377 90
1679781544494 0.7495469450950623 91
1679781544620 0.7488793730735779 92
1679781544737 0.7501032948493958 93
1679781544857 0.7505007386207581 94
1679781544975 0.7505801916122437 95
1679781545097 0.7506755590438843 96
1679781545221 0.7499125599861145 97
1679781545343 0.7507868409156799 98
1679781545459 0.7504530549049377 99
1679781545581 0.7501828074455261 100
1679781545700 0.7507709264755249 101
1679781545823 0.7503735423088074 102
1679781545946 0.7509775757789612 103
1679781546066 0.7494674921035767 104
1679781546184 0.7497695088386536 105
1679781546301 0.7514544725418091 106
1679781546418 0.7508822083473206 107
1679781546535 0.7504053115844727 108
1679781546659 0.7500556111335754 109
1679781546778 0.7505007386207581 110
1679781546901 0.7503576278686523 111
1679781547024 0.7507550716400146 112
1679781547147 0.7509139776229858 113
1679781547272 0.7504371404647827 114
1679781547389 0.7504212260246277 115
1679781547511 0.7510252594947815 116
1679781547628 0.7513908743858337 117
1679781547748 0.7510094046592712 118
1679781547866 0.7505801916122437 119
1679781547983 0.7505642771720886 120
1679781548098 0.7513114213943481 121
1679781548223 0.7499443888664246 122
1679781548342 0.7509298920631409 123
1679781548465 0.7506596446037292 124
1679781548591 0.7512478232383728 125
1679781548710 0.7508504390716553 126
1679781548831 0.7511047720909119 127
1679781548956 0.7511047720909119 128
1679781549073 0.7506755590438843 129
1679781549194 0.7504371404647827 130
1679781549318 0.7507709264755249 131
1679781549442 0.7510570883750916 132
1679781549560 0.7506596446037292 133
1679781549679 0.7518677711486816 134
1679781549798 0.750627875328064 135
1679781549915 0.7504371404647827 136
1679781550042 0.7513431906700134 137
1679781550160 0.7504530549049377 138
1679781550290 0.7510570883750916 139
1679781550407 0.7505484223365784 140
1679781550528 0.7507709264755249 141
1679781550648 0.7507232427597046 142
1679781550765 0.7502781748771667 143
1679781550889 0.7504530549049377 144
1679781551007 0.7508345246315002 145
1679781551124 0.750802755355835 146
1679781551239 0.7507391571998596 147
1679781551364 0.7502464056015015 148
1679781551487 0.7512795925140381 149
1679781551605 0.7507550716400146 150
1679781551722 0.7507232427597046 151
1679781551845 0.7510411739349365 152
1679781551963 0.7509298920631409 153
1679781552080 0.7510252594947815 154
1679781552202 0.7512159943580627 155
1679781552323 0.750643789768219 156
1679781552445 0.7508822083473206 157
1679781552566 0.7506755590438843 158
1679781552685 0.7515021562576294 159
1679781552804 0.750627875328064 160
1679781552925 0.7517246603965759 161
1679781553045 0.7512637376785278 162
1679781553164 0.7507073879241943 163
1679781553282 0.750802755355835 164
1679781553403 0.7511524558067322 165
1679781553522 0.7512159943580627 166
1679781553647 0.750627875328064 167
1679781553769 0.7504053115844727 168
1679781553889 0.7513908743858337 169
1679781554009 0.7506755590438843 170
1679781554139 0.7510570883750916 171
1679781554263 0.7512159943580627 172
1679781554390 0.7513749599456787 173
1679781554518 0.7504053115844727 174
1679781554639 0.7507550716400146 175
1679781554756 0.7515498399734497 176
1679781554874 0.751613438129425 177
1679781554992 0.7511683106422424 178
1679781555116 0.750468909740448 179
1679781555236 0.7509139776229858 180
1679781555351 0.7520902752876282 181
1679781555469 0.7521221041679382 182
1679781555587 0.7513272762298584 183
1679781555702 0.7508345246315002 184
1679781555820 0.7517723441123962 185
1679781555942 0.7516452074050903 186
1679781556057 0.7510570883750916 187
1679781556175 0.7509139776229858 188
1679781556296 0.7513431906700134 189
1679781556417 0.7517088055610657 190
1679781556541 0.7512795925140381 191
1679781556667 0.7524876594543457 192
1679781556786 0.7509617209434509 193
1679781556905 0.7501668930053711 194
1679781557024 0.7516452074050903 195
1679781557144 0.7514067888259888 196
1679781557269 0.7511524558067322 197
1679781557390 0.7505642771720886 198
1679781557511 0.7506119608879089 199
1679781557629 0.7517088055610657 200
1679781557748 0.751438558101654 201
1679781557869 0.7514544725418091 202
1679781557989 0.7505165934562683 203
1679781558107 0.7509298920631409 204
1679781558223 0.7516292929649353 205
1679781558340 0.7517723441123962 206
1679781558459 0.75159752368927 207
1679781558576 0.7517882585525513 208
1679781558692 0.7515339255332947 209
1679781558816 0.7511524558067322 210
1679781558940 0.7508662939071655 211
1679781559059 0.7513114213943481 212
1679781559185 0.7512159943580627 213
1679781559305 0.7511047720909119 214
1679781559423 0.7521221041679382 215
1679781559539 0.7512478232383728 216
1679781559655 0.751613438129425 217
1679781559772 0.7517882585525513 218
1679781559889 0.7515180706977844 219
1679781560004 0.7511683106422424 220
1679781560122 0.7520266771316528 221
1679781560249 0.7511842250823975 222
1679781560381 0.7518995404243469 223
1679781560506 0.7512637376785278 224
1679781560625 0.751613438129425 225
1679781560745 0.7513431906700134 226
1679781560870 0.7518518567085266 227
1679781560990 0.7513114213943481 228
1679781561115 0.7514544725418091 229
1679781561237 0.75159752368927 230
1679781561355 0.7512955069541931 231
1679781561472 0.7517088055610657 232
1679781561590 0.7510888576507568 233
1679781561711 0.7521221041679382 234
1679781561830 0.7512478232383728 235
1679781561948 0.7511365413665771 236
1679781562068 0.751756489276886 237
1679781562189 0.7510411739349365 238
1679781562307 0.751613438129425 239
1679781562423 0.751422643661499 240
1679781562541 0.7515657544136047 241
1679781562663 0.7518041729927063 242
1679781562785 0.7520585060119629 243
1679781562902 0.7518041729927063 244
1679781563025 0.7518200874328613 245
1679781563142 0.7519789934158325 246
1679781563261 0.7516611218452454 247
1679781563385 0.7519631385803223 248
1679781563502 0.7510570883750916 249
1679781563624 0.7513749599456787 250
1679781563742 0.7518518567085266 251
1679781563859 0.7515180706977844 252
1679781563979 0.7526466250419617 253
1679781564098 0.7509298920631409 254
1679781564218 0.7512159943580627 255
1679781564339 0.7513431906700134 256
1679781564457 0.7517088055610657 257
1679781564577 0.7512159943580627 258
1679781564707 0.7512637376785278 259
1679781564828 0.751740574836731 260
1679781564947 0.7514067888259888 261
1679781565069 0.7518200874328613 262
1679781565188 0.7518677711486816 263
1679781565308 0.7517088055610657 264
1679781565429 0.7515657544136047 265
1679781565547 0.7518677711486816 266
1679781565674 0.7516769766807556 267
1679781565792 0.7521538734436035 268
1679781565909 0.7514862418174744 269
1679781566028 0.750627875328064 270
1679781566152 0.751581609249115 271
1679781566272 0.7513272762298584 272
1679781566390 0.7516292929649353 273
1679781566508 0.7521538734436035 274
1679781566625 0.7513272762298584 275
1679781566746 0.7515498399734497 276
1679781566863 0.7518200874328613 277
1679781566984 0.7519313097000122 278
1679781567106 0.7516452074050903 279
1679781567224 0.7518677711486816 280
1679781567340 0.7521538734436035 281
1679781567458 0.7513749599456787 282
1679781567580 0.7513272762298584 283
1679781567698 0.7524241209030151 284
1679781567816 0.7512319087982178 285
1679781567934 0.7525035738945007 286
1679781568060 0.7517723441123962 287
1679781568179 0.7519789934158325 288
1679781568304 0.7518677711486816 289
1679781568427 0.7518677711486816 290
1679781568561 0.7516452074050903 291
1679781568679 0.7522015571594238 292
1679781568799 0.7518359422683716 293
1679781568924 0.7518995404243469 294
1679781569044 0.751422643661499 295
1679781569164 0.7523922920227051 296
1679781569284 0.7522333264350891 297
1679781569402 0.7519631385803223 298
1679781569525 0.7519631385803223 299
1679781569655 0.7521379590034485 300
1679781569776 0.7522492408752441 301
1679781569895 0.7509934902191162 302
1679781570013 0.752535343170166 303
1679781570134 0.7517882585525513 304
1679781570252 0.7516928911209106 305
1679781570374 0.7518677711486816 306
1679781570495 0.7511047720909119 307
1679781570621 0.7521697878837585 308
1679781570742 0.7520425915718079 309
1679781570862 0.7519949078559875 310
1679781570986 0.751581609249115 311
1679781571111 0.7513431906700134 312
1679781571242 0.7523764371871948 313
1679781571363 0.7519313097000122 314
1679781571487 0.751756489276886 315
1679781571608 0.7519789934158325 316
1679781571726 0.7521697878837585 317
1679781571842 0.7520425915718079 318
1679781571967 0.7515339255332947 319
1679781572085 0.751915454864502 320
1679781572207 0.7517882585525513 321
1679781572331 0.7518200874328613 322
1679781572454 0.7520108222961426 323
1679781572575 0.7521538734436035 324
1679781572701 0.7522651553153992 325
1679781572826 0.7517723441123962 326
1679781572956 0.7517246603965759 327
1679781573077 0.7520266771316528 328
1679781573202 0.751613438129425 329
1679781573325 0.7521379590034485 330
1679781573447 0.7515657544136047 331
1679781573572 0.7522651553153992 332
1679781573697 0.751756489276886 333
1679781573821 0.7521856427192688 334
1679781573942 0.7525830268859863 335
1679781574059 0.7521061897277832 336
1679781574183 0.7515021562576294 337
1679781574305 0.7519949078559875 338
1679781574426 0.751581609249115 339
1679781574542 0.7511683106422424 340
1679781574665 0.7519472241401672 341
1679781574785 0.7524558901786804 342
1679781574909 0.7515657544136047 343
1679781575035 0.7518677711486816 344
1679781575155 0.7518836259841919 345
1679781575273 0.7520266771316528 346
1679781575390 0.7521061897277832 347
1679781575513 0.7520425915718079 348
1679781575638 0.7522015571594238 349
1679781575757 0.7512637376785278 350
1679781575882 0.7520108222961426 351
1679781576000 0.7526625394821167 352
1679781576122 0.752551257610321 353
1679781576240 0.7514544725418091 354
1679781576360 0.7518836259841919 355
1679781576479 0.7522492408752441 356
1679781576604 0.7519949078559875 357
1679781576725 0.7523922920227051 358
1679781576847 0.7522969245910645 359
1679781576970 0.7517246603965759 360
1679781577095 0.7516452074050903 361
1679781577221 0.7521538734436035 362
1679781577341 0.751915454864502 363
1679781577465 0.7523446083068848 364
1679781577587 0.7527579069137573 365
1679781577706 0.7518995404243469 366
1679781577825 0.7520425915718079 367
1679781577943 0.7519789934158325 368
1679781578069 0.7521221041679382 369
1679781578185 0.7521221041679382 370
1679781578306 0.7519631385803223 371
1679781578425 0.7518359422683716 372
1679781578551 0.752885103225708 373
1679781578673 0.7519472241401672 374
1679781578789 0.7523922920227051 375
1679781578910 0.7524241209030151 376
1679781579029 0.7524558901786804 377
1679781579150 0.7524241209030151 378
1679781579271 0.7523764371871948 379
1679781579390 0.7526784539222717 380
1679781579512 0.752710223197937 381
1679781579634 0.7527896761894226 382
1679781579754 0.7518677711486816 383
1679781579887 0.7522492408752441 384
1679781580011 0.7521221041679382 385
1679781580134 0.752710223197937 386
1679781580259 0.7518677711486816 387
1679781580377 0.7522015571594238 388
1679781580497 0.7521856427192688 389
1679781580621 0.7518995404243469 390
1679781580753 0.7520585060119629 391
1679781580874 0.7532188892364502 392
1679781580992 0.7521379590034485 393
1679781581113 0.7526148557662964 394
1679781581240 0.7522969245910645 395
1679781581359 0.7528215050697327 396
1679781581478 0.7518518567085266 397
1679781581602 0.7527419924736023 398
1679781581720 0.7523922920227051 399
1679781581840 0.7526625394821167 400
1679781581960 0.7522492408752441 401
1679781582081 0.7524241209030151 402
1679781582199 0.7524241209030151 403
1679781582318 0.7529486417770386 404
1679781582436 0.7523446083068848 405
1679781582559 0.7526466250419617 406
1679781582677 0.7524082064628601 407
1679781582795 0.7523605227470398 408
1679781582918 0.7524718046188354 409
1679781583046 0.7519949078559875 410
1679781583173 0.751915454864502 411
1679781583292 0.7524399757385254 412
1679781583415 0.7529486417770386 413
1679781583533 0.7520902752876282 414
1679781583652 0.7527896761894226 415
1679781583773 0.7531076073646545 416
1679781583890 0.7520108222961426 417
1679781584010 0.7523922920227051 418
1679781584134 0.752551257610321 419
1679781584259 0.7525671720504761 420
1679781584378 0.7517088055610657 421
1679781584497 0.7524718046188354 422
1679781584619 0.7523286938667297 423
1679781584739 0.7530122399330139 424
1679781584861 0.7519949078559875 425
1679781584985 0.7530599236488342 426
1679781585109 0.7524241209030151 427
1679781585227 0.7525989413261414 428
1679781585344 0.7526784539222717 429
1679781585461 0.7520425915718079 430
1679781585584 0.7522015571594238 431
1679781585705 0.7533460259437561 432
1679781585825 0.7520585060119629 433
1679781585941 0.7525830268859863 434
1679781586059 0.7528215050697327 435
1679781586180 0.7526307702064514 436
1679781586304 0.7523446083068848 437
1679781586422 0.753028154373169 438
1679781586541 0.7519472241401672 439
1679781586657 0.7526625394821167 440
1679781586780 0.7519949078559875 441
1679781586906 0.752535343170166 442
1679781587025 0.7522015571594238 443
1679781587142 0.752853274345398 444
1679781587259 0.7523128390312195 445
1679781587379 0.7524876594543457 446
1679781587499 0.7523128390312195 447
1679781587619 0.7529009580612183 448
1679781587741 0.7531393766403198 449
1679781587859 0.7525830268859863 450
1679781587978 0.7523922920227051 451
1679781588101 0.7520744204521179 452
1679781588218 0.752551257610321 453
1679781588341 0.752535343170166 454
1679781588464 0.752853274345398 455
1679781588587 0.7523286938667297 456
1679781588709 0.7522810101509094 457
1679781588833 0.7527738213539124 458
1679781588961 0.7517088055610657 459
1679781589087 0.7523286938667297 460
1679781589214 0.7523764371871948 461
1679781589335 0.751915454864502 462
1679781589457 0.7531552910804749 463
1679781589590 0.7525989413261414 464
1679781589717 0.7531076073646545 465
1679781589833 0.7529963254928589 466
1679781589954 0.7526784539222717 467
1679781590073 0.7527579069137573 468
1679781590198 0.7522015571594238 469
1679781590320 0.7522810101509094 470
1679781590438 0.7524718046188354 471
1679781590562 0.7531393766403198 472
1679781590679 0.7528055906295776 473
1679781590800 0.7525830268859863 474
1679781590923 0.752726137638092 475
1679781591042 0.7523764371871948 476
1679781591160 0.752551257610321 477
1679781591287 0.7529963254928589 478
1679781591410 0.7525830268859863 479
1679781591535 0.7531393766403198 480
1679781591657 0.7524876594543457 481
1679781591781 0.7522015571594238 482
1679781591905 0.7525671720504761 483
1679781592025 0.7525194883346558 484
1679781592147 0.7529963254928589 485
1679781592267 0.753028154373169 486
1679781592391 0.7525035738945007 487
1679781592511 0.7522810101509094 488
1679781592637 0.7532665729522705 489
1679781592762 0.7526466250419617 490
1679781592884 0.752726137638092 491
1679781593010 0.7521221041679382 492
1679781593131 0.7529486417770386 493
1679781593251 0.7529486417770386 494
1679781593374 0.7525194883346558 495
1679781593499 0.7523128390312195 496
1679781593622 0.7533460259437561 497
1679781593742 0.7531871199607849 498
1679781593862 0.7525671720504761 499
1679781593990 0.7519313097000122 500
1679781594107 0.752710223197937 501
1679781594238 0.7527579069137573 502
1679781594357 0.7528373599052429 503
1679781594476 0.7529009580612183 504
1679781594599 0.752885103225708 505
1679781594717 0.7526784539222717 506
1679781594836 0.752710223197937 507
1679781594959 0.752726137638092 508
1679781595077 0.7530440092086792 509
1679781595195 0.752535343170166 510
1679781595320 0.7529804706573486 511
1679781595441 0.7532506585121155 512
1679781595564 0.7520585060119629 513
1679781595691 0.752694308757782 514
1679781595823 0.7521221041679382 515
1679781595940 0.7533301711082458 516
1679781596057 0.7523764371871948 517
1679781596178 0.7520108222961426 518
1679781596303 0.7520585060119629 519
1679781596422 0.7520425915718079 520
1679781596540 0.7518677711486816 521
1679781596661 0.7529327869415283 522
1679781596801 0.7532029747962952 523
1679781596925 0.7529009580612183 524
1679781597045 0.7523128390312195 525
1679781597170 0.7522492408752441 526
1679781597298 0.7534255385398865 527
1679781597418 0.7529486417770386 528
1679781597541 0.7531076073646545 529
1679781597670 0.7529168725013733 530
1679781597790 0.7531712055206299 531
1679781597915 0.7532665729522705 532
1679781598034 0.7529804706573486 533
1679781598153 0.752885103225708 534
1679781598275 0.7531235218048096 535
1679781598396 0.7527896761894226 536
1679781598526 0.753648042678833 537
1679781598646 0.7529168725013733 538
1679781598767 0.752694308757782 539
1679781598894 0.7533619403839111 540
1679781599017 0.7522015571594238 541
1679781599137 0.7522015571594238 542
1679781599266 0.7527579069137573 543
1679781599386 0.7524876594543457 544
1679781599503 0.7532188892364502 545
1679781599619 0.752535343170166 546
1679781599737 0.7531871199607849 547
1679781599855 0.7530599236488342 548
1679781599975 0.7520108222961426 549
1679781600092 0.7529486417770386 550
1679781600212 0.7528215050697327 551
1679781600333 0.7523922920227051 552
1679781600456 0.7520266771316528 553
1679781600577 0.752551257610321 554
1679781600697 0.7525035738945007 555
1679781600824 0.7524558901786804 556
1679781600943 0.752869188785553 557
1679781601070 0.7526784539222717 558
1679781601197 0.7524876594543457 559
1679781601331 0.7530440092086792 560
1679781601454 0.752853274345398 561
1679781601575 0.7535368204116821 562
1679781601694 0.7523128390312195 563
1679781601813 0.752551257610321 564
1679781601937 0.7529009580612183 565
1679781602058 0.7524082064628601 566
1679781602177 0.7532348036766052 567
1679781602294 0.7526148557662964 568
1679781602419 0.7522810101509094 569
1679781602539 0.752885103225708 570
1679781602657 0.7523446083068848 571
1679781602777 0.7529804706573486 572
1679781602903 0.7530122399330139 573
1679781603023 0.7531871199607849 574
1679781603149 0.7520902752876282 575
1679781603271 0.7532029747962952 576
1679781603391 0.7526466250419617 577
1679781603510 0.7529327869415283 578
1679781603629 0.752885103225708 579
1679781603746 0.7527579069137573 580
1679781603868 0.7529804706573486 581
1679781603984 0.752551257610321 582
1679781604103 0.7530122399330139 583
1679781604226 0.752726137638092 584
1679781604344 0.7527419924736023 585
1679781604470 0.753028154373169 586
1679781604590 0.7533778548240662 587
1679781604717 0.7536162734031677 588
1679781604833 0.7525035738945007 589
1679781604956 0.7528373599052429 590
1679781605075 0.7522810101509094 591
1679781605199 0.7527419924736023 592
1679781605319 0.7531871199607849 593
1679781605437 0.752694308757782 594
1679781605557 0.7533778548240662 595
1679781605675 0.7533142566680908 596
1679781605794 0.7533619403839111 597
1679781605913 0.7529645562171936 598
1679781606034 0.7530758380889893 599
1679781606152 0.752853274345398 600
1679781606280 0.7534573078155518 601
1679781606401 0.7529486417770386 602
1679781606519 0.7529327869415283 603
1679781606639 0.7523446083068848 604
1679781606758 0.7531076073646545 605
1679781606881 0.7528215050697327 606
1679781606999 0.7537116408348083 607
1679781607123 0.7525671720504761 608
1679781607243 0.7531235218048096 609
1679781607360 0.7525989413261414 610
1679781607484 0.752694308757782 611
1679781607602 0.7525671720504761 612
1679781607716 0.7529645562171936 613
1679781607833 0.7526307702064514 614
1679781607950 0.752726137638092 615
1679781608070 0.752885103225708 616
1679781608191 0.7534573078155518 617
1679781608316 0.7529804706573486 618
1679781608438 0.7525830268859863 619
1679781608560 0.7532348036766052 620
1679781608681 0.752694308757782 621
1679781608801 0.7512795925140381 622
1679781608925 0.7528055906295776 623
1679781609045 0.7534414529800415 624
1679781609172 0.7526307702064514 625
1679781609296 0.7527579069137573 626
1679781609416 0.7525194883346558 627
1679781609536 0.7535685896873474 628
1679781609663 0.7529168725013733 629
1679781609786 0.7532983422279358 630
1679781609906 0.7533301711082458 631
1679781610024 0.7532824873924255 632
1679781610148 0.7531235218048096 633
1679781610269 0.7530599236488342 634
1679781610387 0.752694308757782 635
1679781610507 0.7532665729522705 636
1679781610626 0.7530916929244995 637
1679781610746 0.7530122399330139 638
1679781610876 0.7528215050697327 639
1679781610994 0.7528055906295776 640
1679781611116 0.7522492408752441 641
1679781611233 0.7531871199607849 642
1679781611353 0.7529486417770386 643
1679781611484 0.7534573078155518 644
1679781611603 0.7532665729522705 645
1679781611721 0.7531712055206299 646
1679781611845 0.752726137638092 647
1679781611967 0.7535685896873474 648
1679781612085 0.7535209059715271 649
1679781612204 0.7526148557662964 650
1679781612329 0.753028154373169 651
1679781612450 0.7529804706573486 652
1679781612570 0.7531235218048096 653
1679781612695 0.752885103225708 654
1679781612817 0.7532983422279358 655
1679781612935 0.7532665729522705 656
1679781613055 0.7534732222557068 657
1679781613185 0.7522969245910645 658
1679781613305 0.7526784539222717 659
1679781613431 0.7521379590034485 660
1679781613555 0.7532506585121155 661
1679781613674 0.7524718046188354 662
1679781613796 0.7515339255332947 663
1679781613922 0.7526466250419617 664
1679781614042 0.7526307702064514 665
1679781614168 0.7525989413261414 666
1679781614287 0.7526466250419617 667
1679781614411 0.7530122399330139 668
1679781614528 0.7524082064628601 669
1679781614649 0.7529645562171936 670
1679781614776 0.7531235218048096 671
1679781614895 0.7525671720504761 672
1679781615026 0.7524399757385254 673
1679781615144 0.7525989413261414 674
1679781615267 0.752535343170166 675
1679781615388 0.7528373599052429 676
1679781615508 0.7521697878837585 677
1679781615625 0.7534096240997314 678
1679781615750 0.7533619403839111 679
1679781615872 0.7529963254928589 680
1679781615996 0.7529327869415283 681
1679781616121 0.7531076073646545 682
1679781616242 0.7532188892364502 683
1679781616369 0.7533301711082458 684
1679781616492 0.7529168725013733 685
1679781616614 0.7538546919822693 686
1679781616737 0.7527896761894226 687
1679781616861 0.7534891366958618 688
1679781616986 0.7530758380889893 689
1679781617110 0.752551257610321 690
1679781617233 0.7532983422279358 691
1679781617358 0.7529486417770386 692
1679781617478 0.7534096240997314 693
1679781617606 0.7529645562171936 694
1679781617727 0.7542521357536316 695
1679781617852 0.7530758380889893 696
1679781617969 0.7527738213539124 697
1679781618088 0.752694308757782 698
1679781618210 0.7537752389907837 699
1679781618331 0.7530440092086792 700
1679781618451 0.7523446083068848 701
1679781618572 0.7523922920227051 702
1679781618693 0.7529327869415283 703
1679781618817 0.752726137638092 704
1679781618951 0.7532348036766052 705
1679781619070 0.7529327869415283 706
1679781619190 0.752535343170166 707
1679781619313 0.7529168725013733 708
1679781619432 0.753663957118988 709
1679781619551 0.7534573078155518 710
1679781619668 0.7527579069137573 711
1679781619786 0.751915454864502 712
1679781619904 0.7528055906295776 713
1679781620022 0.7529804706573486 714
1679781620140 0.7523128390312195 715
1679781620270 0.7531393766403198 716
1679781620392 0.7529327869415283 717
1679781620515 0.752551257610321 718
1679781620637 0.753663957118988 719
1679781620764 0.7532506585121155 720
1679781620886 0.7525989413261414 721
1679781621006 0.7533301711082458 722
1679781621129 0.7536321878433228 723
1679781621256 0.7523128390312195 724
1679781621383 0.7533142566680908 725
1679781621512 0.7533778548240662 726
1679781621635 0.752885103225708 727
1679781621757 0.752885103225708 728
1679781621881 0.7528055906295776 729
1679781622010 0.7536003589630127 730
1679781622129 0.7530440092086792 731
1679781622250 0.7530599236488342 732
1679781622374 0.7534891366958618 733
1679781622490 0.7530758380889893 734
1679781622611 0.7531076073646545 735
1679781622738 0.753028154373169 736
1679781622862 0.7527419924736023 737
1679781622981 0.752853274345398 738
1679781623100 0.7525194883346558 739
1679781623220 0.7532348036766052 740
1679781623337 0.7522969245910645 741
1679781623458 0.7533301711082458 742
1679781623577 0.7532983422279358 743
1679781623697 0.7527896761894226 744
1679781623814 0.7529486417770386 745
1679781623937 0.7521221041679382 746
1679781624054 0.7534096240997314 747
1679781624178 0.7529009580612183 748
1679781624306 0.7527579069137573 749
1679781624432 0.7535685896873474 750
1679781624555 0.7521061897277832 751
1679781624675 0.7531712055206299 752
1679781624795 0.7527738213539124 753
1679781624917 0.7532506585121155 754
1679781625038 0.7534732222557068 755
1679781625161 0.7530122399330139 756
1679781625287 0.7534732222557068 757
1679781625422 0.7532665729522705 758
1679781625542 0.7526148557662964 759
1679781625664 0.7531393766403198 760
1679781625788 0.7528055906295776 761
1679781625910 0.753838837146759 762
1679781626032 0.7531235218048096 763
1679781626153 0.7536162734031677 764
1679781626275 0.7533301711082458 765
1679781626399 0.7524558901786804 766
1679781626520 0.7536798715591431 767
1679781626640 0.7530440092086792 768
1679781626768 0.7533142566680908 769
1679781626887 0.7526148557662964 770
1679781627007 0.7529645562171936 771
1679781627129 0.7534414529800415 772
1679781627247 0.7532983422279358 773
1679781627367 0.752694308757782 774
1679781627486 0.753648042678833 775
1679781627608 0.752885103225708 776
1679781627725 0.7533460259437561 777
1679781627844 0.752869188785553 778
1679781627964 0.752853274345398 779
1679781628088 0.7527896761894226 780
1679781628210 0.7529963254928589 781
1679781628362 0.7530758380889893 782
1679781628483 0.7530440092086792 783
1679781628607 0.7531076073646545 784
1679781628726 0.753028154373169 785
1679781628852 0.7526466250419617 786
1679781628975 0.7531235218048096 787
1679781629098 0.7524718046188354 788
1679781629219 0.7530122399330139 789
1679781629340 0.7527579069137573 790
1679781629458 0.7533619403839111 791
1679781629580 0.7531552910804749 792
1679781629711 0.7536957263946533 793
1679781629829 0.7534891366958618 794
1679781629950 0.7535209059715271 795
1679781630075 0.7527896761894226 796
1679781630192 0.7537275552749634 797
1679781630318 0.752869188785553 798
1679781630438 0.7535049915313721 799
1679781630558 0.7529486417770386 800
1679781630681 0.7531712055206299 801
1679781630808 0.7524399757385254 802
1679781630926 0.7531712055206299 803
1679781631047 0.7529963254928589 804
1679781631172 0.752869188785553 805
1679781631291 0.7531076073646545 806
1679781631413 0.7529009580612183 807
1679781631531 0.7531871199607849 808
1679781631652 0.7524558901786804 809
1679781631773 0.7524399757385254 810
1679781631900 0.7536003589630127 811
1679781632022 0.7535368204116821 812
1679781632146 0.7528373599052429 813
1679781632270 0.7530916929244995 814
1679781632400 0.752885103225708 815
1679781632521 0.7524399757385254 816
1679781632647 0.7530599236488342 817
1679781632769 0.7529963254928589 818
1679781632892 0.7531393766403198 819
1679781633014 0.752551257610321 820
1679781633141 0.7526307702064514 821
1679781633265 0.7534255385398865 822
1679781633391 0.7534891366958618 823
1679781633516 0.7533619403839111 824
1679781633641 0.7533301711082458 825
1679781633760 0.7535049915313721 826
1679781633882 0.7532824873924255 827
1679781634002 0.7535845041275024 828
1679781634121 0.7520108222961426 829
1679781634247 0.7533619403839111 830
1679781634371 0.7535049915313721 831
1679781634495 0.7532029747962952 832
1679781634618 0.7527579069137573 833
1679781634737 0.7531393766403198 834
1679781634856 0.7535209059715271 835
1679781634973 0.7525989413261414 836
1679781635094 0.7533460259437561 837
1679781635215 0.7531235218048096 838
1679781635333 0.7529168725013733 839
1679781635459 0.7531076073646545 840
1679781635577 0.7534414529800415 841
1679781635697 0.753028154373169 842
1679781635816 0.7531712055206299 843
1679781635933 0.7535049915313721 844
1679781636051 0.7532506585121155 845
1679781636171 0.7536957263946533 846
1679781636292 0.7524558901786804 847
1679781636415 0.7535049915313721 848
1679781636541 0.7528215050697327 849
1679781636667 0.7534414529800415 850
1679781636788 0.7532348036766052 851
1679781636908 0.7531076073646545 852
1679781637030 0.7531712055206299 853
1679781637155 0.7536798715591431 854
1679781637284 0.7534891366958618 855
1679781637405 0.7525035738945007 856
1679781637525 0.7533619403839111 857
1679781637651 0.7530440092086792 858
1679781637769 0.7536321878433228 859
1679781637891 0.7533460259437561 860
1679781638015 0.7536162734031677 861
1679781638134 0.7532348036766052 862
1679781638259 0.7536321878433228 863
1679781638375 0.7534096240997314 864
1679781638494 0.7532029747962952 865
1679781638618 0.7526148557662964 866
1679781638739 0.7532824873924255 867
1679781638865 0.7531393766403198 868
1679781638991 0.7533619403839111 869
1679781639113 0.7531712055206299 870
1679781639231 0.7533619403839111 871
1679781639350 0.7533142566680908 872
1679781639470 0.7529804706573486 873
1679781639591 0.7524082064628601 874
1679781639711 0.7535845041275024 875
1679781639829 0.7530599236488342 876
1679781639952 0.7528055906295776 877
1679781640073 0.7528373599052429 878
1679781640193 0.7530122399330139 879
1679781640315 0.7531552910804749 880
1679781640436 0.7530122399330139 881
1679781640557 0.753648042678833 882
1679781640676 0.7537434697151184 883
1679781640797 0.7534891366958618 884
1679781640917 0.7534573078155518 885
1679781641047 0.7535368204116821 886
1679781641173 0.7529645562171936 887
1679781641294 0.753648042678833 888
1679781641420 0.7530122399330139 889
1679781641540 0.7532824873924255 890
1679781641660 0.7529327869415283 891
1679781641783 0.7531393766403198 892
1679781641900 0.7532029747962952 893
1679781642020 0.7531393766403198 894
1679781642149 0.7534573078155518 895
1679781642270 0.7528215050697327 896
1679781642391 0.7538546919822693 897
1679781642515 0.7526148557662964 898
1679781642634 0.7533937096595764 899
1679781642757 0.7534891366958618 900
1679781642875 0.752853274345398 901
1679781642991 0.7534414529800415 902
1679781643111 0.7533301711082458 903
1679781643228 0.7534414529800415 904
1679781643387 0.7534573078155518 905
1679781643517 0.753648042678833 906
1679781643640 0.7535845041275024 907
1679781643761 0.7531393766403198 908
1679781643879 0.7534891366958618 909
1679781644000 0.7532029747962952 910
1679781644125 0.7542839050292969 911
1679781644243 0.7528055906295776 912
1679781644362 0.7527419924736023 913
1679781644481 0.7531076073646545 914
1679781644601 0.7524082064628601 915
1679781644726 0.7531552910804749 916
1679781644850 0.7532506585121155 917
1679781644970 0.7535049915313721 918
1679781645089 0.75398188829422 919
1679781645209 0.7537593245506287 920
1679781645333 0.7535209059715271 921
1679781645453 0.7537434697151184 922
1679781645572 0.7522810101509094 923
1679781645694 0.753807008266449 924
1679781645813 0.7536798715591431 925
1679781645935 0.7537593245506287 926
1679781646054 0.7534573078155518 927
1679781646184 0.7532506585121155 928
1679781646305 0.7529009580612183 929
1679781646422 0.7516452074050903 930
1679781646551 0.7533460259437561 931
1679781646671 0.7534096240997314 932
1679781646788 0.7532824873924255 933
1679781646910 0.7537116408348083 934
1679781647029 0.7538865208625793 935
1679781647147 0.7531552910804749 936
1679781647267 0.7532983422279358 937
1679781647396 0.7530122399330139 938
1679781647514 0.7531076073646545 939
1679781647631 0.753648042678833 940
1679781647749 0.75398188829422 941
1679781647871 0.7538865208625793 942
1679781647992 0.752853274345398 943
1679781648110 0.7536321878433228 944
1679781648234 0.7540136575698853 945
1679781648356 0.7533142566680908 946
1679781648488 0.753807008266449 947
1679781648614 0.7532348036766052 948
1679781648737 0.7525671720504761 949
1679781648855 0.753838837146759 950
1679781648977 0.7534732222557068 951
1679781649099 0.7533142566680908 952
1679781649221 0.7536162734031677 953
1679781649344 0.7532348036766052 954
1679781649469 0.7540613412857056 955
1679781649588 0.7523446083068848 956
1679781649706 0.7537434697151184 957
1679781649833 0.7531712055206299 958
1679781649956 0.7532983422279358 959
1679781650078 0.7535368204116821 960
1679781650199 0.7532983422279358 961
1679781650320 0.752551257610321 962
1679781650439 0.7532348036766052 963
1679781650561 0.7531552910804749 964
1679781650680 0.7530440092086792 965
1679781650800 0.7536321878433228 966
1679781650919 0.7537434697151184 967
1679781651042 0.7532188892364502 968
1679781651163 0.7533460259437561 969
1679781651282 0.7535845041275024 970
1679781651402 0.7530599236488342 971
1679781651525 0.7539342045783997 972
1679781651648 0.7531235218048096 973
1679781651768 0.7533778548240662 974
1679781651888 0.7530599236488342 975
1679781652015 0.7539500594139099 976
1679781652134 0.7533937096595764 977
1679781652255 0.7537911534309387 978
1679781652387 0.7537434697151184 979
1679781652510 0.7532348036766052 980
1679781652633 0.7533142566680908 981
1679781652753 0.7533778548240662 982
1679781652874 0.7534573078155518 983
1679781652997 0.7534891366958618 984
1679781653125 0.7537911534309387 985
1679781653249 0.7536321878433228 986
1679781653373 0.7533460259437561 987
1679781653494 0.7531235218048096 988
1679781653626 0.7533778548240662 989
1679781653746 0.7533301711082458 990
1679781653865 0.7533778548240662 991
1679781653989 0.7532188892364502 992
1679781654107 0.7536957263946533 993
1679781654229 0.7534255385398865 994
1679781654349 0.7532188892364502 995
1679781654471 0.7521379590034485 996
1679781654596 0.7531076073646545 997
1679781654726 0.7534096240997314 998
1679781654847 0.753663957118988 999
