1679781533659 0.7297075986862183 0
1679781533783 0.5842389464378357 1
1679781533904 0.5484113097190857 2
1679781534021 0.5385141372680664 3
1679781534137 0.5336159467697144 4
1679781534253 0.5315119028091431 5
1679781534374 0.5301985740661621 6
1679781534490 0.5284474492073059 7
1679781534609 0.5272212624549866 8
1679781534728 0.5262582898139954 9
1679781534844 0.5251493453979492 10
1679781534958 0.5243048071861267 11
1679781535079 0.5228629112243652 12
1679781535197 0.5224739909172058 13
1679781535316 0.5216598510742188 14
1679781535436 0.5207453370094299 15
1679781535565 0.5208421349525452 16
1679781535683 0.5200309157371521 17
1679781535804 0.519279956817627 18
1679781535924 0.5188816785812378 19
1679781536040 0.5184841156005859 20
1679781536157 0.5183069109916687 21
1679781536276 0.5180358290672302 22
1679781536400 0.5174446105957031 23
1679781536521 0.5169252157211304 24
1679781536644 0.5170701742172241 25
1679781536763 0.5171807408332825 26
1679781536883 0.5166319012641907 27
1679781537003 0.5163595676422119 28
1679781537121 0.5161543488502502 29
1679781537237 0.515906810760498 30
1679781537359 0.5154202580451965 31
1679781537478 0.5159091949462891 32
1679781537595 0.5151760578155518 33
1679781537713 0.5150079131126404 34
1679781537832 0.5154723525047302 35
1679781537952 0.5152052044868469 36
1679781538085 0.514796793460846 37
1679781538202 0.5146512389183044 38
1679781538320 0.514278769493103 39
1679781538438 0.5143216848373413 40
1679781538558 0.5146174430847168 41
1679781538677 0.5141615271568298 42
1679781538796 0.5137205719947815 43
1679781538920 0.5140835642814636 44
1679781539035 0.5141757726669312 45
1679781539153 0.5138565301895142 46
1679781539270 0.5135862231254578 47
1679781539391 0.5135866403579712 48
1679781539508 0.5132631063461304 49
1679781539624 0.5135965943336487 50
1679781539741 0.5132975578308105 51
1679781539854 0.5130379796028137 52
1679781539969 0.5129899382591248 53
1679781540088 0.512457013130188 54
1679781540211 0.5127975344657898 55
1679781540334 0.5121380090713501 56
1679781540455 0.5119379758834839 57
1679781540578 0.5122317671775818 58
1679781540698 0.5118709802627563 59
1679781540815 0.5120115280151367 60
1679781540933 0.5122290849685669 61
1679781541050 0.5120168924331665 62
1679781541166 0.5129951238632202 63
1679781541288 0.5118780136108398 64
1679781541411 0.5117701292037964 65
1679781541535 0.5114988088607788 66
1679781541655 0.5120784640312195 67
1679781541774 0.5118348598480225 68
1679781541896 0.5117930173873901 69
1679781542012 0.5109587907791138 70
1679781542129 0.5110865235328674 71
1679781542255 0.5114834308624268 72
1679781542376 0.5115220546722412 73
1679781542492 0.5117234587669373 74
1679781542611 0.5110391974449158 75
1679781542726 0.5109557509422302 76
1679781542859 0.5108630061149597 77
1679781542974 0.5110726952552795 78
1679781543091 0.5110825896263123 79
1679781543207 0.5107138752937317 80
1679781543326 0.5107079744338989 81
1679781543440 0.5108886361122131 82
1679781543555 0.5107573866844177 83
1679781543673 0.5109595656394958 84
1679781543788 0.5106441378593445 85
1679781543904 0.5105991959571838 86
1679781544018 0.5103111863136292 87
1679781544134 0.511440098285675 88
1679781544254 0.5112137794494629 89
1679781544373 0.5106775164604187 90
1679781544494 0.5108789205551147 91
1679781544620 0.5108501315116882 92
1679781544737 0.5106116533279419 93
1679781544857 0.510683536529541 94
1679781544975 0.5108597874641418 95
1679781545097 0.5102257132530212 96
1679781545221 0.5105016231536865 97
1679781545343 0.5106207728385925 98
1679781545459 0.5102300643920898 99
1679781545581 0.5101725459098816 100
1679781545700 0.5102437138557434 101
1679781545823 0.5100910067558289 102
1679781545946 0.510251522064209 103
1679781546066 0.5121957659721375 104
1679781546184 0.5099889636039734 105
1679781546301 0.5105070471763611 106
1679781546418 0.510144054889679 107
1679781546535 0.5100654363632202 108
1679781546659 0.5103937983512878 109
1679781546778 0.509861409664154 110
1679781546901 0.5100614428520203 111
1679781547024 0.509833574295044 112
1679781547147 0.5097272992134094 113
1679781547272 0.5098792314529419 114
1679781547389 0.5099278688430786 115
1679781547511 0.5100750923156738 116
1679781547628 0.50992351770401 117
1679781547748 0.5099104642868042 118
1679781547866 0.5099140405654907 119
1679781547983 0.5096015334129333 120
1679781548098 0.5097591280937195 121
1679781548223 0.5097987651824951 122
1679781548342 0.5095346570014954 123
1679781548465 0.5094981789588928 124
1679781548591 0.5096484422683716 125
1679781548710 0.5092771053314209 126
1679781548831 0.5093712210655212 127
1679781548956 0.5095825791358948 128
1679781549073 0.5096564888954163 129
1679781549194 0.5095097422599792 130
1679781549318 0.5094142556190491 131
1679781549442 0.5094661712646484 132
1679781549560 0.509521484375 133
1679781549679 0.5096026062965393 134
1679781549798 0.5091007351875305 135
1679781549915 0.5095418095588684 136
1679781550042 0.5096084475517273 137
1679781550160 0.5101861953735352 138
1679781550290 0.5094143152236938 139
1679781550407 0.5091961622238159 140
1679781550528 0.5092025399208069 141
1679781550648 0.509456217288971 142
1679781550765 0.5099688768386841 143
1679781550889 0.5095928907394409 144
1679781551007 0.5091849565505981 145
1679781551124 0.5092020034790039 146
1679781551239 0.5091572999954224 147
1679781551364 0.5091487169265747 148
1679781551487 0.509160578250885 149
1679781551605 0.5090674161911011 150
1679781551722 0.5092162489891052 151
1679781551845 0.5090854167938232 152
1679781551963 0.5094103813171387 153
1679781552080 0.5094121694564819 154
1679781552202 0.5088338851928711 155
1679781552323 0.5089002847671509 156
1679781552445 0.5097495913505554 157
1679781552566 0.509231448173523 158
1679781552685 0.5088286399841309 159
1679781552804 0.5089830160140991 160
1679781552925 0.508980929851532 161
1679781553045 0.5090336203575134 162
1679781553164 0.5091026425361633 163
1679781553282 0.508869469165802 164
1679781553403 0.50875324010849 165
1679781553522 0.5088726282119751 166
1679781553647 0.5085325837135315 167
1679781553769 0.5088289976119995 168
1679781553889 0.508568525314331 169
1679781554009 0.5084933638572693 170
1679781554139 0.5086637139320374 171
1679781554263 0.5087449550628662 172
1679781554390 0.5087779760360718 173
1679781554518 0.5085352659225464 174
1679781554639 0.5094723701477051 175
1679781554756 0.5090414881706238 176
1679781554874 0.5090984106063843 177
1679781554992 0.5085648894309998 178
1679781555116 0.5090175271034241 179
1679781555236 0.5085139870643616 180
1679781555351 0.5088324546813965 181
1679781555469 0.5086431503295898 182
1679781555587 0.5088014602661133 183
1679781555702 0.5087775588035583 184
1679781555820 0.5083179473876953 185
1679781555942 0.5086966156959534 186
1679781556057 0.5084604024887085 187
1679781556175 0.5087475180625916 188
1679781556296 0.5083369612693787 189
1679781556417 0.5086272954940796 190
1679781556541 0.5088986754417419 191
1679781556667 0.5084314942359924 192
1679781556786 0.5087270736694336 193
1679781556905 0.5086190104484558 194
1679781557024 0.5084898471832275 195
1679781557144 0.5082100629806519 196
1679781557269 0.5084693431854248 197
1679781557390 0.5088754892349243 198
1679781557511 0.5083850026130676 199
1679781557629 0.5084956884384155 200
1679781557748 0.5081952214241028 201
1679781557869 0.5083367228507996 202
1679781557989 0.5082257986068726 203
1679781558107 0.5082479119300842 204
1679781558223 0.5082623958587646 205
1679781558340 0.5081336498260498 206
1679781558459 0.508231520652771 207
1679781558576 0.5082094669342041 208
1679781558692 0.5078567266464233 209
1679781558816 0.5082867741584778 210
1679781558940 0.5080628395080566 211
1679781559059 0.5080239176750183 212
1679781559185 0.5080148577690125 213
1679781559305 0.5081716775894165 214
1679781559423 0.50799161195755 215
1679781559539 0.5083168745040894 216
1679781559655 0.5083813667297363 217
1679781559772 0.5082508325576782 218
1679781559889 0.5080291032791138 219
1679781560004 0.5082917809486389 220
1679781560122 0.5079785585403442 221
1679781560249 0.508044421672821 222
1679781560381 0.5080485343933105 223
1679781560506 0.5081095099449158 224
1679781560625 0.5084226727485657 225
1679781560745 0.5077621936798096 226
1679781560870 0.5076413154602051 227
1679781560990 0.5081011056900024 228
1679781561115 0.5080165266990662 229
1679781561237 0.5082027316093445 230
1679781561355 0.5078733563423157 231
1679781561472 0.508036732673645 232
1679781561590 0.5078241229057312 233
1679781561711 0.5076994895935059 234
1679781561830 0.507870078086853 235
1679781561948 0.5082593560218811 236
1679781562068 0.508142352104187 237
1679781562189 0.5077006816864014 238
1679781562307 0.5079923272132874 239
1679781562423 0.5078718066215515 240
1679781562541 0.5080177783966064 241
1679781562663 0.5081256628036499 242
1679781562785 0.5076250433921814 243
1679781562902 0.5076828598976135 244
1679781563025 0.5075193643569946 245
1679781563142 0.5079725980758667 246
1679781563261 0.5078007578849792 247
1679781563385 0.5076223611831665 248
1679781563502 0.5078704953193665 249
1679781563624 0.5084958672523499 250
1679781563742 0.507795512676239 251
1679781563859 0.5075312852859497 252
1679781563979 0.5075910091400146 253
1679781564098 0.5077329874038696 254
1679781564218 0.5081622004508972 255
1679781564339 0.5078570246696472 256
1679781564457 0.5073474645614624 257
1679781564577 0.5075773596763611 258
1679781564707 0.5079233050346375 259
1679781564828 0.507906436920166 260
1679781564947 0.5076835751533508 261
1679781565069 0.5078186392784119 262
1679781565188 0.5075604915618896 263
1679781565308 0.5077112913131714 264
1679781565429 0.507550835609436 265
1679781565547 0.5075814127922058 266
1679781565674 0.5075970888137817 267
1679781565792 0.5074872970581055 268
1679781565909 0.5075854063034058 269
1679781566028 0.5076048374176025 270
1679781566152 0.50754714012146 271
1679781566272 0.507786750793457 272
1679781566390 0.5075501799583435 273
1679781566508 0.5075163245201111 274
1679781566625 0.5076774954795837 275
1679781566746 0.5079580545425415 276
1679781566863 0.5075816512107849 277
1679781566984 0.507361114025116 278
1679781567106 0.5073353052139282 279
1679781567224 0.5075657367706299 280
1679781567340 0.5073719024658203 281
1679781567458 0.5075905919075012 282
1679781567580 0.5081114172935486 283
1679781567698 0.5075427889823914 284
1679781567816 0.5074945092201233 285
1679781567934 0.5075773596763611 286
1679781568060 0.50751793384552 287
1679781568179 0.5073083639144897 288
1679781568304 0.5072313547134399 289
1679781568427 0.5073473453521729 290
1679781568561 0.5072479844093323 291
1679781568679 0.5076425671577454 292
1679781568799 0.5073054432868958 293
1679781568924 0.5072280168533325 294
1679781569044 0.5071684122085571 295
1679781569164 0.5074233412742615 296
1679781569284 0.507392168045044 297
1679781569402 0.5075470805168152 298
1679781569525 0.5072689652442932 299
1679781569655 0.5076996684074402 300
1679781569776 0.5076104402542114 301
1679781569895 0.507539689540863 302
1679781570013 0.5076964497566223 303
1679781570134 0.5075803995132446 304
1679781570252 0.5072221159934998 305
1679781570374 0.5076165199279785 306
1679781570495 0.5074897408485413 307
1679781570621 0.5073126554489136 308
1679781570742 0.5071386098861694 309
1679781570862 0.5072200894355774 310
1679781570986 0.5078431367874146 311
1679781571111 0.5074302554130554 312
1679781571242 0.5073785781860352 313
1679781571363 0.507538914680481 314
1679781571487 0.5079516768455505 315
1679781571608 0.50715172290802 316
1679781571726 0.5070933699607849 317
1679781571842 0.5072424411773682 318
1679781571967 0.5077393651008606 319
1679781572085 0.507290780544281 320
1679781572207 0.507405161857605 321
1679781572331 0.5071195363998413 322
1679781572454 0.5071536302566528 323
1679781572575 0.5076590180397034 324
1679781572701 0.5069381594657898 325
1679781572826 0.5078094005584717 326
1679781572956 0.5072261095046997 327
1679781573077 0.5069264769554138 328
1679781573202 0.5070515275001526 329
1679781573325 0.5072742700576782 330
1679781573447 0.5072191953659058 331
1679781573572 0.5071342587471008 332
1679781573697 0.5071937441825867 333
1679781573821 0.5073672533035278 334
1679781573942 0.507135808467865 335
1679781574059 0.507170557975769 336
1679781574183 0.5073809027671814 337
1679781574305 0.5073564648628235 338
1679781574426 0.507068395614624 339
1679781574542 0.5075342059135437 340
1679781574665 0.506906270980835 341
1679781574785 0.507200300693512 342
1679781574909 0.507016122341156 343
1679781575035 0.5072793960571289 344
1679781575155 0.5070531368255615 345
1679781575273 0.5069196224212646 346
1679781575390 0.5070798397064209 347
1679781575513 0.507058322429657 348
1679781575638 0.5069842338562012 349
1679781575757 0.5070460438728333 350
1679781575882 0.5070423483848572 351
1679781576000 0.5070046782493591 352
1679781576122 0.507449209690094 353
1679781576240 0.5069708228111267 354
1679781576360 0.5071496367454529 355
1679781576479 0.5071230530738831 356
1679781576604 0.5070993304252625 357
1679781576725 0.5067602396011353 358
1679781576847 0.5068973302841187 359
1679781576970 0.5073135495185852 360
1679781577095 0.5068580508232117 361
1679781577221 0.5068175792694092 362
1679781577341 0.5070844292640686 363
1679781577465 0.5068532228469849 364
1679781577587 0.5076324939727783 365
1679781577706 0.5071278214454651 366
1679781577825 0.5074249505996704 367
1679781577943 0.5068119168281555 368
1679781578069 0.5069178342819214 369
1679781578185 0.506869912147522 370
1679781578306 0.5067470073699951 371
1679781578425 0.507300853729248 372
1679781578551 0.5071936845779419 373
1679781578673 0.5070671439170837 374
1679781578789 0.5067884922027588 375
1679781578910 0.5067787766456604 376
1679781579029 0.5069255232810974 377
1679781579150 0.5070759057998657 378
1679781579271 0.5066731572151184 379
1679781579390 0.5066957473754883 380
1679781579512 0.5070573687553406 381
1679781579634 0.5069466829299927 382
1679781579754 0.5068846940994263 383
1679781579887 0.5066322088241577 384
1679781580011 0.5068163871765137 385
1679781580134 0.506478488445282 386
1679781580259 0.5068598389625549 387
1679781580377 0.5069655776023865 388
1679781580497 0.5066728591918945 389
1679781580621 0.5067351460456848 390
1679781580753 0.5073725581169128 391
1679781580874 0.5068196058273315 392
1679781580992 0.5069477558135986 393
1679781581113 0.5074061751365662 394
1679781581240 0.5067678689956665 395
1679781581359 0.5064782500267029 396
1679781581478 0.5067552328109741 397
1679781581602 0.5069530010223389 398
1679781581720 0.5067108869552612 399
1679781581840 0.5065993070602417 400
1679781581960 0.5067505240440369 401
1679781582081 0.506536066532135 402
1679781582199 0.5067041516304016 403
1679781582318 0.5064747333526611 404
1679781582436 0.506688117980957 405
1679781582559 0.5071786046028137 406
1679781582677 0.5070090293884277 407
1679781582795 0.5067175626754761 408
1679781582918 0.5066061615943909 409
1679781583046 0.5071743130683899 410
1679781583173 0.5068226456642151 411
1679781583292 0.5066494345664978 412
1679781583415 0.5066511631011963 413
1679781583533 0.506580650806427 414
1679781583652 0.5069538354873657 415
1679781583773 0.5064762830734253 416
1679781583890 0.506370484828949 417
1679781584010 0.5064936876296997 418
1679781584134 0.5064992904663086 419
1679781584259 0.5063062310218811 420
1679781584378 0.5076842308044434 421
1679781584497 0.5069851875305176 422
1679781584619 0.5067453980445862 423
1679781584739 0.5068400502204895 424
1679781584861 0.5070995092391968 425
1679781584985 0.5069751143455505 426
1679781585109 0.5068635940551758 427
1679781585227 0.5065323710441589 428
1679781585344 0.5065067410469055 429
1679781585461 0.50657057762146 430
1679781585584 0.5064399242401123 431
1679781585705 0.5066151022911072 432
1679781585825 0.5067685842514038 433
1679781585941 0.5063356757164001 434
1679781586059 0.5065915584564209 435
1679781586180 0.5065128803253174 436
1679781586304 0.5067391395568848 437
1679781586422 0.5061898231506348 438
1679781586541 0.5069106221199036 439
1679781586657 0.5063669681549072 440
1679781586780 0.506817638874054 441
1679781586906 0.506738543510437 442
1679781587025 0.5070326924324036 443
1679781587142 0.5064003467559814 444
1679781587259 0.5063687562942505 445
1679781587379 0.5063955187797546 446
1679781587499 0.5067628622055054 447
1679781587619 0.5062031149864197 448
1679781587741 0.5064933896064758 449
1679781587859 0.5062360167503357 450
1679781587978 0.5067014098167419 451
1679781588101 0.5068087577819824 452
1679781588218 0.5066771507263184 453
1679781588341 0.5061066150665283 454
1679781588464 0.506366491317749 455
1679781588587 0.5066355466842651 456
1679781588709 0.5063327550888062 457
1679781588833 0.5064311623573303 458
1679781588961 0.5064266324043274 459
1679781589087 0.5069651007652283 460
1679781589214 0.5064125657081604 461
1679781589335 0.5066263675689697 462
1679781589457 0.5067015290260315 463
1679781589590 0.5065305829048157 464
1679781589717 0.5064615607261658 465
1679781589833 0.5062040090560913 466
1679781589954 0.5063568353652954 467
1679781590073 0.5065752863883972 468
1679781590198 0.5069186091423035 469
1679781590320 0.5062609910964966 470
1679781590438 0.5068389773368835 471
1679781590562 0.5060392618179321 472
1679781590679 0.5067935585975647 473
1679781590800 0.5063693523406982 474
1679781590923 0.5062326788902283 475
1679781591042 0.5061341524124146 476
1679781591160 0.5062030553817749 477
1679781591287 0.5063495635986328 478
1679781591410 0.5062958598136902 479
1679781591535 0.50612473487854 480
1679781591657 0.5062130093574524 481
1679781591781 0.5062317848205566 482
1679781591905 0.5061613321304321 483
1679781592025 0.5063053965568542 484
1679781592147 0.5059835910797119 485
1679781592267 0.5064359307289124 486
1679781592391 0.5061455965042114 487
1679781592511 0.5063386559486389 488
1679781592637 0.5064515471458435 489
1679781592762 0.5066203474998474 490
1679781592884 0.5062832236289978 491
1679781593010 0.5063321590423584 492
1679781593131 0.5063124895095825 493
1679781593251 0.5064077377319336 494
1679781593374 0.5065685510635376 495
1679781593499 0.506454348564148 496
1679781593622 0.5063595175743103 497
1679781593742 0.5061366558074951 498
1679781593862 0.5062651634216309 499
1679781593990 0.5062806606292725 500
1679781594107 0.5062088370323181 501
1679781594238 0.5064657330513 502
1679781594357 0.5061158537864685 503
1679781594476 0.5065022706985474 504
1679781594599 0.5062080025672913 505
1679781594717 0.5064640641212463 506
1679781594836 0.5061084032058716 507
1679781594959 0.5062918066978455 508
1679781595077 0.5063167214393616 509
1679781595195 0.505947470664978 510
1679781595320 0.5061036348342896 511
1679781595441 0.506361186504364 512
1679781595564 0.5060016512870789 513
1679781595691 0.5062736868858337 514
1679781595823 0.5066245794296265 515
1679781595940 0.5060483813285828 516
1679781596057 0.5061261653900146 517
1679781596178 0.5061607956886292 518
1679781596303 0.5068327188491821 519
1679781596422 0.5061865448951721 520
1679781596540 0.5064377784729004 521
1679781596661 0.5060300230979919 522
1679781596801 0.5062121748924255 523
1679781596925 0.5061678886413574 524
1679781597045 0.5060019493103027 525
1679781597170 0.5062530040740967 526
1679781597298 0.5061859488487244 527
1679781597418 0.5061079859733582 528
1679781597541 0.5060688257217407 529
1679781597670 0.5061342120170593 530
1679781597790 0.5065745115280151 531
1679781597915 0.5058121681213379 532
1679781598034 0.5060469508171082 533
1679781598153 0.5061249732971191 534
1679781598275 0.506249189376831 535
1679781598396 0.5060708522796631 536
1679781598526 0.5057206153869629 537
1679781598646 0.5060921311378479 538
1679781598767 0.5060029029846191 539
1679781598894 0.50604647397995 540
1679781599017 0.5061503052711487 541
1679781599137 0.5066608786582947 542
1679781599266 0.5059749484062195 543
1679781599386 0.5063187479972839 544
1679781599503 0.5064817070960999 545
1679781599619 0.5060679912567139 546
1679781599737 0.5061478018760681 547
1679781599855 0.506016731262207 548
1679781599975 0.5061476230621338 549
1679781600092 0.5059598684310913 550
1679781600212 0.5059922337532043 551
1679781600333 0.506038248538971 552
1679781600456 0.5067274570465088 553
1679781600577 0.5058908462524414 554
1679781600697 0.5061929225921631 555
1679781600824 0.5064083337783813 556
1679781600943 0.5059105157852173 557
1679781601070 0.5059179067611694 558
1679781601197 0.506049633026123 559
1679781601331 0.5062189698219299 560
1679781601454 0.5060737729072571 561
1679781601575 0.5060170292854309 562
1679781601694 0.5059488415718079 563
1679781601813 0.5060219764709473 564
1679781601937 0.5061182379722595 565
1679781602058 0.5065605640411377 566
1679781602177 0.5061962008476257 567
1679781602294 0.505789041519165 568
1679781602419 0.5061532258987427 569
1679781602539 0.5059505105018616 570
1679781602657 0.5057330131530762 571
1679781602777 0.5058990716934204 572
1679781602903 0.505844235420227 573
1679781603023 0.5056639909744263 574
1679781603149 0.5061177015304565 575
1679781603271 0.5059661865234375 576
1679781603391 0.5058473944664001 577
1679781603510 0.5060941576957703 578
1679781603629 0.5059837102890015 579
1679781603746 0.506430983543396 580
1679781603868 0.5058852434158325 581
1679781603984 0.5059065818786621 582
1679781604103 0.5062388181686401 583
1679781604226 0.5060076117515564 584
1679781604344 0.5057725310325623 585
1679781604470 0.505920946598053 586
1679781604590 0.5057885050773621 587
1679781604717 0.5058348774909973 588
1679781604833 0.5057909488677979 589
1679781604956 0.5062921643257141 590
1679781605075 0.5060901641845703 591
1679781605199 0.5062859654426575 592
1679781605319 0.5056994557380676 593
1679781605437 0.50614333152771 594
1679781605557 0.5057598352432251 595
1679781605675 0.5056661367416382 596
1679781605794 0.5061338543891907 597
1679781605913 0.5056974291801453 598
1679781606034 0.5059120655059814 599
1679781606152 0.5058113932609558 600
1679781606280 0.5058516263961792 601
1679781606401 0.5062581300735474 602
1679781606519 0.5058825016021729 603
1679781606639 0.505886971950531 604
1679781606758 0.505789041519165 605
1679781606881 0.5056564211845398 606
1679781606999 0.5057451725006104 607
1679781607123 0.5059723258018494 608
1679781607243 0.50588458776474 609
1679781607360 0.5057274699211121 610
1679781607484 0.5060197710990906 611
1679781607602 0.5059604048728943 612
1679781607716 0.5054010152816772 613
1679781607833 0.5062074065208435 614
1679781607950 0.505721390247345 615
1679781608070 0.5060833692550659 616
1679781608191 0.5058608055114746 617
1679781608316 0.5058078765869141 618
1679781608438 0.5059128999710083 619
1679781608560 0.5061991810798645 620
1679781608681 0.5057286024093628 621
1679781608801 0.5066354274749756 622
1679781608925 0.5055059194564819 623
1679781609045 0.5059571266174316 624
1679781609172 0.506085216999054 625
1679781609296 0.5060235261917114 626
1679781609416 0.5061190128326416 627
1679781609536 0.5054492354393005 628
1679781609663 0.5058929920196533 629
1679781609786 0.5055628418922424 630
1679781609906 0.5054846405982971 631
1679781610024 0.505882740020752 632
1679781610148 0.5062645673751831 633
1679781610269 0.5056099891662598 634
1679781610387 0.505876898765564 635
1679781610507 0.5060182809829712 636
1679781610626 0.5059584379196167 637
1679781610746 0.5057808756828308 638
1679781610876 0.5057372450828552 639
1679781610994 0.5058456063270569 640
1679781611116 0.5058291554450989 641
1679781611233 0.5060229301452637 642
1679781611353 0.5064544677734375 643
1679781611484 0.5057812333106995 644
1679781611603 0.5059346556663513 645
1679781611721 0.5059105753898621 646
1679781611845 0.5057315826416016 647
1679781611967 0.5056959986686707 648
1679781612085 0.5057874917984009 649
1679781612204 0.5056566596031189 650
1679781612329 0.5061413049697876 651
1679781612450 0.506089448928833 652
1679781612570 0.5059757828712463 653
1679781612695 0.5059037208557129 654
1679781612817 0.5056542158126831 655
1679781612935 0.50566166639328 656
1679781613055 0.5055854320526123 657
1679781613185 0.5062804818153381 658
1679781613305 0.5057678818702698 659
1679781613431 0.5055722594261169 660
1679781613555 0.505649983882904 661
1679781613674 0.5055550336837769 662
1679781613796 0.5060112476348877 663
1679781613922 0.505856454372406 664
1679781614042 0.5060839056968689 665
1679781614168 0.5056942701339722 666
1679781614287 0.5057545900344849 667
1679781614411 0.5056992769241333 668
1679781614528 0.5057030916213989 669
1679781614649 0.5057711601257324 670
1679781614776 0.5058920383453369 671
1679781614895 0.5058249235153198 672
1679781615026 0.5055168867111206 673
1679781615144 0.5058237314224243 674
1679781615267 0.5059068202972412 675
1679781615388 0.5056711435317993 676
1679781615508 0.5054351687431335 677
1679781615625 0.5055656433105469 678
1679781615750 0.505481481552124 679
1679781615872 0.5062296390533447 680
1679781615996 0.5059919953346252 681
1679781616121 0.5055669546127319 682
1679781616242 0.5061362981796265 683
1679781616369 0.5058559775352478 684
1679781616492 0.5057305693626404 685
1679781616614 0.5055584907531738 686
1679781616737 0.505662202835083 687
1679781616861 0.5056501626968384 688
1679781616986 0.5055080056190491 689
1679781617110 0.5057269930839539 690
1679781617233 0.5056010484695435 691
1679781617358 0.5058636665344238 692
1679781617478 0.505814790725708 693
1679781617606 0.5058338046073914 694
1679781617727 0.5058231949806213 695
1679781617852 0.5058885812759399 696
1679781617969 0.5057650208473206 697
1679781618088 0.5055527091026306 698
1679781618210 0.5054386258125305 699
1679781618331 0.5055370926856995 700
1679781618451 0.5058245062828064 701
1679781618572 0.5057843327522278 702
1679781618693 0.5053585767745972 703
1679781618817 0.5053266882896423 704
1679781618951 0.5056529641151428 705
1679781619070 0.5054967403411865 706
1679781619190 0.5061297416687012 707
1679781619313 0.5057863593101501 708
1679781619432 0.5055255889892578 709
1679781619551 0.5055567026138306 710
1679781619668 0.5061027407646179 711
1679781619786 0.5063881874084473 712
1679781619904 0.5052270889282227 713
1679781620022 0.5054235458374023 714
1679781620140 0.5054869055747986 715
1679781620270 0.5058071613311768 716
1679781620392 0.5064782500267029 717
1679781620515 0.505514919757843 718
1679781620637 0.5057512521743774 719
1679781620764 0.5055619478225708 720
1679781620886 0.5057445764541626 721
1679781621006 0.5057162642478943 722
1679781621129 0.5054337382316589 723
1679781621256 0.5055829882621765 724
1679781621383 0.505578875541687 725
1679781621512 0.5053819417953491 726
1679781621635 0.5052748322486877 727
1679781621757 0.5057839155197144 728
1679781621881 0.505734384059906 729
1679781622010 0.5054841041564941 730
1679781622129 0.5058572888374329 731
1679781622250 0.5055981874465942 732
1679781622374 0.505479097366333 733
1679781622490 0.5053309798240662 734
1679781622611 0.5051912069320679 735
1679781622738 0.505678117275238 736
1679781622862 0.5055069327354431 737
1679781622981 0.5054041743278503 738
1679781623100 0.5057883262634277 739
1679781623220 0.5054426193237305 740
1679781623337 0.5057562589645386 741
1679781623458 0.5054911375045776 742
1679781623577 0.5056584477424622 743
1679781623697 0.5053949952125549 744
1679781623814 0.5057223439216614 745
1679781623937 0.505739152431488 746
1679781624054 0.5052652955055237 747
1679781624178 0.5052976608276367 748
1679781624306 0.5052595138549805 749
1679781624432 0.5055456161499023 750
1679781624555 0.5058946013450623 751
1679781624675 0.5053662061691284 752
1679781624795 0.5056530237197876 753
1679781624917 0.5057194232940674 754
1679781625038 0.5053954124450684 755
1679781625161 0.5057498216629028 756
1679781625287 0.5058050751686096 757
1679781625422 0.5055305361747742 758
1679781625542 0.5059126019477844 759
1679781625664 0.5054312348365784 760
1679781625788 0.50629723072052 761
1679781625910 0.5055646896362305 762
1679781626032 0.5054030418395996 763
1679781626153 0.5054159164428711 764
1679781626275 0.5053236484527588 765
1679781626399 0.5056749582290649 766
1679781626520 0.5053752660751343 767
1679781626640 0.5056954622268677 768
1679781626768 0.5052213668823242 769
1679781626887 0.5053406953811646 770
1679781627007 0.50556480884552 771
1679781627129 0.5054457187652588 772
1679781627247 0.5053601264953613 773
1679781627367 0.5055896043777466 774
1679781627486 0.5050946474075317 775
1679781627608 0.5053457617759705 776
1679781627725 0.5057001113891602 777
1679781627844 0.5057605504989624 778
1679781627964 0.5055040717124939 779
1679781628088 0.5059220194816589 780
1679781628210 0.5059720277786255 781
1679781628362 0.5057172775268555 782
1679781628483 0.5055062770843506 783
1679781628607 0.5055258870124817 784
1679781628726 0.5056852102279663 785
1679781628852 0.5056704878807068 786
1679781628975 0.5053240060806274 787
1679781629098 0.5055636167526245 788
1679781629219 0.5058363676071167 789
1679781629340 0.5055245757102966 790
1679781629458 0.505368173122406 791
1679781629580 0.505405604839325 792
1679781629711 0.5053716897964478 793
1679781629829 0.5054067373275757 794
1679781629950 0.505280613899231 795
1679781630075 0.5054633021354675 796
1679781630192 0.50511634349823 797
1679781630318 0.5054354667663574 798
1679781630438 0.5055122375488281 799
1679781630558 0.5056065320968628 800
1679781630681 0.5054258108139038 801
1679781630808 0.5059396028518677 802
1679781630926 0.5056647062301636 803
1679781631047 0.5052730441093445 804
1679781631172 0.5053735375404358 805
1679781631291 0.5051560997962952 806
1679781631413 0.5053159594535828 807
1679781631531 0.5053462386131287 808
1679781631652 0.5056583285331726 809
1679781631773 0.5053399801254272 810
1679781631900 0.5053085088729858 811
1679781632022 0.5054713487625122 812
1679781632146 0.5053749680519104 813
1679781632270 0.5054259896278381 814
1679781632400 0.5055534243583679 815
1679781632521 0.5054144859313965 816
1679781632647 0.5052277445793152 817
1679781632769 0.5052905082702637 818
1679781632892 0.5053676962852478 819
1679781633014 0.5055091977119446 820
1679781633141 0.5055134892463684 821
1679781633265 0.5051584839820862 822
1679781633391 0.5053442716598511 823
1679781633516 0.5053277015686035 824
1679781633641 0.5053316354751587 825
1679781633760 0.5053026080131531 826
1679781633882 0.5055094361305237 827
1679781634002 0.5054384469985962 828
1679781634121 0.5056208968162537 829
1679781634247 0.5054585933685303 830
1679781634371 0.5059240460395813 831
1679781634495 0.5054439902305603 832
1679781634618 0.5052774548530579 833
1679781634737 0.5055596232414246 834
1679781634856 0.5055258870124817 835
1679781634973 0.5056065320968628 836
1679781635094 0.5053999423980713 837
1679781635215 0.5055816173553467 838
1679781635333 0.5052836537361145 839
1679781635459 0.5051611661911011 840
1679781635577 0.5054625868797302 841
1679781635697 0.5052040815353394 842
1679781635816 0.5056598782539368 843
1679781635933 0.5053237676620483 844
1679781636051 0.5053322911262512 845
1679781636171 0.5053800344467163 846
1679781636292 0.5055515766143799 847
1679781636415 0.5053949356079102 848
1679781636541 0.5055488348007202 849
1679781636667 0.5053932070732117 850
1679781636788 0.5056472420692444 851
1679781636908 0.5064811706542969 852
1679781637030 0.5055352449417114 853
1679781637155 0.5051632523536682 854
1679781637284 0.5055938959121704 855
1679781637405 0.5052931308746338 856
1679781637525 0.5053855776786804 857
1679781637651 0.5052916407585144 858
1679781637769 0.5051994323730469 859
1679781637891 0.5053984522819519 860
1679781638015 0.5052924752235413 861
1679781638134 0.5053201913833618 862
1679781638259 0.5050756931304932 863
1679781638375 0.5052568316459656 864
1679781638494 0.5053268671035767 865
1679781638618 0.5055705904960632 866
1679781638739 0.5052775144577026 867
1679781638865 0.5053695440292358 868
1679781638991 0.5052505731582642 869
1679781639113 0.5050409436225891 870
1679781639231 0.5050714612007141 871
1679781639350 0.5053547024726868 872
1679781639470 0.5051887035369873 873
1679781639591 0.5057036280632019 874
1679781639711 0.5054715275764465 875
1679781639829 0.5053913593292236 876
1679781639952 0.5054200887680054 877
1679781640073 0.5051952600479126 878
1679781640193 0.5050390362739563 879
1679781640315 0.5059378147125244 880
1679781640436 0.5051242113113403 881
1679781640557 0.5052694082260132 882
1679781640676 0.5050662159919739 883
1679781640797 0.5052563548088074 884
1679781640917 0.5053720474243164 885
1679781641047 0.5054435729980469 886
1679781641173 0.50542813539505 887
1679781641294 0.5051717758178711 888
1679781641420 0.5050498247146606 889
1679781641540 0.5054368376731873 890
1679781641660 0.505150556564331 891
1679781641783 0.5055586695671082 892
1679781641900 0.5052672624588013 893
1679781642020 0.5056301355361938 894
1679781642149 0.5053569078445435 895
1679781642270 0.5050994753837585 896
1679781642391 0.5051621198654175 897
1679781642515 0.5056635141372681 898
1679781642634 0.5054440498352051 899
1679781642757 0.5053577423095703 900
1679781642875 0.5050570368766785 901
1679781642991 0.5053728818893433 902
1679781643111 0.5052830576896667 903
1679781643228 0.5053988695144653 904
1679781643387 0.5052421689033508 905
1679781643517 0.5052900314331055 906
1679781643640 0.5054267048835754 907
1679781643761 0.5055720806121826 908
1679781643879 0.5049997568130493 909
1679781644000 0.5051782727241516 910
1679781644125 0.5049802660942078 911
1679781644243 0.5049888491630554 912
1679781644362 0.5056555271148682 913
1679781644481 0.5051472783088684 914
1679781644601 0.5056882500648499 915
1679781644726 0.5057534575462341 916
1679781644850 0.5051444172859192 917
1679781644970 0.5050893425941467 918
1679781645089 0.5053035020828247 919
1679781645209 0.5051897764205933 920
1679781645333 0.5054101943969727 921
1679781645453 0.5058117508888245 922
1679781645572 0.5053394436836243 923
1679781645694 0.5051479339599609 924
1679781645813 0.5051725506782532 925
1679781645935 0.5052329897880554 926
1679781646054 0.5051226615905762 927
1679781646184 0.505489706993103 928
1679781646305 0.505368709564209 929
1679781646422 0.5057787299156189 930
1679781646551 0.5057911276817322 931
1679781646671 0.5051335692405701 932
1679781646788 0.505459725856781 933
1679781646910 0.5051229596138 934
1679781647029 0.5050265192985535 935
1679781647147 0.5050159096717834 936
1679781647267 0.505481481552124 937
1679781647396 0.5051517486572266 938
1679781647514 0.5053001642227173 939
1679781647631 0.5053582787513733 940
1679781647749 0.5049470663070679 941
1679781647871 0.505378007888794 942
1679781647992 0.5054559707641602 943
1679781648110 0.5051403045654297 944
1679781648234 0.505437970161438 945
1679781648356 0.5052958726882935 946
1679781648488 0.5049521923065186 947
1679781648614 0.5051014423370361 948
1679781648737 0.5053430795669556 949
1679781648855 0.5049644112586975 950
1679781648977 0.50550776720047 951
1679781649099 0.5050888657569885 952
1679781649221 0.5050851702690125 953
1679781649344 0.5050759315490723 954
1679781649469 0.5050157904624939 955
1679781649588 0.5054411292076111 956
1679781649706 0.5050612092018127 957
1679781649833 0.5051841735839844 958
1679781649956 0.5049828886985779 959
1679781650078 0.5051390528678894 960
1679781650199 0.505331814289093 961
1679781650320 0.5056108832359314 962
1679781650439 0.5052623748779297 963
1679781650561 0.505263090133667 964
1679781650680 0.5051959156990051 965
1679781650800 0.5054829716682434 966
1679781650919 0.5052877068519592 967
1679781651042 0.50529944896698 968
1679781651163 0.5049455761909485 969
1679781651282 0.5051019787788391 970
1679781651402 0.5049460530281067 971
1679781651525 0.5052127242088318 972
1679781651648 0.5053061842918396 973
1679781651768 0.5051836967468262 974
1679781651888 0.505153238773346 975
1679781652015 0.5051057934761047 976
1679781652134 0.5052765011787415 977
1679781652255 0.5049474239349365 978
1679781652387 0.5050399899482727 979
1679781652510 0.5052034854888916 980
1679781652633 0.5050325393676758 981
1679781652753 0.5052693486213684 982
1679781652874 0.5051127076148987 983
1679781652997 0.5050203204154968 984
1679781653125 0.5052476525306702 985
1679781653249 0.5051013827323914 986
1679781653373 0.5051200985908508 987
1679781653494 0.5051583647727966 988
1679781653626 0.5051345825195312 989
1679781653746 0.5056566596031189 990
1679781653865 0.5048432350158691 991
1679781653989 0.5052087306976318 992
1679781654107 0.5048495531082153 993
1679781654229 0.5050314664840698 994
1679781654349 0.5052273273468018 995
1679781654471 0.5054766535758972 996
1679781654596 0.5051833987236023 997
1679781654726 0.5052846074104309 998
1679781654847 0.5049816370010376 999
