1679509138805 0.7182006239891052 0
1679509138905 0.737418532371521 1
1679509139002 0.7393101453781128 2
1679509139099 0.74043869972229 3
1679509139196 0.7410109639167786 4
1679509139298 0.7414242625236511 5
1679509139395 0.7408996820449829 6
1679509139495 0.7424097657203674 7
1679509139596 0.7435542941093445 8
1679509139694 0.7436814308166504 9
1679509139804 0.7437450289726257 10
1679509139903 0.7439834475517273 11
1679509139999 0.7447146773338318 12
1679509140097 0.7444603443145752 13
1679509140195 0.7457637786865234 14
1679509140297 0.7463201284408569 15
1679509140395 0.7467493414878845 16
1679509140494 0.7462247610092163 17
1679509140600 0.7454140782356262 18
1679509140697 0.7470036745071411 19
1679509140795 0.7470831274986267 20
1679509140892 0.7476394772529602 21
1679509140990 0.7470513582229614 22
1679509141087 0.747305691242218 23
1679509141184 0.7480368614196777 24
1679509141281 0.7483707070350647 25
1679509141382 0.7487521767616272 26
1679509141503 0.7483707070350647 27
1679509141610 0.7486250400543213 28
1679509141715 0.7488793730735779 29
1679509141823 0.7484342455863953 30
1679509141923 0.7486885786056519 31
1679509142021 0.7486408948898315 32
1679509142121 0.7494038939476013 33
1679509142221 0.7486568093299866 34
1679509142327 0.7486091256141663 35
1679509142434 0.7491654753684998 36
1679509142537 0.7491337060928345 37
1679509142640 0.7491495609283447 38
1679509142744 0.749531090259552 39
1679509142855 0.7489270567893982 40
1679509142961 0.749356210231781 41
1679509143071 0.7488157749176025 42
1679509143173 0.7497535943984985 43
1679509143278 0.7494038939476013 44
1679509143378 0.7496264576911926 45
1679509143485 0.7490541934967041 46
1679509143585 0.7497535943984985 47
1679509143686 0.7492608428001404 48
1679509143798 0.7500397562980652 49
1679509143898 0.7501510381698608 50
1679509143998 0.7499443888664246 51
1679509144102 0.7496105432510376 52
1679509144210 0.7496582269668579 53
1679509144319 0.7498489618301392 54
1679509144420 0.7497854232788086 55
1679509144525 0.7504053115844727 56
1679509144628 0.7497535943984985 57
1679509144732 0.7502464056015015 58
1679509144838 0.7499920725822449 59
1679509144940 0.7497218251228333 60
1679509145039 0.7508822083473206 61
1679509145145 0.7500874400138855 62
1679509145246 0.7501668930053711 63
1679509145350 0.7507232427597046 64
1679509145458 0.7505642771720886 65
1679509145558 0.7497695088386536 66
1679509145685 0.7503735423088074 67
1679509145789 0.7508662939071655 68
1679509145908 0.7513749599456787 69
1679509146011 0.7504530549049377 70
1679509146119 0.751438558101654 71
1679509146220 0.7508981227874756 72
1679509146319 0.7503417730331421 73
1679509146418 0.7504530549049377 74
1679509146519 0.7503258585929871 75
1679509146620 0.7501828074455261 76
1679509146724 0.7510094046592712 77
1679509146824 0.750627875328064 78
1679509146923 0.7508662939071655 79
1679509147025 0.7507868409156799 80
1679509147131 0.7513114213943481 81
1679509147241 0.7514067888259888 82
1679509147345 0.7514544725418091 83
1679509147452 0.7506914734840393 84
1679509147561 0.7505484223365784 85
1679509147666 0.7498012781143188 86
1679509147769 0.7518995404243469 87
1679509147874 0.7512955069541931 88
1679509147978 0.7507709264755249 89
1679509148084 0.7509775757789612 90
1679509148192 0.7513908743858337 91
1679509148295 0.7512955069541931 92
1679509148399 0.7512319087982178 93
1679509148506 0.7510252594947815 94
1679509148606 0.751422643661499 95
1679509148707 0.7511524558067322 96
1679509148807 0.7516769766807556 97
1679509148907 0.7512955069541931 98
1679509149006 0.7507073879241943 99
