1679509138805 0.5664681196212769 0
1679509138905 0.5247228145599365 1
1679509139002 0.5222485065460205 2
1679509139099 0.5209744572639465 3
1679509139196 0.5199548006057739 4
1679509139298 0.5194726586341858 5
1679509139395 0.5190191268920898 6
1679509139495 0.518035888671875 7
1679509139596 0.5174475908279419 8
1679509139694 0.5171162486076355 9
1679509139804 0.5163677334785461 10
1679509139903 0.5161123871803284 11
1679509139999 0.5154793858528137 12
1679509140097 0.5150817036628723 13
1679509140195 0.5148190259933472 14
1679509140297 0.5141617655754089 15
1679509140395 0.5141404271125793 16
1679509140494 0.514057993888855 17
1679509140600 0.513312041759491 18
1679509140697 0.5128068923950195 19
1679509140795 0.51259845495224 20
1679509140892 0.512029230594635 21
1679509140990 0.5123522877693176 22
1679509141087 0.5113622546195984 23
1679509141184 0.5111708641052246 24
1679509141281 0.5111168622970581 25
1679509141382 0.5104848146438599 26
1679509141503 0.5102499127388 27
1679509141610 0.5104392170906067 28
1679509141715 0.5096583366394043 29
1679509141823 0.5098232626914978 30
1679509141923 0.5096145868301392 31
1679509142021 0.5091868042945862 32
1679509142121 0.509532630443573 33
1679509142221 0.5089717507362366 34
1679509142327 0.5088143944740295 35
1679509142434 0.5087369084358215 36
1679509142537 0.5087140798568726 37
1679509142640 0.5084846019744873 38
1679509142744 0.5082628130912781 39
1679509142855 0.5083402991294861 40
1679509142961 0.5080330967903137 41
1679509143071 0.5079551935195923 42
1679509143173 0.5075927972793579 43
1679509143278 0.5079079270362854 44
1679509143378 0.5075435638427734 45
1679509143485 0.5076650381088257 46
1679509143585 0.507257342338562 47
1679509143686 0.5076965689659119 48
1679509143798 0.5073913335800171 49
1679509143898 0.5073415637016296 50
1679509143998 0.5074601173400879 51
1679509144102 0.5071242451667786 52
1679509144210 0.5071253776550293 53
1679509144319 0.5070865154266357 54
1679509144420 0.5066092610359192 55
1679509144525 0.5066747665405273 56
1679509144628 0.5069131851196289 57
1679509144732 0.5064627528190613 58
1679509144838 0.5068166851997375 59
1679509144940 0.5064656138420105 60
1679509145039 0.506386399269104 61
1679509145145 0.5064942836761475 62
1679509145246 0.5068023800849915 63
1679509145350 0.5062208771705627 64
1679509145458 0.5063672065734863 65
1679509145558 0.5067448019981384 66
1679509145685 0.5061776041984558 67
1679509145789 0.5065638422966003 68
1679509145908 0.506169319152832 69
1679509146011 0.5065663456916809 70
1679509146119 0.5058460831642151 71
1679509146220 0.5059783458709717 72
1679509146319 0.5061843395233154 73
1679509146418 0.5059351325035095 74
1679509146519 0.5060205459594727 75
1679509146620 0.5061983466148376 76
1679509146724 0.505614161491394 77
1679509146824 0.5055880546569824 78
1679509146923 0.5060073137283325 79
1679509147025 0.5059649348258972 80
1679509147131 0.5057690739631653 81
1679509147241 0.5056522488594055 82
1679509147345 0.5056684613227844 83
1679509147452 0.5055460333824158 84
1679509147561 0.5053077936172485 85
1679509147666 0.5054889917373657 86
1679509147769 0.5056089162826538 87
1679509147874 0.505443811416626 88
1679509147978 0.505220890045166 89
1679509148084 0.5054114460945129 90
1679509148192 0.5052899122238159 91
1679509148295 0.5053260326385498 92
1679509148399 0.5051875114440918 93
1679509148506 0.5049165487289429 94
1679509148606 0.5051097273826599 95
1679509148707 0.5051831007003784 96
1679509148807 0.5053950548171997 97
1679509148907 0.505037784576416 98
1679509149006 0.5050467252731323 99
