1679509232221 0.7203306555747986 0
1679509232332 0.7378159165382385 1
1679509232438 0.7391511797904968 2
1679509232542 0.739326000213623 3
1679509232646 0.7411381602287292 4
1679509232802 0.7415355443954468 5
1679509232911 0.7427117824554443 6
1679509233016 0.7419806122779846 7
1679509233122 0.7430615425109863 8
1679509233231 0.742664098739624 9
1679509233334 0.7435383796691895 10
1679509233435 0.7435542941093445 11
1679509233538 0.7446510791778564 12
1679509233642 0.7445557117462158 13
1679509233745 0.744905412197113 14
1679509233850 0.7448418140411377 15
1679509233955 0.7453981637954712 16
1679509234066 0.7467334270477295 17
1679509234176 0.7469400763511658 18
1679509234285 0.7461134791374207 19
1679509234392 0.7473374605178833 20
1679509234498 0.7477825284004211 21
1679509234602 0.747289776802063 22
1679509234708 0.7474169731140137 23
1679509234817 0.7478938102722168 24
1679509234926 0.7476713061332703 25
1679509235036 0.7474964261054993 26
1679509235142 0.7482276558876038 27
1679509235249 0.7488634586334229 28
1679509235358 0.748561441898346 29
1679509235468 0.748259425163269 30
1679509235569 0.7488634586334229 31
1679509235673 0.7482911944389343 32
1679509235780 0.748577356338501 33
1679509235889 0.748561441898346 34
1679509235998 0.7482117414474487 35
1679509236106 0.7491337060928345 36
1679509236217 0.7487998604774475 37
1679509236329 0.7493403553962708 38
1679509236436 0.7483707070350647 39
1679509236553 0.7496264576911926 40
1679509236663 0.7491337060928345 41
1679509236768 0.7489429116249084 42
1679509236874 0.7496423721313477 43
1679509236982 0.7499920725822449 44
1679509237089 0.7503735423088074 45
1679509237194 0.748259425163269 46
1679509237306 0.7494038939476013 47
1679509237420 0.7497059106826782 48
1679509237543 0.7499284744262695 49
1679509237711 0.7484660744667053 50
1679509237826 0.7504212260246277 51
1679509237938 0.7494198083877563 52
1679509238046 0.7502940893173218 53
1679509238160 0.7498967051506042 54
1679509238265 0.7498171925544739 55
1679509238375 0.7503735423088074 56
1679509238483 0.749515175819397 57
1679509238590 0.7501032948493958 58
1679509238702 0.7507868409156799 59
1679509238811 0.7495946884155273 60
1679509238915 0.7504212260246277 61
1679509239019 0.7499284744262695 62
1679509239124 0.7502940893173218 63
1679509239226 0.7508981227874756 64
1679509239331 0.750802755355835 65
1679509239436 0.7505325078964233 66
1679509239542 0.7502145767211914 67
1679509239645 0.7506119608879089 68
1679509239753 0.7499284744262695 69
1679509239857 0.7502781748771667 70
1679509239961 0.7505961060523987 71
1679509240067 0.750484824180603 72
1679509240176 0.7498967051506042 73
1679509240281 0.7505801916122437 74
1679509240386 0.7509298920631409 75
1679509240490 0.7513749599456787 76
1679509240595 0.7511683106422424 77
1679509240701 0.7505007386207581 78
1679509240806 0.7503258585929871 79
1679509240909 0.7513431906700134 80
1679509241015 0.7500397562980652 81
1679509241122 0.7506755590438843 82
1679509241226 0.7506596446037292 83
1679509241338 0.7510094046592712 84
1679509241445 0.7506119608879089 85
1679509241550 0.7514862418174744 86
1679509241658 0.7511842250823975 87
1679509241760 0.7508981227874756 88
1679509241868 0.7514703273773193 89
1679509241974 0.7512955069541931 90
1679509242082 0.7508662939071655 91
1679509242183 0.75159752368927 92
1679509242289 0.7516769766807556 93
1679509242391 0.7506596446037292 94
1679509242498 0.7509617209434509 95
1679509242605 0.7511206269264221 96
1679509242708 0.7516769766807556 97
1679509242809 0.7519472241401672 98
1679509242909 0.7505961060523987 99
1679509243009 0.7513908743858337 100
1679509243114 0.7514067888259888 101
1679509243220 0.7515339255332947 102
1679509243328 0.751422643661499 103
1679509243435 0.7515498399734497 104
1679509243541 0.7512319087982178 105
1679509243645 0.7515180706977844 106
1679509243753 0.7502940893173218 107
1679509243863 0.7514544725418091 108
1679509243970 0.7515180706977844 109
1679509244075 0.7509775757789612 110
1679509244178 0.7518677711486816 111
1679509244284 0.7513591051101685 112
1679509244403 0.7509139776229858 113
1679509244519 0.7515657544136047 114
1679509244633 0.7516452074050903 115
1679509244748 0.751438558101654 116
1679509244860 0.7515339255332947 117
1679509244973 0.7514862418174744 118
1679509245080 0.7515339255332947 119
1679509245189 0.751438558101654 120
1679509245293 0.7510888576507568 121
1679509245398 0.751915454864502 122
1679509245502 0.7512955069541931 123
1679509245610 0.751581609249115 124
1679509245717 0.7518836259841919 125
1679509245827 0.7518836259841919 126
1679509245935 0.7522492408752441 127
1679509246049 0.7515339255332947 128
1679509246154 0.7515180706977844 129
1679509246265 0.7514067888259888 130
1679509246369 0.7519313097000122 131
1679509246483 0.751740574836731 132
1679509246587 0.7524718046188354 133
1679509246692 0.7521379590034485 134
1679509246798 0.7525194883346558 135
1679509246902 0.7511365413665771 136
1679509247006 0.7523922920227051 137
1679509247112 0.7512955069541931 138
1679509247215 0.7517088055610657 139
1679509247318 0.7519949078559875 140
1679509247421 0.7519949078559875 141
1679509247527 0.751581609249115 142
1679509247636 0.7523286938667297 143
1679509247741 0.7522492408752441 144
1679509247844 0.7516452074050903 145
1679509247949 0.7520108222961426 146
1679509248051 0.7518041729927063 147
1679509248152 0.7522651553153992 148
1679509248255 0.7523446083068848 149
1679509248365 0.7523922920227051 150
1679509248469 0.7517088055610657 151
1679509248575 0.7522810101509094 152
1679509248685 0.7521697878837585 153
1679509248790 0.7517723441123962 154
1679509248897 0.7520108222961426 155
1679509249005 0.7513114213943481 156
1679509249111 0.7521856427192688 157
1679509249215 0.7525035738945007 158
1679509249318 0.751915454864502 159
1679509249423 0.7526466250419617 160
1679509249527 0.7523605227470398 161
1679509249636 0.7522969245910645 162
1679509249742 0.752710223197937 163
1679509249848 0.7527896761894226 164
1679509249951 0.7523764371871948 165
1679509250056 0.7519631385803223 166
1679509250157 0.7522810101509094 167
1679509250264 0.751756489276886 168
1679509250370 0.7523286938667297 169
1679509250472 0.7522651553153992 170
1679509250581 0.752551257610321 171
1679509250691 0.7522492408752441 172
1679509250795 0.7519631385803223 173
1679509250899 0.7524876594543457 174
1679509251013 0.7523128390312195 175
1679509251114 0.7518995404243469 176
1679509251217 0.7527896761894226 177
1679509251319 0.7516611218452454 178
1679509251422 0.7536003589630127 179
1679509251530 0.7525035738945007 180
1679509251636 0.7526466250419617 181
1679509251742 0.7527738213539124 182
1679509251848 0.7522174715995789 183
1679509251952 0.7525194883346558 184
1679509252054 0.7515339255332947 185
1679509252157 0.7529486417770386 186
1679509252262 0.7518677711486816 187
1679509252365 0.7528215050697327 188
1679509252469 0.7525035738945007 189
1679509252578 0.7524082064628601 190
1679509252687 0.7529009580612183 191
1679509252790 0.7523286938667297 192
1679509252895 0.7532983422279358 193
1679509252999 0.752551257610321 194
1679509253109 0.7523446083068848 195
1679509253219 0.7527896761894226 196
1679509253323 0.7516292929649353 197
1679509253430 0.7529327869415283 198
1679509253537 0.7532029747962952 199
1679509253642 0.7529168725013733 200
1679509253749 0.7526784539222717 201
1679509253854 0.7535209059715271 202
1679509253961 0.7529009580612183 203
1679509254065 0.7530916929244995 204
1679509254167 0.7534891366958618 205
1679509254271 0.7529804706573486 206
1679509254375 0.7528055906295776 207
1679509254482 0.7529009580612183 208
1679509254590 0.7531076073646545 209
1679509254702 0.7532983422279358 210
1679509254807 0.7532348036766052 211
1679509254911 0.752710223197937 212
1679509255017 0.7523764371871948 213
1679509255126 0.7530440092086792 214
1679509255236 0.752710223197937 215
1679509255339 0.7534414529800415 216
1679509255448 0.7532029747962952 217
1679509255553 0.752869188785553 218
1679509255657 0.7530758380889893 219
1679509255759 0.7537911534309387 220
1679509255862 0.7533301711082458 221
1679509255967 0.7531552910804749 222
1679509256072 0.7533778548240662 223
1679509256175 0.7529009580612183 224
1679509256280 0.7531076073646545 225
1679509256384 0.7532665729522705 226
1679509256489 0.7529009580612183 227
1679509256598 0.753648042678833 228
1679509256711 0.753648042678833 229
1679509256816 0.7533142566680908 230
1679509256919 0.7541726231575012 231
1679509257028 0.752551257610321 232
1679509257135 0.7530599236488342 233
1679509257240 0.752726137638092 234
1679509257348 0.7541885375976562 235
1679509257453 0.7535685896873474 236
1679509257556 0.7526307702064514 237
1679509257662 0.7522969245910645 238
1679509257766 0.7527738213539124 239
1679509257869 0.752869188785553 240
1679509257973 0.752710223197937 241
1679509258080 0.7532983422279358 242
1679509258185 0.7535209059715271 243
1679509258290 0.7536957263946533 244
1679509258396 0.753822922706604 245
1679509258502 0.7540295720100403 246
1679509258610 0.7532188892364502 247
1679509258716 0.7528055906295776 248
1679509258829 0.7536798715591431 249
1679509258933 0.7534732222557068 250
1679509259039 0.7528055906295776 251
1679509259146 0.7532188892364502 252
1679509259254 0.7537275552749634 253
1679509259360 0.7529486417770386 254
1679509259467 0.7536162734031677 255
1679509259573 0.7536321878433228 256
1679509259676 0.7532506585121155 257
1679509259782 0.752853274345398 258
1679509259889 0.7534891366958618 259
1679509259995 0.7536798715591431 260
1679509260100 0.7534255385398865 261
1679509260203 0.7534891366958618 262
1679509260307 0.7534096240997314 263
1679509260413 0.7534573078155518 264
1679509260519 0.7542203068733215 265
1679509260619 0.7532665729522705 266
1679509260732 0.7541249394416809 267
1679509260842 0.7534414529800415 268
1679509260949 0.7535685896873474 269
1679509261054 0.7529645562171936 270
1679509261160 0.753648042678833 271
1679509261265 0.7540454864501953 272
1679509261372 0.753648042678833 273
1679509261478 0.7530599236488342 274
1679509261586 0.7532029747962952 275
1679509261690 0.7533937096595764 276
1679509261799 0.7532029747962952 277
1679509261909 0.7535685896873474 278
1679509262019 0.7544746398925781 279
1679509262132 0.7537116408348083 280
1679509262239 0.7537275552749634 281
1679509262352 0.7533460259437561 282
1679509262473 0.7533778548240662 283
1679509262582 0.7540931701660156 284
1679509262688 0.7536798715591431 285
1679509262801 0.7538865208625793 286
1679509262905 0.7535685896873474 287
1679509263011 0.7541726231575012 288
1679509263118 0.7540772557258606 289
1679509263221 0.753648042678833 290
1679509263324 0.7540136575698853 291
1679509263431 0.7537116408348083 292
1679509263538 0.7536798715591431 293
1679509263641 0.7539500594139099 294
1679509263751 0.7540613412857056 295
1679509263855 0.7533619403839111 296
1679509263959 0.7535845041275024 297
1679509264068 0.7548402547836304 298
1679509264187 0.753807008266449 299
1679509264299 0.7537116408348083 300
1679509264412 0.7541090250015259 301
1679509264521 0.7536162734031677 302
1679509264629 0.7532029747962952 303
1679509264739 0.7533619403839111 304
1679509264854 0.7540613412857056 305
1679509264971 0.7537593245506287 306
1679509265121 0.7533937096595764 307
1679509265234 0.7535845041275024 308
1679509265341 0.7539342045783997 309
1679509265447 0.7548720240592957 310
1679509265551 0.753822922706604 311
1679509265658 0.7543475031852722 312
1679509265770 0.753807008266449 313
1679509265888 0.7536321878433228 314
1679509265997 0.7537752389907837 315
1679509266106 0.7535368204116821 316
1679509266215 0.7542679905891418 317
1679509266321 0.7540613412857056 318
1679509266433 0.7540136575698853 319
1679509266538 0.7538865208625793 320
1679509266652 0.7537752389907837 321
1679509266763 0.7542521357536316 322
1679509266877 0.7540454864501953 323
1679509266998 0.7542362213134766 324
1679509267108 0.7533460259437561 325
1679509267215 0.7543156743049622 326
1679509267318 0.7536162734031677 327
1679509267425 0.7539500594139099 328
1679509267537 0.753822922706604 329
1679509267651 0.7543633580207825 330
1679509267762 0.7545223236083984 331
1679509267867 0.7550309896469116 332
1679509267970 0.7546176910400391 333
1679509268074 0.7541726231575012 334
1679509268178 0.7537593245506287 335
1679509268288 0.7542679905891418 336
1679509268400 0.753838837146759 337
1679509268507 0.7543633580207825 338
1679509268614 0.7548561692237854 339
1679509268724 0.7532348036766052 340
1679509268833 0.7543792724609375 341
1679509268947 0.7542203068733215 342
1679509269054 0.7541249394416809 343
1679509269167 0.7542043924331665 344
1679509269273 0.7537752389907837 345
1679509269376 0.7546653747558594 346
1679509269483 0.7529804706573486 347
1679509269586 0.7546176910400391 348
1679509269691 0.754951536655426 349
1679509269802 0.7540613412857056 350
1679509269907 0.7539500594139099 351
1679509270014 0.7542521357536316 352
1679509270123 0.7541726231575012 353
1679509270235 0.7529804706573486 354
1679509270343 0.7539342045783997 355
1679509270457 0.7541885375976562 356
1679509270563 0.7544905543327332 357
1679509270681 0.7536003589630127 358
1679509270786 0.7542362213134766 359
1679509270894 0.7538706064224243 360
1679509271003 0.7539182901382446 361
1679509271110 0.753648042678833 362
1679509271222 0.7546653747558594 363
1679509271329 0.7543951869010925 364
1679509271434 0.7546176910400391 365
1679509271542 0.7541726231575012 366
1679509271652 0.7539659738540649 367
1679509271762 0.7541885375976562 368
1679509271869 0.754919707775116 369
1679509271973 0.7544587254524231 370
1679509272083 0.754951536655426 371
1679509272190 0.7543792724609375 372
1679509272302 0.7540295720100403 373
1679509272411 0.7542362213134766 374
1679509272523 0.7545064091682434 375
1679509272628 0.7546653747558594 376
1679509272735 0.7542998194694519 377
1679509272844 0.7538706064224243 378
1679509272954 0.7549833059310913 379
1679509273068 0.7544110417366028 380
1679509273173 0.754935622215271 381
1679509273282 0.7539659738540649 382
1679509273390 0.7543315887451172 383
1679509273510 0.754935622215271 384
1679509273620 0.7545223236083984 385
1679509273731 0.7536798715591431 386
1679509273839 0.7546176910400391 387
1679509273951 0.7549673914909363 388
1679509274064 0.7546018362045288 389
1679509274172 0.7543792724609375 390
1679509274281 0.7543475031852722 391
1679509274385 0.7544587254524231 392
1679509274491 0.7537116408348083 393
1679509274600 0.7548402547836304 394
1679509274708 0.753822922706604 395
1679509274819 0.7549673914909363 396
1679509274927 0.7547607421875 397
1679509275046 0.7546018362045288 398
1679509275153 0.75398188829422 399
1679509275259 0.7552535533905029 400
1679509275360 0.7543156743049622 401
1679509275464 0.7542679905891418 402
1679509275569 0.7549038529396057 403
1679509275675 0.7546336054801941 404
1679509275783 0.7542839050292969 405
1679509275889 0.7548243403434753 406
1679509275995 0.7551422715187073 407
1679509276098 0.7540454864501953 408
1679509276201 0.7547607421875 409
1679509276315 0.7541567087173462 410
1679509276422 0.7544587254524231 411
1679509276528 0.755094587802887 412
1679509276632 0.7544110417366028 413
1679509276737 0.7545541524887085 414
1679509276843 0.7539659738540649 415
1679509276948 0.7544746398925781 416
1679509277057 0.7547925710678101 417
1679509277165 0.7545700073242188 418
1679509277268 0.7549038529396057 419
1679509277374 0.7545223236083984 420
1679509277479 0.7552217245101929 421
1679509277582 0.7549833059310913 422
1679509277695 0.7544746398925781 423
1679509277801 0.7548879384994507 424
1679509277906 0.7547607421875 425
1679509278011 0.7549992203712463 426
1679509278115 0.7548402547836304 427
1679509278218 0.7537275552749634 428
1679509278323 0.7547448873519897 429
1679509278429 0.7549673914909363 430
1679509278537 0.7553330063819885 431
1679509278642 0.75398188829422 432
1679509278749 0.7545064091682434 433
1679509278857 0.7545541524887085 434
1679509278973 0.7542043924331665 435
1679509279077 0.7545382380485535 436
1679509279185 0.7546495199203491 437
1679509279289 0.7541567087173462 438
1679509279398 0.755110502243042 439
1679509279506 0.7542521357536316 440
1679509279613 0.7548720240592957 441
1679509279717 0.7546495199203491 442
1679509279822 0.7544587254524231 443
1679509279929 0.7546495199203491 444
1679509280036 0.7547289729118347 445
1679509280146 0.7547925710678101 446
1679509280252 0.7540295720100403 447
1679509280357 0.7544905543327332 448
1679509280461 0.7555714249610901 449
1679509280570 0.7547130584716797 450
1679509280675 0.7547448873519897 451
1679509280784 0.7548720240592957 452
1679509280890 0.7545223236083984 453
1679509280999 0.7552376389503479 454
1679509281104 0.7550309896469116 455
1679509281215 0.754951536655426 456
1679509281319 0.7546972036361694 457
1679509281431 0.7555237412452698 458
1679509281538 0.7549673914909363 459
1679509281643 0.7548243403434753 460
1679509281748 0.7548720240592957 461
1679509281852 0.7557780742645264 462
1679509281956 0.7541249394416809 463
1679509282060 0.7541090250015259 464
1679509282169 0.7551263570785522 465
1679509282276 0.7550627589225769 466
1679509282384 0.7545064091682434 467
1679509282489 0.7553966045379639 468
1679509282604 0.7545382380485535 469
1679509282708 0.7552376389503479 470
1679509282817 0.7549673914909363 471
1679509282923 0.7549992203712463 472
1679509283027 0.7550786733627319 473
1679509283131 0.7548243403434753 474
1679509283241 0.7555237412452698 475
1679509283344 0.7554125189781189 476
1679509283452 0.7544269561767578 477
1679509283558 0.7551263570785522 478
1679509283662 0.7550309896469116 479
1679509283773 0.7561913728713989 480
1679509283881 0.7546336054801941 481
1679509283990 0.7551899552345276 482
1679509284098 0.7553170919418335 483
1679509284204 0.754776656627655 484
1679509284307 0.7554442882537842 485
1679509284413 0.7555873394012451 486
1679509284518 0.7546495199203491 487
1679509284622 0.7553489208221436 488
1679509284730 0.7556827068328857 489
1679509284837 0.7549673914909363 490
1679509284950 0.7553170919418335 491
1679509285055 0.7541885375976562 492
1679509285159 0.7549673914909363 493
1679509285265 0.7552853226661682 494
1679509285370 0.7552058696746826 495
1679509285479 0.7550469040870667 496
1679509285589 0.754951536655426 497
1679509285698 0.7553806900978088 498
1679509285805 0.7555237412452698 499
1679509285914 0.754951536655426 500
1679509286025 0.7552058696746826 501
1679509286140 0.7550469040870667 502
1679509286244 0.7556191086769104 503
1679509286352 0.7549038529396057 504
1679509286456 0.7553489208221436 505
1679509286564 0.7546018362045288 506
1679509286670 0.7554283738136292 507
1679509286776 0.7555237412452698 508
1679509286884 0.7558416724205017 509
1679509286992 0.7556032538414001 510
1679509287097 0.7553966045379639 511
1679509287200 0.7550469040870667 512
1679509287313 0.7553648352622986 513
1679509287419 0.7555078864097595 514
1679509287523 0.7555714249610901 515
1679509287629 0.755110502243042 516
1679509287733 0.7547925710678101 517
1679509287839 0.7555714249610901 518
1679509287951 0.7554760575294495 519
1679509288056 0.754919707775116 520
1679509288160 0.7550469040870667 521
1679509288265 0.7559688687324524 522
1679509288376 0.7550786733627319 523
1679509288482 0.7554125189781189 524
1679509288590 0.7552217245101929 525
1679509288696 0.7554283738136292 526
1679509288799 0.7558416724205017 527
1679509288905 0.7553489208221436 528
1679509289010 0.7553170919418335 529
1679509289114 0.7553806900978088 530
1679509289219 0.7556827068328857 531
1679509289324 0.755094587802887 532
1679509289429 0.7560006380081177 533
1679509289541 0.7556032538414001 534
1679509289646 0.755110502243042 535
1679509289753 0.7555873394012451 536
1679509289860 0.7560165524482727 537
1679509289965 0.7554283738136292 538
1679509290068 0.7549992203712463 539
1679509290173 0.755110502243042 540
1679509290278 0.7553170919418335 541
1679509290385 0.7552694082260132 542
1679509290493 0.7552058696746826 543
1679509290598 0.7557780742645264 544
1679509290711 0.755873441696167 545
1679509290816 0.7551740407943726 546
1679509290920 0.7556827068328857 547
1679509291023 0.7551740407943726 548
1679509291132 0.7551422715187073 549
1679509291237 0.7556668519973755 550
1679509291344 0.7553648352622986 551
1679509291450 0.7554125189781189 552
1679509291556 0.7554760575294495 553
1679509291665 0.755889356136322 554
1679509291771 0.7548402547836304 555
1679509291881 0.755110502243042 556
1679509291985 0.7551422715187073 557
1679509292088 0.754951536655426 558
1679509292191 0.7555396556854248 559
1679509292293 0.7551740407943726 560
1679509292405 0.7552535533905029 561
1679509292507 0.7557780742645264 562
1679509292610 0.7553170919418335 563
1679509292715 0.7560165524482727 564
1679509292819 0.7562549710273743 565
1679509292971 0.755889356136322 566
1679509293081 0.7558099031448364 567
1679509293188 0.7554442882537842 568
1679509293297 0.7551422715187073 569
1679509293417 0.7553170919418335 570
1679509293524 0.7551899552345276 571
1679509293629 0.7554602026939392 572
1679509293739 0.7554442882537842 573
1679509293846 0.7556986212730408 574
1679509293950 0.7557780742645264 575
1679509294054 0.7548243403434753 576
1679509294158 0.7559847235679626 577
1679509294262 0.7559847235679626 578
1679509294379 0.7554760575294495 579
1679509294484 0.755110502243042 580
1679509294588 0.7557622194290161 581
1679509294694 0.7561119198799133 582
1679509294800 0.756223201751709 583
1679509294903 0.7556032538414001 584
1679509295013 0.7560960054397583 585
1679509295119 0.7552217245101929 586
1679509295225 0.756064236164093 587
1679509295328 0.7561119198799133 588
1679509295434 0.7553806900978088 589
1679509295543 0.7545700073242188 590
1679509295650 0.7555714249610901 591
1679509295756 0.7553170919418335 592
1679509295861 0.7559211850166321 593
1679509295964 0.7556668519973755 594
1679509296069 0.7562549710273743 595
1679509296172 0.7555237412452698 596
1679509296281 0.7556827068328857 597
1679509296388 0.7553012371063232 598
1679509296500 0.7553012371063232 599
1679509296606 0.7562708854675293 600
1679509296713 0.7555555701255798 601
1679509296823 0.7561755180358887 602
1679509296943 0.7554442882537842 603
1679509297054 0.7554283738136292 604
1679509297163 0.755873441696167 605
1679509297272 0.7559529542922974 606
1679509297378 0.7553012371063232 607
1679509297491 0.7562390565872192 608
1679509297608 0.755905270576477 609
1679509297717 0.7561119198799133 610
1679509297819 0.7556191086769104 611
1679509297929 0.756048321723938 612
1679509298037 0.756223201751709 613
1679509298145 0.7555237412452698 614
1679509298253 0.7561755180358887 615
1679509298365 0.7559847235679626 616
1679509298485 0.7561596035957336 617
1679509298592 0.7562867403030396 618
1679509298702 0.7561913728713989 619
1679509298814 0.7557463049888611 620
1679509298918 0.7556350231170654 621
1679509299023 0.7565887570381165 622
1679509299128 0.7560960054397583 623
1679509299234 0.7558575868606567 624
1679509299338 0.7558257579803467 625
1679509299452 0.7555555701255798 626
1679509299564 0.7560165524482727 627
1679509299673 0.7561119198799133 628
1679509299778 0.7563026547431946 629
1679509299883 0.7554602026939392 630
1679509299988 0.7555237412452698 631
1679509300094 0.756223201751709 632
1679509300200 0.7556986212730408 633
1679509300311 0.7557145357131958 634
1679509300413 0.755873441696167 635
1679509300527 0.7556032538414001 636
1679509300633 0.7562549710273743 637
1679509300741 0.7555555701255798 638
1679509300850 0.756223201751709 639
1679509300956 0.7560800909996033 640
1679509301065 0.7560006380081177 641
1679509301169 0.755094587802887 642
1679509301274 0.7560800909996033 643
1679509301380 0.7552535533905029 644
1679509301489 0.7552694082260132 645
1679509301597 0.7557622194290161 646
1679509301704 0.7566682696342468 647
1679509301813 0.7556668519973755 648
1679509301918 0.756048321723938 649
1679509302026 0.7562390565872192 650
1679509302133 0.7561596035957336 651
1679509302241 0.7560165524482727 652
1679509302348 0.756223201751709 653
1679509302464 0.7566205859184265 654
1679509302568 0.7555714249610901 655
1679509302677 0.7563662528991699 656
1679509302784 0.7559211850166321 657
1679509302889 0.7556509375572205 658
1679509302995 0.756223201751709 659
1679509303100 0.7567636370658875 660
1679509303204 0.7570497393608093 661
1679509303317 0.7563980221748352 662
1679509303427 0.7568590044975281 663
1679509303540 0.7564139366149902 664
1679509303642 0.7559211850166321 665
1679509303749 0.756223201751709 666
1679509303858 0.7561119198799133 667
1679509303964 0.7564616203308105 668
1679509304076 0.7566046714782715 669
1679509304188 0.7563980221748352 670
1679509304303 0.7558099031448364 671
1679509304429 0.7566046714782715 672
1679509304546 0.7565410733222961 673
1679509304657 0.7561755180358887 674
1679509304766 0.7567477226257324 675
1679509304872 0.7561596035957336 676
1679509304981 0.7567795515060425 677
1679509305094 0.7566364407539368 678
1679509305201 0.7569226026535034 679
1679509305316 0.7560006380081177 680
1679509305425 0.7559688687324524 681
1679509305534 0.7568590044975281 682
1679509305645 0.756064236164093 683
1679509305752 0.7563980221748352 684
1679509305863 0.756048321723938 685
1679509305970 0.7569702863693237 686
1679509306088 0.7563185691833496 687
1679509306204 0.7568907737731934 688
1679509306319 0.7556032538414001 689
1679509306432 0.7567000389099121 690
1679509306547 0.7563344240188599 691
1679509306654 0.7561913728713989 692
1679509306761 0.7564457058906555 693
1679509306869 0.7564457058906555 694
1679509306984 0.7564139366149902 695
1679509307091 0.7570656538009644 696
1679509307195 0.7565093040466309 697
1679509307300 0.7556827068328857 698
1679509307411 0.7560165524482727 699
1679509307517 0.7566205859184265 700
1679509307624 0.7569226026535034 701
1679509307731 0.7565093040466309 702
1679509307845 0.7569543719291687 703
1679509307949 0.7563026547431946 704
1679509308054 0.7561436891555786 705
1679509308161 0.757002055644989 706
1679509308271 0.756843090057373 707
1679509308382 0.757017970085144 708
1679509308489 0.7567000389099121 709
1679509308599 0.7566841244697571 710
1679509308713 0.7563980221748352 711
1679509308822 0.7565569877624512 712
1679509308933 0.7564933896064758 713
1679509309037 0.7573994398117065 714
1679509309153 0.7563344240188599 715
1679509309260 0.7565410733222961 716
1679509309369 0.7565252184867859 717
1679509309476 0.756064236164093 718
1679509309587 0.7561755180358887 719
1679509309716 0.7556509375572205 720
1679509309871 0.7564616203308105 721
1679509309995 0.7567477226257324 722
1679509310107 0.757319986820221 723
1679509310234 0.757335901260376 724
1679509310349 0.7572882175445557 725
1679509310454 0.75714510679245 726
1679509310562 0.7572723031044006 727
1679509310668 0.756207287311554 728
1679509310775 0.7563503384590149 729
1679509310884 0.7566841244697571 730
1679509310991 0.75714510679245 731
1679509311105 0.7567000389099121 732
1679509311216 0.7567318677902222 733
1679509311322 0.7563662528991699 734
1679509311431 0.7571927905082703 735
1679509311538 0.7567636370658875 736
1679509311646 0.757002055644989 737
1679509311754 0.7563980221748352 738
1679509311858 0.7570656538009644 739
1679509311967 0.7568907737731934 740
1679509312072 0.7569702863693237 741
1679509312184 0.757017970085144 742
1679509312303 0.7569226026535034 743
1679509312416 0.757319986820221 744
1679509312525 0.7563821077346802 745
1679509312648 0.7570815682411194 746
1679509312758 0.756223201751709 747
1679509312870 0.75717693567276 748
1679509312991 0.7567318677902222 749
1679509313119 0.7564616203308105 750
1679509313237 0.756986141204834 751
1679509313354 0.7573040723800659 752
1679509313470 0.7568113207817078 753
1679509313577 0.7573994398117065 754
1679509313685 0.7565569877624512 755
1679509313790 0.7563662528991699 756
1679509313893 0.7565569877624512 757
1679509313997 0.7570815682411194 758
1679509314113 0.7566364407539368 759
1679509314217 0.7569226026535034 760
1679509314319 0.7571927905082703 761
1679509314424 0.7570656538009644 762
1679509314529 0.7570815682411194 763
1679509314634 0.756986141204834 764
1679509314738 0.7564297914505005 765
1679509314842 0.7567636370658875 766
1679509314947 0.7569066882133484 767
1679509315062 0.757002055644989 768
1679509315167 0.7566046714782715 769
1679509315270 0.7578604221343994 770
1679509315383 0.7576220035552979 771
1679509315492 0.7569066882133484 772
1679509315602 0.7570815682411194 773
1679509315724 0.7567636370658875 774
1679509315841 0.7568272352218628 775
1679509315959 0.7571292519569397 776
1679509316075 0.7566364407539368 777
1679509316185 0.757017970085144 778
1679509316297 0.7570338845252991 779
1679509316402 0.756986141204834 780
1679509316506 0.7567159533500671 781
1679509316610 0.7572882175445557 782
1679509316724 0.7572723031044006 783
1679509316833 0.7568907737731934 784
1679509316936 0.757002055644989 785
1679509317063 0.756986141204834 786
1679509317173 0.7574789524078369 787
1679509317277 0.7571133375167847 788
1679509317385 0.7568749189376831 789
1679509317502 0.7568590044975281 790
1679509317610 0.7578763365745544 791
1679509317726 0.7568113207817078 792
1679509317831 0.7568907737731934 793
1679509317935 0.7572882175445557 794
1679509318039 0.7573676705360413 795
1679509318147 0.7577809691429138 796
1679509318263 0.7572563886642456 797
1679509318367 0.7577809691429138 798
1679509318490 0.75714510679245 799
1679509318604 0.7572563886642456 800
1679509318718 0.7566523551940918 801
1679509318830 0.7572246193885803 802
1679509318934 0.7569384574890137 803
1679509319047 0.7573517560958862 804
1679509319154 0.75795578956604 805
1679509319262 0.7563662528991699 806
1679509319371 0.7578445672988892 807
1679509319478 0.758130669593811 808
1679509319590 0.7582578063011169 809
1679509319706 0.7571927905082703 810
1679509319826 0.7573994398117065 811
1679509319933 0.7562708854675293 812
1679509320040 0.7577809691429138 813
1679509320152 0.7580353021621704 814
1679509320261 0.7567954063415527 815
1679509320366 0.7580193877220154 816
1679509320475 0.7567318677902222 817
1679509320585 0.7577332854270935 818
1679509320705 0.7577014565467834 819
1679509320813 0.7580670714378357 820
1679509320921 0.757161021232605 821
1679509321033 0.7580989003181458 822
1679509321140 0.7574312686920166 823
1679509321248 0.7574948072433472 824
1679509321356 0.7575743198394775 825
1679509321466 0.7575266361236572 826
1679509321579 0.7574153542518616 827
1679509321686 0.75714510679245 828
1679509321794 0.758289635181427 829
1679509321904 0.7576060891151428 830
1679509322016 0.7573994398117065 831
1679509322135 0.7576696872711182 832
1679509322253 0.7570656538009644 833
1679509322364 0.7571927905082703 834
1679509322470 0.7577332854270935 835
1679509322576 0.7574789524078369 836
1679509322688 0.7574948072433472 837
1679509322800 0.7575584053993225 838
1679509322912 0.7581465840339661 839
1679509323027 0.7573517560958862 840
1679509323137 0.7577014565467834 841
1679509323243 0.7574471235275269 842
1679509323350 0.7577650547027588 843
1679509323456 0.7576856017112732 844
1679509323568 0.7581783533096313 845
1679509323676 0.7578763365745544 846
1679509323794 0.7573994398117065 847
1679509323911 0.7578286528587341 848
1679509324017 0.7574153542518616 849
1679509324128 0.7573835849761963 850
1679509324241 0.7578445672988892 851
1679509324353 0.7582101225852966 852
1679509324495 0.7580989003181458 853
1679509324611 0.7577968239784241 854
1679509324723 0.757319986820221 855
1679509324833 0.7577332854270935 856
1679509324944 0.7575584053993225 857
1679509325050 0.7579081058502197 858
1679509325173 0.7583690881729126 859
1679509325279 0.7575266361236572 860
1679509325383 0.75795578956604 861
1679509325495 0.7571927905082703 862
1679509325605 0.7577491402626038 863
1679509325716 0.7578127384185791 864
1679509325829 0.757319986820221 865
1679509325938 0.7577968239784241 866
1679509326052 0.7571927905082703 867
1679509326162 0.7578127384185791 868
1679509326269 0.7573676705360413 869
1679509326381 0.7578127384185791 870
1679509326494 0.7577014565467834 871
1679509326618 0.7574153542518616 872
1679509326735 0.7579240202903748 873
1679509326849 0.7577173709869385 874
1679509326960 0.75795578956604 875
1679509327069 0.7572087049484253 876
1679509327178 0.7576696872711182 877
1679509327288 0.7579876184463501 878
1679509327407 0.7580353021621704 879
1679509327518 0.7573517560958862 880
1679509327627 0.7577491402626038 881
1679509327739 0.758289635181427 882
1679509327851 0.7572087049484253 883
1679509327961 0.7577491402626038 884
1679509328088 0.7573517560958862 885
1679509328201 0.7573676705360413 886
1679509328315 0.7583373188972473 887
1679509328438 0.7578922510147095 888
1679509328559 0.7574630379676819 889
1679509328675 0.7582578063011169 890
1679509328782 0.7574948072433472 891
1679509328890 0.7578922510147095 892
1679509329007 0.7584962844848633 893
1679509329113 0.7577173709869385 894
1679509329219 0.7579717040061951 895
1679509329325 0.758273720741272 896
1679509329428 0.7570815682411194 897
1679509329538 0.7583850026130676 898
1679509329646 0.758273720741272 899
1679509329760 0.758130669593811 900
1679509329867 0.7578604221343994 901
1679509329979 0.7574153542518616 902
1679509330088 0.7582260370254517 903
1679509330194 0.7578922510147095 904
1679509330302 0.7576220035552979 905
1679509330406 0.7574789524078369 906
1679509330513 0.7577968239784241 907
1679509330625 0.7582101225852966 908
1679509330735 0.7579081058502197 909
1679509330841 0.7574948072433472 910
1679509330946 0.7576060891151428 911
1679509331053 0.7585598230361938 912
1679509331167 0.7585757374763489 913
1679509331284 0.7584644556045532 914
1679509331399 0.7579240202903748 915
1679509331510 0.7574312686920166 916
1679509331626 0.7576379179954529 917
1679509331734 0.7583690881729126 918
1679509331850 0.7585916519165039 919
1679509331968 0.7581465840339661 920
1679509332079 0.7585280537605286 921
1679509332180 0.7580353021621704 922
1679509332281 0.7587029337882996 923
1679509332382 0.7575902342796326 924
1679509332484 0.7586393356323242 925
1679509332593 0.7585439682006836 926
1679509332695 0.7576537728309631 927
1679509332794 0.7578286528587341 928
1679509332893 0.7580829858779907 929
1679509332991 0.7575266361236572 930
1679509333090 0.7584962844848633 931
1679509333196 0.7579876184463501 932
1679509333301 0.7586393356323242 933
1679509333402 0.7579081058502197 934
1679509333503 0.7585916519165039 935
1679509333602 0.7580989003181458 936
1679509333704 0.7583373188972473 937
1679509333810 0.7580353021621704 938
1679509333910 0.7595136165618896 939
1679509334009 0.7587983012199402 940
1679509334111 0.7577809691429138 941
1679509334212 0.7580193877220154 942
1679509334309 0.7581624388694763 943
1679509334410 0.7581624388694763 944
1679509334520 0.7578286528587341 945
1679509334620 0.758114755153656 946
1679509334720 0.7591161727905273 947
1679509334819 0.7587983012199402 948
1679509334920 0.7578763365745544 949
1679509335018 0.7578922510147095 950
1679509335117 0.7585757374763489 951
1679509335216 0.7581942677497864 952
1679509335325 0.7584644556045532 953
1679509335425 0.7578922510147095 954
1679509335530 0.7574630379676819 955
1679509335633 0.7584962844848633 956
1679509335735 0.7577809691429138 957
1679509335835 0.7584803700447083 958
1679509335933 0.7583690881729126 959
1679509336035 0.7580670714378357 960
1679509336157 0.7579240202903748 961
1679509336255 0.7577491402626038 962
1679509336354 0.7578922510147095 963
1679509336454 0.7582260370254517 964
1679509336556 0.7583054900169373 965
1679509336655 0.7584803700447083 966
1679509336763 0.7578286528587341 967
1679509336862 0.7579081058502197 968
1679509336960 0.75795578956604 969
1679509337060 0.7588936686515808 970
1679509337166 0.7576696872711182 971
1679509337265 0.7589095830917358 972
1679509337370 0.7583690881729126 973
1679509337473 0.7585757374763489 974
1679509337573 0.7582101225852966 975
1679509337675 0.7586870193481445 976
1679509337775 0.758289635181427 977
1679509337874 0.7586393356323242 978
1679509337992 0.7580511569976807 979
1679509338099 0.7589890360832214 980
1679509338201 0.7584962844848633 981
1679509338301 0.7591320872306824 982
1679509338400 0.75714510679245 983
1679509338502 0.7580829858779907 984
1679509338612 0.7585757374763489 985
1679509338717 0.7578763365745544 986
1679509338816 0.7586552500724792 987
1679509338917 0.7587823867797852 988
1679509339018 0.758130669593811 989
1679509339119 0.758114755153656 990
1679509339230 0.7586393356323242 991
1679509339331 0.7579240202903748 992
1679509339429 0.7588777542114258 993
1679509339528 0.7586393356323242 994
1679509339627 0.7586870193481445 995
1679509339730 0.7584326863288879 996
1679509339836 0.7584167718887329 997
1679509339936 0.7579081058502197 998
1679509340041 0.7588777542114258 999
