1679509232221 0.5623358488082886 0
1679509232332 0.5245064496994019 1
1679509232438 0.522256076335907 2
1679509232542 0.520966112613678 3
1679509232646 0.52006596326828 4
1679509232802 0.5194176435470581 5
1679509232911 0.518761396408081 6
1679509233016 0.5180531740188599 7
1679509233122 0.5174693465232849 8
1679509233231 0.5171942710876465 9
1679509233334 0.5167378783226013 10
1679509233435 0.5160539150238037 11
1679509233538 0.5155807137489319 12
1679509233642 0.5151459574699402 13
1679509233745 0.51506108045578 14
1679509233850 0.5142010450363159 15
1679509233955 0.514302134513855 16
1679509234066 0.5136038661003113 17
1679509234176 0.5128654837608337 18
1679509234285 0.5126213431358337 19
1679509234392 0.5127434730529785 20
1679509234498 0.5121449828147888 21
1679509234602 0.5119349360466003 22
1679509234708 0.5112547874450684 23
1679509234817 0.5111550688743591 24
1679509234926 0.5110040307044983 25
1679509235036 0.5108084678649902 26
1679509235142 0.5101215243339539 27
1679509235249 0.5103104710578918 28
1679509235358 0.5099688768386841 29
1679509235468 0.5095497369766235 30
1679509235569 0.5095037221908569 31
1679509235673 0.5094419121742249 32
1679509235780 0.5091208219528198 33
1679509235889 0.508965790271759 34
1679509235998 0.5087808966636658 35
1679509236106 0.5084807872772217 36
1679509236217 0.5088275671005249 37
1679509236329 0.5083789825439453 38
1679509236436 0.5083818435668945 39
1679509236553 0.5079649686813354 40
1679509236663 0.5077936053276062 41
1679509236768 0.508018434047699 42
1679509236874 0.5083902478218079 43
1679509236982 0.5077007412910461 44
1679509237089 0.5074293613433838 45
1679509237194 0.5084412097930908 46
1679509237306 0.5078185200691223 47
1679509237420 0.507574737071991 48
1679509237543 0.50724858045578 49
1679509237711 0.5083446502685547 50
1679509237826 0.5073754787445068 51
1679509237938 0.5068861246109009 52
1679509238046 0.5067216753959656 53
1679509238160 0.5070889592170715 54
1679509238265 0.5073438286781311 55
1679509238375 0.5070052146911621 56
1679509238483 0.5069366693496704 57
1679509238590 0.5066854953765869 58
1679509238702 0.5065052509307861 59
1679509238811 0.5069383978843689 60
1679509238915 0.5063034296035767 61
1679509239019 0.5068573951721191 62
1679509239124 0.506518542766571 63
1679509239226 0.5065233707427979 64
1679509239331 0.506294846534729 65
1679509239436 0.5062022805213928 66
1679509239542 0.5065191388130188 67
1679509239645 0.5059994459152222 68
1679509239753 0.506609320640564 69
1679509239857 0.506011962890625 70
1679509239961 0.5060967803001404 71
1679509240067 0.5059739947319031 72
1679509240176 0.506192684173584 73
1679509240281 0.5060346722602844 74
1679509240386 0.5061802864074707 75
1679509240490 0.5059395432472229 76
1679509240595 0.505596935749054 77
1679509240701 0.5058091282844543 78
1679509240806 0.5057753920555115 79
1679509240909 0.5056859850883484 80
1679509241015 0.5055925846099854 81
1679509241122 0.5055703520774841 82
1679509241226 0.5055282115936279 83
1679509241338 0.5053909420967102 84
1679509241445 0.5061334371566772 85
1679509241550 0.5054342746734619 86
1679509241658 0.505558967590332 87
1679509241760 0.5052188038825989 88
1679509241868 0.50515216588974 89
1679509241974 0.5053808093070984 90
1679509242082 0.5054221749305725 91
1679509242183 0.505529522895813 92
1679509242289 0.5051227807998657 93
1679509242391 0.50583416223526 94
1679509242498 0.505196213722229 95
1679509242605 0.5052676200866699 96
1679509242708 0.5052371025085449 97
1679509242809 0.504902184009552 98
1679509242909 0.5055527091026306 99
1679509243009 0.5051909685134888 100
1679509243114 0.5047763586044312 101
1679509243220 0.5046672821044922 102
1679509243328 0.5046988129615784 103
1679509243435 0.5050721168518066 104
1679509243541 0.5047840476036072 105
1679509243645 0.504594624042511 106
1679509243753 0.5051440000534058 107
1679509243863 0.5044817924499512 108
1679509243970 0.5047425031661987 109
1679509244075 0.5048800110816956 110
1679509244178 0.5044969320297241 111
1679509244284 0.5046452879905701 112
1679509244403 0.5043357014656067 113
1679509244519 0.5045479536056519 114
1679509244633 0.5046155452728271 115
1679509244748 0.5052184462547302 116
1679509244860 0.5044355392456055 117
1679509244973 0.5046088099479675 118
1679509245080 0.5043487548828125 119
1679509245189 0.5043969750404358 120
1679509245293 0.5044876933097839 121
1679509245398 0.50471431016922 122
1679509245502 0.5045166015625 123
1679509245610 0.5043822526931763 124
1679509245717 0.5045477747917175 125
1679509245827 0.5043498277664185 126
1679509245935 0.5042697191238403 127
1679509246049 0.5041872262954712 128
1679509246154 0.5042632222175598 129
1679509246265 0.504224419593811 130
1679509246369 0.5044741034507751 131
1679509246483 0.5044073462486267 132
1679509246587 0.5039902925491333 133
1679509246692 0.5040131211280823 134
1679509246798 0.503922700881958 135
1679509246902 0.5046720504760742 136
1679509247006 0.504001796245575 137
1679509247112 0.5042341351509094 138
1679509247215 0.5041640400886536 139
1679509247318 0.5040682554244995 140
1679509247421 0.5036612749099731 141
1679509247527 0.5041603446006775 142
1679509247636 0.5036050081253052 143
1679509247741 0.5043960809707642 144
1679509247844 0.5039364695549011 145
1679509247949 0.5037629008293152 146
1679509248051 0.5040271282196045 147
1679509248152 0.5040991902351379 148
1679509248255 0.5038048624992371 149
1679509248365 0.5040189027786255 150
1679509248469 0.5034346580505371 151
1679509248575 0.5036740303039551 152
1679509248685 0.5037549734115601 153
1679509248790 0.5037740468978882 154
1679509248897 0.5038995146751404 155
1679509249005 0.5038356184959412 156
1679509249111 0.5037200450897217 157
1679509249215 0.5037571787834167 158
1679509249318 0.5039082169532776 159
1679509249423 0.5037152171134949 160
1679509249527 0.5035613775253296 161
1679509249636 0.5034833550453186 162
1679509249742 0.5034908056259155 163
1679509249848 0.5035595297813416 164
1679509249951 0.5038515329360962 165
1679509250056 0.5034507513046265 166
1679509250157 0.5037218928337097 167
1679509250264 0.5033611059188843 168
1679509250370 0.5034017562866211 169
1679509250472 0.5036931037902832 170
1679509250581 0.5031502842903137 171
1679509250691 0.5035108327865601 172
1679509250795 0.5032200217247009 173
1679509250899 0.5032289624214172 174
1679509251013 0.5034667253494263 175
1679509251114 0.5034587979316711 176
1679509251217 0.5033798813819885 177
1679509251319 0.5030642747879028 178
1679509251422 0.5034688115119934 179
1679509251530 0.5031204223632812 180
1679509251636 0.5032105445861816 181
1679509251742 0.5030579566955566 182
1679509251848 0.5030835270881653 183
1679509251952 0.5033603310585022 184
1679509252054 0.5033175945281982 185
1679509252157 0.5030745267868042 186
1679509252262 0.5029731392860413 187
1679509252365 0.5035030841827393 188
1679509252469 0.5030407309532166 189
1679509252578 0.5029305815696716 190
1679509252687 0.5028422474861145 191
1679509252790 0.5031545162200928 192
1679509252895 0.5029259920120239 193
1679509252999 0.5028125047683716 194
1679509253109 0.5033023953437805 195
1679509253219 0.5028651356697083 196
1679509253323 0.5028663873672485 197
1679509253430 0.5027704834938049 198
1679509253537 0.5025733113288879 199
1679509253642 0.5032669305801392 200
1679509253749 0.5033895969390869 201
1679509253854 0.5026572346687317 202
1679509253961 0.5030418634414673 203
1679509254065 0.5027005672454834 204
1679509254167 0.5027815699577332 205
1679509254271 0.5025414824485779 206
1679509254375 0.502463698387146 207
1679509254482 0.502735435962677 208
1679509254590 0.5025614500045776 209
1679509254702 0.5024652481079102 210
1679509254807 0.5024198889732361 211
1679509254911 0.5027888417243958 212
1679509255017 0.5026159882545471 213
1679509255126 0.5025603771209717 214
1679509255236 0.5024552941322327 215
1679509255339 0.5024760961532593 216
1679509255448 0.5024585723876953 217
1679509255553 0.5027206540107727 218
1679509255657 0.5025308132171631 219
1679509255759 0.5026229023933411 220
1679509255862 0.5021491646766663 221
1679509255967 0.5024212598800659 222
1679509256072 0.5024304986000061 223
1679509256175 0.5024970769882202 224
1679509256280 0.5026035904884338 225
1679509256384 0.5022761225700378 226
1679509256489 0.502470076084137 227
1679509256598 0.5026190876960754 228
1679509256711 0.5023581385612488 229
1679509256816 0.5020115971565247 230
1679509256919 0.5023325681686401 231
1679509257028 0.502243161201477 232
1679509257135 0.5026982426643372 233
1679509257240 0.5023295283317566 234
1679509257348 0.5021603107452393 235
1679509257453 0.502437949180603 236
1679509257556 0.5023719072341919 237
1679509257662 0.5025955438613892 238
1679509257766 0.5022933483123779 239
1679509257869 0.5023763179779053 240
1679509257973 0.5027539730072021 241
1679509258080 0.5023006796836853 242
1679509258185 0.5021107792854309 243
1679509258290 0.5021583437919617 244
1679509258396 0.5019499659538269 245
1679509258502 0.5020522475242615 246
1679509258610 0.501884400844574 247
1679509258716 0.5022911429405212 248
1679509258829 0.5026882886886597 249
1679509258933 0.5020923018455505 250
1679509259039 0.5022357106208801 251
1679509259146 0.5022891759872437 252
1679509259254 0.501923143863678 253
1679509259360 0.5022827386856079 254
1679509259467 0.5024363994598389 255
1679509259573 0.5021554827690125 256
1679509259676 0.5018913149833679 257
1679509259782 0.5020110607147217 258
1679509259889 0.5021189451217651 259
1679509259995 0.5018885135650635 260
1679509260100 0.5019925832748413 261
1679509260203 0.5018793940544128 262
1679509260307 0.5018976926803589 263
1679509260413 0.5018069744110107 264
1679509260519 0.5018911957740784 265
1679509260619 0.5020667910575867 266
1679509260732 0.5018138885498047 267
1679509260842 0.501688539981842 268
1679509260949 0.502017080783844 269
1679509261054 0.5022339224815369 270
1679509261160 0.5018822550773621 271
1679509261265 0.5015354156494141 272
1679509261372 0.5015774965286255 273
1679509261478 0.501676082611084 274
1679509261586 0.5019833445549011 275
1679509261690 0.5015811920166016 276
1679509261799 0.5015618801116943 277
1679509261909 0.5016200542449951 278
1679509262019 0.5014756917953491 279
1679509262132 0.5015192031860352 280
1679509262239 0.5014896392822266 281
1679509262352 0.501494824886322 282
1679509262473 0.5014608502388 283
1679509262582 0.5016276836395264 284
1679509262688 0.501700758934021 285
1679509262801 0.5010964274406433 286
1679509262905 0.5013414025306702 287
1679509263011 0.5015503168106079 288
1679509263118 0.5016105771064758 289
1679509263221 0.5014223456382751 290
1679509263324 0.5013154149055481 291
1679509263431 0.501268208026886 292
1679509263538 0.5013155937194824 293
1679509263641 0.5012882351875305 294
1679509263751 0.5012567043304443 295
1679509263855 0.5014532804489136 296
1679509263959 0.5014184713363647 297
1679509264068 0.501108705997467 298
1679509264187 0.5012192726135254 299
1679509264299 0.5009846687316895 300
1679509264412 0.5011098980903625 301
1679509264521 0.5013076066970825 302
1679509264629 0.5013492703437805 303
1679509264739 0.5015157461166382 304
1679509264854 0.5010440945625305 305
1679509264971 0.5014581680297852 306
1679509265121 0.5011548399925232 307
1679509265234 0.5012112259864807 308
1679509265341 0.5009890794754028 309
1679509265447 0.5010861158370972 310
1679509265551 0.50103759765625 311
1679509265658 0.50142502784729 312
1679509265770 0.5012937784194946 313
1679509265888 0.5008374452590942 314
1679509265997 0.5012837052345276 315
1679509266106 0.5014285445213318 316
1679509266215 0.5009806156158447 317
1679509266321 0.5009030103683472 318
1679509266433 0.5008584856987 319
1679509266538 0.501758873462677 320
1679509266652 0.5009003281593323 321
1679509266763 0.5011048913002014 322
1679509266877 0.500926673412323 323
1679509266998 0.5009345412254333 324
1679509267108 0.5011435151100159 325
1679509267215 0.5010313391685486 326
1679509267318 0.5016424059867859 327
1679509267425 0.500898540019989 328
1679509267537 0.5010818243026733 329
1679509267651 0.5008025169372559 330
1679509267762 0.5006988048553467 331
1679509267867 0.5009201169013977 332
1679509267970 0.5008952021598816 333
1679509268074 0.5007718801498413 334
1679509268178 0.500863790512085 335
1679509268288 0.5008679032325745 336
1679509268400 0.5005795359611511 337
1679509268507 0.5006742477416992 338
1679509268614 0.5009169578552246 339
1679509268724 0.5005630850791931 340
1679509268833 0.5006005167961121 341
1679509268947 0.50072181224823 342
1679509269054 0.5006534457206726 343
1679509269167 0.5005534291267395 344
1679509269273 0.5006625056266785 345
1679509269376 0.5008058547973633 346
1679509269483 0.5009748935699463 347
1679509269586 0.5002958178520203 348
1679509269691 0.5005211234092712 349
1679509269802 0.5006678700447083 350
1679509269907 0.5008465051651001 351
1679509270014 0.5009700059890747 352
1679509270123 0.5003916025161743 353
1679509270235 0.5008231997489929 354
1679509270343 0.5007225871086121 355
1679509270457 0.5005558729171753 356
1679509270563 0.5004722476005554 357
1679509270681 0.5014570951461792 358
1679509270786 0.5002611875534058 359
1679509270894 0.5006956458091736 360
1679509271003 0.5001391172409058 361
1679509271110 0.5005209445953369 362
1679509271222 0.5004869699478149 363
1679509271329 0.5003071427345276 364
1679509271434 0.500335693359375 365
1679509271542 0.5002835988998413 366
1679509271652 0.500385046005249 367
1679509271762 0.5001282691955566 368
1679509271869 0.5001657009124756 369
1679509271973 0.4999799430370331 370
1679509272083 0.5002356171607971 371
1679509272190 0.5001103281974792 372
1679509272302 0.5003587603569031 373
1679509272411 0.5000842213630676 374
1679509272523 0.5003665685653687 375
1679509272628 0.500199019908905 376
1679509272735 0.5004486441612244 377
1679509272844 0.5001667141914368 378
1679509272954 0.4998607039451599 379
1679509273068 0.5007175207138062 380
1679509273173 0.500292956829071 381
1679509273282 0.49989381432533264 382
1679509273390 0.5000767111778259 383
1679509273510 0.49999475479125977 384
1679509273620 0.4999191164970398 385
1679509273731 0.49995744228363037 386
1679509273839 0.49997478723526 387
1679509273951 0.5000365376472473 388
1679509274064 0.5001643300056458 389
1679509274172 0.5000243186950684 390
1679509274281 0.500007688999176 391
1679509274385 0.5000767707824707 392
1679509274491 0.5002135634422302 393
1679509274600 0.5000921487808228 394
1679509274708 0.4999622106552124 395
1679509274819 0.499982088804245 396
1679509274927 0.4998326301574707 397
1679509275046 0.4998629093170166 398
1679509275153 0.5001411437988281 399
1679509275259 0.500032901763916 400
1679509275360 0.4996682107448578 401
1679509275464 0.4998433291912079 402
1679509275569 0.49995094537734985 403
1679509275675 0.5000922083854675 404
1679509275783 0.4996444880962372 405
1679509275889 0.4996323585510254 406
1679509275995 0.49981290102005005 407
1679509276098 0.4999636113643646 408
1679509276201 0.4997759163379669 409
1679509276315 0.500030517578125 410
1679509276422 0.4997425675392151 411
1679509276528 0.49975886940956116 412
1679509276632 0.49975404143333435 413
1679509276737 0.4999887943267822 414
1679509276843 0.4998616874217987 415
1679509276948 0.4995090067386627 416
1679509277057 0.49988222122192383 417
1679509277165 0.4997192919254303 418
1679509277268 0.49968618154525757 419
1679509277374 0.4994983673095703 420
1679509277479 0.4996345341205597 421
1679509277582 0.4994528293609619 422
1679509277695 0.49957475066185 423
1679509277801 0.4998217523097992 424
1679509277906 0.4994097650051117 425
1679509278011 0.49933135509490967 426
1679509278115 0.49950721859931946 427
1679509278218 0.4991939961910248 428
1679509278323 0.4995153844356537 429
1679509278429 0.4995795786380768 430
1679509278537 0.4995230734348297 431
1679509278642 0.49921733140945435 432
1679509278749 0.4994175136089325 433
1679509278857 0.4996107816696167 434
1679509278973 0.4995056986808777 435
1679509279077 0.4991280734539032 436
1679509279185 0.4997920095920563 437
1679509279289 0.4994082748889923 438
1679509279398 0.49921876192092896 439
1679509279506 0.4993917644023895 440
1679509279613 0.49915581941604614 441
1679509279717 0.4990605115890503 442
1679509279822 0.4996780753135681 443
1679509279929 0.4994109869003296 444
1679509280036 0.4994392991065979 445
1679509280146 0.49942222237586975 446
1679509280252 0.4991253912448883 447
1679509280357 0.49906015396118164 448
1679509280461 0.49957549571990967 449
1679509280570 0.4993278980255127 450
1679509280675 0.4990796148777008 451
1679509280784 0.4990685284137726 452
1679509280890 0.4990166425704956 453
1679509280999 0.4989960491657257 454
1679509281104 0.4991403818130493 455
1679509281215 0.4990200400352478 456
1679509281319 0.4989267587661743 457
1679509281431 0.4988493025302887 458
1679509281538 0.49912211298942566 459
1679509281643 0.499202698469162 460
1679509281748 0.4994051158428192 461
1679509281852 0.49936753511428833 462
1679509281956 0.49939629435539246 463
1679509282060 0.49922722578048706 464
1679509282169 0.4988701343536377 465
1679509282276 0.4988761246204376 466
1679509282384 0.4989859163761139 467
1679509282489 0.49868449568748474 468
1679509282604 0.4986935555934906 469
1679509282708 0.4990646541118622 470
1679509282817 0.49876081943511963 471
1679509282923 0.4988437592983246 472
1679509283027 0.49883347749710083 473
1679509283131 0.49870947003364563 474
1679509283241 0.4985666275024414 475
1679509283344 0.49873557686805725 476
1679509283452 0.49875181913375854 477
1679509283558 0.49886661767959595 478
1679509283662 0.49904295802116394 479
1679509283773 0.4985722303390503 480
1679509283881 0.49893322587013245 481
1679509283990 0.4988555312156677 482
1679509284098 0.4984537363052368 483
1679509284204 0.4989684820175171 484
1679509284307 0.49864572286605835 485
1679509284413 0.4985068440437317 486
1679509284518 0.4988248944282532 487
1679509284622 0.4989757537841797 488
1679509284730 0.49872320890426636 489
1679509284837 0.49882766604423523 490
1679509284950 0.49878668785095215 491
1679509285055 0.49863237142562866 492
1679509285159 0.49836456775665283 493
1679509285265 0.49832817912101746 494
1679509285370 0.49835076928138733 495
1679509285479 0.49843642115592957 496
1679509285589 0.49872276186943054 497
1679509285698 0.4985204339027405 498
1679509285805 0.49843358993530273 499
1679509285914 0.4989282488822937 500
1679509286025 0.49862855672836304 501
1679509286140 0.49841421842575073 502
1679509286244 0.49842894077301025 503
1679509286352 0.4986445903778076 504
1679509286456 0.49819985032081604 505
1679509286564 0.4986662268638611 506
1679509286670 0.4985869526863098 507
1679509286776 0.49853646755218506 508
1679509286884 0.49833792448043823 509
1679509286992 0.49836960434913635 510
1679509287097 0.49843013286590576 511
1679509287200 0.49840036034584045 512
1679509287313 0.49813413619995117 513
1679509287419 0.49814242124557495 514
1679509287523 0.49808818101882935 515
1679509287629 0.4985714554786682 516
1679509287733 0.4985913932323456 517
1679509287839 0.49828246235847473 518
1679509287951 0.49844247102737427 519
1679509288056 0.49788135290145874 520
1679509288160 0.4983746111392975 521
1679509288265 0.4985440969467163 522
1679509288376 0.4982481896877289 523
1679509288482 0.4983290731906891 524
1679509288590 0.498299241065979 525
1679509288696 0.4982481896877289 526
1679509288799 0.49827638268470764 527
1679509288905 0.49795740842819214 528
1679509289010 0.498298704624176 529
1679509289114 0.4978122413158417 530
1679509289219 0.4980669617652893 531
1679509289324 0.4979833960533142 532
1679509289429 0.49798160791397095 533
1679509289541 0.4979403018951416 534
1679509289646 0.4979306161403656 535
1679509289753 0.49807482957839966 536
1679509289860 0.49805453419685364 537
1679509289965 0.4981552064418793 538
1679509290068 0.49792608618736267 539
1679509290173 0.4981839954853058 540
1679509290278 0.4984869062900543 541
1679509290385 0.49813541769981384 542
1679509290493 0.49820616841316223 543
1679509290598 0.49781447649002075 544
1679509290711 0.49815961718559265 545
1679509290816 0.49773597717285156 546
1679509290920 0.497562050819397 547
1679509291023 0.49802151322364807 548
1679509291132 0.4979349672794342 549
1679509291237 0.4981440305709839 550
1679509291344 0.4980663061141968 551
1679509291450 0.49764126539230347 552
1679509291556 0.49802327156066895 553
1679509291665 0.49761828780174255 554
1679509291771 0.49785327911376953 555
1679509291881 0.4980461597442627 556
1679509291985 0.4981582760810852 557
1679509292088 0.4975833296775818 558
1679509292191 0.49782794713974 559
1679509292293 0.49795272946357727 560
1679509292405 0.49775904417037964 561
1679509292507 0.4977312982082367 562
1679509292610 0.49811211228370667 563
1679509292715 0.49742457270622253 564
1679509292819 0.49755698442459106 565
1679509292971 0.4978189468383789 566
1679509293081 0.49758702516555786 567
1679509293188 0.4971177577972412 568
1679509293297 0.497560977935791 569
1679509293417 0.49798399209976196 570
1679509293524 0.4982163608074188 571
1679509293629 0.49773064255714417 572
1679509293739 0.49772727489471436 573
1679509293846 0.4974207878112793 574
1679509293950 0.4974974989891052 575
1679509294054 0.49732398986816406 576
1679509294158 0.49743571877479553 577
1679509294262 0.49726077914237976 578
1679509294379 0.49710625410079956 579
1679509294484 0.4973416030406952 580
1679509294588 0.4973944127559662 581
1679509294694 0.49751901626586914 582
1679509294800 0.4976153075695038 583
1679509294903 0.4973020553588867 584
1679509295013 0.4972672164440155 585
1679509295119 0.4975471496582031 586
1679509295225 0.49744364619255066 587
1679509295328 0.49732622504234314 588
1679509295434 0.49727100133895874 589
1679509295543 0.4977334141731262 590
1679509295650 0.4971666932106018 591
1679509295756 0.4971807897090912 592
1679509295861 0.4971340000629425 593
1679509295964 0.49776098132133484 594
1679509296069 0.49738121032714844 595
1679509296172 0.49761509895324707 596
1679509296281 0.4975773096084595 597
1679509296388 0.4970584809780121 598
1679509296500 0.49719804525375366 599
1679509296606 0.4973611533641815 600
1679509296713 0.49732089042663574 601
1679509296823 0.4971546232700348 602
1679509296943 0.4971942901611328 603
1679509297054 0.49747854471206665 604
1679509297163 0.4968814551830292 605
1679509297272 0.49706000089645386 606
1679509297378 0.4970436990261078 607
1679509297491 0.49719101190567017 608
1679509297608 0.49697232246398926 609
1679509297717 0.4968942701816559 610
1679509297819 0.4971735179424286 611
1679509297929 0.4971945583820343 612
1679509298037 0.4972057342529297 613
1679509298145 0.4976174533367157 614
1679509298253 0.4969101846218109 615
1679509298365 0.4972148835659027 616
1679509298485 0.4970194697380066 617
1679509298592 0.4969651699066162 618
1679509298702 0.49690011143684387 619
1679509298814 0.49664297699928284 620
1679509298918 0.4966268241405487 621
1679509299023 0.4970473349094391 622
1679509299128 0.49719762802124023 623
1679509299234 0.49692752957344055 624
1679509299338 0.4968249797821045 625
1679509299452 0.49716028571128845 626
1679509299564 0.49695515632629395 627
1679509299673 0.4972323775291443 628
1679509299778 0.4967551827430725 629
1679509299883 0.4967004358768463 630
1679509299988 0.4968629479408264 631
1679509300094 0.4966677129268646 632
1679509300200 0.49667665362358093 633
1679509300311 0.49673572182655334 634
1679509300413 0.4967271387577057 635
1679509300527 0.4968193769454956 636
1679509300633 0.49674192070961 637
1679509300741 0.49668824672698975 638
1679509300850 0.4967880845069885 639
1679509300956 0.4965876340866089 640
1679509301065 0.4966943562030792 641
1679509301169 0.4963693916797638 642
1679509301274 0.49652525782585144 643
1679509301380 0.49686288833618164 644
1679509301489 0.4967857897281647 645
1679509301597 0.4967248737812042 646
1679509301704 0.4968217611312866 647
1679509301813 0.4966331124305725 648
1679509301918 0.4967357814311981 649
1679509302026 0.4969257712364197 650
1679509302133 0.4966992139816284 651
1679509302241 0.4964219331741333 652
1679509302348 0.4965561330318451 653
1679509302464 0.4965571165084839 654
1679509302568 0.4968464970588684 655
1679509302677 0.49625974893569946 656
1679509302784 0.49686378240585327 657
1679509302889 0.49671506881713867 658
1679509302995 0.4962847828865051 659
1679509303100 0.4963361322879791 660
1679509303204 0.49662286043167114 661
1679509303317 0.49655404686927795 662
1679509303427 0.49638786911964417 663
1679509303540 0.49622392654418945 664
1679509303642 0.49657687544822693 665
1679509303749 0.4962323009967804 666
1679509303858 0.4962228834629059 667
1679509303964 0.4963594675064087 668
1679509304076 0.49660342931747437 669
1679509304188 0.49621328711509705 670
1679509304303 0.4962410628795624 671
1679509304429 0.4962785542011261 672
1679509304546 0.4962720274925232 673
1679509304657 0.4965587854385376 674
1679509304766 0.4959370493888855 675
1679509304872 0.49622485041618347 676
1679509304981 0.4959733188152313 677
1679509305094 0.49627697467803955 678
1679509305201 0.4958243668079376 679
1679509305316 0.49624499678611755 680
1679509305425 0.4961598217487335 681
1679509305534 0.49627476930618286 682
1679509305645 0.4960051476955414 683
1679509305752 0.4963434636592865 684
1679509305863 0.4963957965373993 685
1679509305970 0.495878666639328 686
1679509306088 0.49630409479141235 687
1679509306204 0.49602773785591125 688
1679509306319 0.4963727295398712 689
1679509306432 0.4958954453468323 690
1679509306547 0.49598807096481323 691
1679509306654 0.49610480666160583 692
1679509306761 0.4966144263744354 693
1679509306869 0.49622413516044617 694
1679509306984 0.49625760316848755 695
1679509307091 0.49601486325263977 696
1679509307195 0.49609440565109253 697
1679509307300 0.495870977640152 698
1679509307411 0.49609309434890747 699
1679509307517 0.49607914686203003 700
1679509307624 0.4956827163696289 701
1679509307731 0.4962290823459625 702
1679509307845 0.4958905279636383 703
1679509307949 0.49570584297180176 704
1679509308054 0.4960293471813202 705
1679509308161 0.495892196893692 706
1679509308271 0.49575212597846985 707
1679509308382 0.49582287669181824 708
1679509308489 0.4957696497440338 709
1679509308599 0.49591001868247986 710
1679509308713 0.4956792891025543 711
1679509308822 0.49585866928100586 712
1679509308933 0.4961223602294922 713
1679509309037 0.4956698417663574 714
1679509309153 0.49609270691871643 715
1679509309260 0.49562767148017883 716
1679509309369 0.495560884475708 717
1679509309476 0.4956492781639099 718
1679509309587 0.49590861797332764 719
1679509309716 0.4960329532623291 720
1679509309871 0.49563655257225037 721
1679509309995 0.4957566261291504 722
1679509310107 0.49557456374168396 723
1679509310234 0.49545708298683167 724
1679509310349 0.4957047700881958 725
1679509310454 0.49542301893234253 726
1679509310562 0.49542534351348877 727
1679509310668 0.495626837015152 728
1679509310775 0.49561038613319397 729
1679509310884 0.4955674111843109 730
1679509310991 0.4955044090747833 731
1679509311105 0.49541667103767395 732
1679509311216 0.49556025862693787 733
1679509311322 0.4956348240375519 734
1679509311431 0.49559786915779114 735
1679509311538 0.4954259693622589 736
1679509311646 0.4953855872154236 737
1679509311754 0.49564939737319946 738
1679509311858 0.49546465277671814 739
1679509311967 0.4957628846168518 740
1679509312072 0.4953864514827728 741
1679509312184 0.4951556921005249 742
1679509312303 0.495442271232605 743
1679509312416 0.4955863356590271 744
1679509312525 0.49520596861839294 745
1679509312648 0.4957016408443451 746
1679509312758 0.49522122740745544 747
1679509312870 0.4953033924102783 748
1679509312991 0.49518293142318726 749
1679509313119 0.49552226066589355 750
1679509313237 0.495316743850708 751
1679509313354 0.4953184127807617 752
1679509313470 0.49509504437446594 753
1679509313577 0.495032399892807 754
1679509313685 0.49552372097969055 755
1679509313790 0.4953303635120392 756
1679509313893 0.4954552948474884 757
1679509313997 0.4950025677680969 758
1679509314113 0.4952015280723572 759
1679509314217 0.4954555332660675 760
1679509314319 0.4953870475292206 761
1679509314424 0.49511560797691345 762
1679509314529 0.49563366174697876 763
1679509314634 0.49540260434150696 764
1679509314738 0.4953341782093048 765
1679509314842 0.49481987953186035 766
1679509314947 0.4949965178966522 767
1679509315062 0.4949370324611664 768
1679509315167 0.49521416425704956 769
1679509315270 0.49504411220550537 770
1679509315383 0.4955299496650696 771
1679509315492 0.49483999609947205 772
1679509315602 0.4948410093784332 773
1679509315724 0.49504172801971436 774
1679509315841 0.49503377079963684 775
1679509315959 0.49505236744880676 776
1679509316075 0.49488359689712524 777
1679509316185 0.4950636625289917 778
1679509316297 0.49478408694267273 779
1679509316402 0.49514082074165344 780
1679509316506 0.4953385889530182 781
1679509316610 0.4948057532310486 782
1679509316724 0.49469542503356934 783
1679509316833 0.49536851048469543 784
1679509316936 0.49467089772224426 785
1679509317063 0.4947222173213959 786
1679509317173 0.49477776885032654 787
1679509317277 0.49478572607040405 788
1679509317385 0.4947645366191864 789
1679509317502 0.49479207396507263 790
1679509317610 0.49490129947662354 791
1679509317726 0.4948144257068634 792
1679509317831 0.4946557581424713 793
1679509317935 0.4949895739555359 794
1679509318039 0.49469730257987976 795
1679509318147 0.4946046769618988 796
1679509318263 0.49443185329437256 797
1679509318367 0.49467647075653076 798
1679509318490 0.4946040213108063 799
1679509318604 0.49470123648643494 800
1679509318718 0.4946535527706146 801
1679509318830 0.4947122633457184 802
1679509318934 0.49515652656555176 803
1679509319047 0.4948085844516754 804
1679509319154 0.49511078000068665 805
1679509319262 0.49457111954689026 806
1679509319371 0.4944078326225281 807
1679509319478 0.49452266097068787 808
1679509319590 0.4944024980068207 809
1679509319706 0.49449676275253296 810
1679509319826 0.4947493076324463 811
1679509319933 0.49456891417503357 812
1679509320040 0.49459293484687805 813
1679509320152 0.4945986568927765 814
1679509320261 0.49486714601516724 815
1679509320366 0.49464812874794006 816
1679509320475 0.49485692381858826 817
1679509320585 0.4946820139884949 818
1679509320705 0.49440109729766846 819
1679509320813 0.49429020285606384 820
1679509320921 0.49436697363853455 821
1679509321033 0.4944498538970947 822
1679509321140 0.4941612184047699 823
1679509321248 0.49470117688179016 824
1679509321356 0.49434739351272583 825
1679509321466 0.49395954608917236 826
1679509321579 0.49406877160072327 827
1679509321686 0.4947230815887451 828
1679509321794 0.4941500723361969 829
1679509321904 0.4939853250980377 830
1679509322016 0.49462175369262695 831
1679509322135 0.49447500705718994 832
1679509322253 0.4943012297153473 833
1679509322364 0.4945179522037506 834
1679509322470 0.4944993257522583 835
1679509322576 0.4944499433040619 836
1679509322688 0.4940457344055176 837
1679509322800 0.4942229986190796 838
1679509322912 0.49422216415405273 839
1679509323027 0.49420830607414246 840
1679509323137 0.49421897530555725 841
1679509323243 0.49414902925491333 842
1679509323350 0.4942251145839691 843
1679509323456 0.49453502893447876 844
1679509323568 0.49420270323753357 845
1679509323676 0.4939407706260681 846
1679509323794 0.49423232674598694 847
1679509323911 0.4941525161266327 848
1679509324017 0.49445000290870667 849
1679509324128 0.4940235912799835 850
1679509324241 0.4941529929637909 851
1679509324353 0.4944913983345032 852
1679509324495 0.4939526319503784 853
1679509324611 0.4944877624511719 854
1679509324723 0.4943109154701233 855
1679509324833 0.4941254258155823 856
1679509324944 0.49410563707351685 857
1679509325050 0.4938684403896332 858
1679509325173 0.4940652847290039 859
1679509325279 0.4942503869533539 860
1679509325383 0.49388638138771057 861
1679509325495 0.49412715435028076 862
1679509325605 0.4941371977329254 863
1679509325716 0.49421223998069763 864
1679509325829 0.4939247667789459 865
1679509325938 0.49456703662872314 866
1679509326052 0.4942511320114136 867
1679509326162 0.4938584566116333 868
1679509326269 0.49406352639198303 869
1679509326381 0.4937632381916046 870
1679509326494 0.4938376545906067 871
1679509326618 0.4941383898258209 872
1679509326735 0.4939832389354706 873
1679509326849 0.49408915638923645 874
1679509326960 0.49398428201675415 875
1679509327069 0.49422308802604675 876
1679509327178 0.4938845634460449 877
1679509327288 0.493867963552475 878
1679509327407 0.493612676858902 879
1679509327518 0.49420616030693054 880
1679509327627 0.49359145760536194 881
1679509327739 0.4937606453895569 882
1679509327851 0.4935755729675293 883
1679509327961 0.4939810335636139 884
1679509328088 0.4936518967151642 885
1679509328201 0.49374452233314514 886
1679509328315 0.49346157908439636 887
1679509328438 0.49381545186042786 888
1679509328559 0.4939075708389282 889
1679509328675 0.4938128888607025 890
1679509328782 0.4940062463283539 891
1679509328890 0.4933789074420929 892
1679509329007 0.49346670508384705 893
1679509329113 0.4933730363845825 894
1679509329219 0.49360373616218567 895
1679509329325 0.4935346841812134 896
1679509329428 0.49387362599372864 897
1679509329538 0.4935215413570404 898
1679509329646 0.4933806359767914 899
1679509329760 0.4935643970966339 900
1679509329867 0.4940158724784851 901
1679509329979 0.49417421221733093 902
1679509330088 0.49346253275871277 903
1679509330194 0.4931459426879883 904
1679509330302 0.4936157763004303 905
1679509330406 0.49347543716430664 906
1679509330513 0.49323612451553345 907
1679509330625 0.4934295117855072 908
1679509330735 0.49395039677619934 909
1679509330841 0.49385884404182434 910
1679509330946 0.49360087513923645 911
1679509331053 0.4934174120426178 912
1679509331167 0.4932672679424286 913
1679509331284 0.4932636320590973 914
1679509331399 0.49322107434272766 915
1679509331510 0.49334651231765747 916
1679509331626 0.49306532740592957 917
1679509331734 0.4931536018848419 918
1679509331850 0.49340149760246277 919
1679509331968 0.4933418333530426 920
1679509332079 0.49343401193618774 921
1679509332180 0.4935995936393738 922
1679509332281 0.49327802658081055 923
1679509332382 0.4934997260570526 924
1679509332484 0.4932197332382202 925
1679509332593 0.49292877316474915 926
1679509332695 0.49321863055229187 927
1679509332794 0.49379971623420715 928
1679509332893 0.4931972324848175 929
1679509332991 0.4931463599205017 930
1679509333090 0.4931553304195404 931
1679509333196 0.4932081997394562 932
1679509333301 0.4934267997741699 933
1679509333402 0.4931926429271698 934
1679509333503 0.49329838156700134 935
1679509333602 0.49328744411468506 936
1679509333704 0.4932626783847809 937
1679509333810 0.4933716356754303 938
1679509333910 0.49317455291748047 939
1679509334009 0.49316471815109253 940
1679509334111 0.49328508973121643 941
1679509334212 0.4935806691646576 942
1679509334309 0.4931930601596832 943
1679509334410 0.4931037425994873 944
1679509334520 0.4931894540786743 945
1679509334620 0.4932456314563751 946
1679509334720 0.49281632900238037 947
1679509334819 0.4932319223880768 948
1679509334920 0.49307289719581604 949
1679509335018 0.49300625920295715 950
1679509335117 0.4930354654788971 951
1679509335216 0.49285197257995605 952
1679509335325 0.49325188994407654 953
1679509335425 0.4934769868850708 954
1679509335530 0.49294519424438477 955
1679509335633 0.4928576946258545 956
1679509335735 0.4927891194820404 957
1679509335835 0.493267297744751 958
1679509335933 0.4935861825942993 959
1679509336035 0.4928837716579437 960
1679509336157 0.4931098222732544 961
1679509336255 0.49354881048202515 962
1679509336354 0.492672324180603 963
1679509336454 0.49294814467430115 964
1679509336556 0.49290207028388977 965
1679509336655 0.49317872524261475 966
1679509336763 0.4933888018131256 967
1679509336862 0.49300938844680786 968
1679509336960 0.4935218095779419 969
1679509337060 0.4929105043411255 970
1679509337166 0.4929652810096741 971
1679509337265 0.4924398362636566 972
1679509337370 0.49296364188194275 973
1679509337473 0.49272194504737854 974
1679509337573 0.4927293658256531 975
1679509337675 0.49256810545921326 976
1679509337775 0.492861270904541 977
1679509337874 0.4925267696380615 978
1679509337992 0.49252432584762573 979
1679509338099 0.49250152707099915 980
1679509338201 0.4930206835269928 981
1679509338301 0.4924498498439789 982
1679509338400 0.4930554926395416 983
1679509338502 0.4927968680858612 984
1679509338612 0.49272796511650085 985
1679509338717 0.4928039610385895 986
1679509338816 0.49296462535858154 987
1679509338917 0.4921885132789612 988
1679509339018 0.49258649349212646 989
1679509339119 0.49247702956199646 990
1679509339230 0.4925107955932617 991
1679509339331 0.49256762862205505 992
1679509339429 0.49252915382385254 993
1679509339528 0.49281632900238037 994
1679509339627 0.4926230013370514 995
1679509339730 0.4926203191280365 996
1679509339836 0.4924972355365753 997
1679509339936 0.49281400442123413 998
1679509340041 0.49249744415283203 999
