1679507090834 0.6988078355789185 0
1679507090929 0.7051025032997131 1
1679507091022 0.7129709124565125 2
1679507091116 0.7318709492683411 3
1679507091211 0.7348752021789551 4
1679507091305 0.7365124821662903 5
1679507091400 0.737418532371521 6
1679507091495 0.7379748821258545 7
1679507091591 0.738213300704956 8
1679507091691 0.7385948300361633 9
1679507091787 0.7389445304870605 10
1679507091888 0.7389762997627258 11
1679507091983 0.7390081286430359 12
1679507092079 0.7391193509101868 13
1679507092173 0.739326000213623 14
1679507092269 0.7398505806922913 15
1679507092364 0.73965984582901 16
1679507092460 0.7400254607200623 17
1679507092560 0.7399459481239319 18
1679507092657 0.7398982644081116 19
1679507092763 0.7403115630149841 20
1679507092861 0.7403751611709595 21
1679507092957 0.7399141788482666 22
1679507093051 0.7402956485748291 23
1679507093146 0.7410586476325989 24
1679507093243 0.7412652969360352 25
1679507093337 0.7406453490257263 26
1679507093434 0.7412652969360352 27
1679507093530 0.7409950494766235 28
1679507093623 0.7412335276603699 29
1679507093716 0.7409950494766235 30
1679507093809 0.7411699295043945 31
1679507093902 0.7411858439445496 32
1679507093996 0.7416309118270874 33
1679507094095 0.7415673136711121 34
1679507094189 0.7413447499275208 35
1679507094284 0.7416785955429077 36
1679507094377 0.7416626811027527 37
1679507094473 0.74204421043396 38
1679507094569 0.7419965267181396 39
1679507094665 0.7417898774147034 40
1679507094766 0.7418534159660339 41
1679507094878 0.7421077489852905 42
1679507094975 0.7419646978378296 43
1679507095072 0.7424415946006775 44
1679507095178 0.7422508597373962 45
1679507095275 0.7423779964447021 46
1679507095370 0.7418057322502136 47
1679507095469 0.7425528764724731 48
1679507095566 0.7425846457481384 49
1679507095666 0.7427753806114197 50
1679507095764 0.7433476448059082 51
1679507095863 0.7426323294639587 52
1679507095963 0.7426482439041138 53
1679507096058 0.7425210475921631 54
1679507096157 0.7429502606391907 55
1679507096254 0.742997944355011 56
1679507096349 0.7429184317588806 57
1679507096460 0.7436019778251648 58
1679507096558 0.7430615425109863 59
1679507096654 0.7430615425109863 60
1679507096752 0.743156909942627 61
1679507096852 0.7436337471008301 62
1679507096949 0.7429343461990356 63
1679507097055 0.7436178922653198 64
1679507097153 0.7433158755302429 65
1679507097254 0.7435542941093445 66
1679507097350 0.7433953285217285 67
1679507097446 0.7435066103935242 68
1679507097544 0.7430773973464966 69
1679507097643 0.7439993619918823 70
1679507097739 0.7439039945602417 71
1679507097835 0.7437291145324707 72
1679507097936 0.7436973452568054 73
1679507098048 0.7438086271286011 74
1679507098153 0.7437132596969604 75
1679507098258 0.7439039945602417 76
1679507098361 0.7437609434127808 77
1679507098465 0.743776798248291 78
1679507098573 0.7440788149833679 79
1679507098682 0.7439039945602417 80
1679507098787 0.7444126605987549 81
1679507098894 0.7440629601478577 82
1679507098994 0.7440311312675476 83
1679507099091 0.7442377805709839 84
1679507099189 0.7441742420196533 85
1679507099285 0.7445239424705505 86
1679507099383 0.7445080280303955 87
1679507099483 0.7441900968551636 88
1679507099581 0.7442377805709839 89
1679507099680 0.744269609451294 90
1679507099779 0.7441742420196533 91
1679507099877 0.7446193099021912 92
1679507099978 0.744905412197113 93
1679507100124 0.7446510791778564 94
1679507100231 0.7449213266372681 95
1679507100346 0.7445716261863708 96
1679507100448 0.7449690103530884 97
1679507100545 0.7445716261863708 98
1679507100642 0.7448100447654724 99
1679507100742 0.744905412197113 100
1679507100842 0.7449213266372681 101
1679507100949 0.7446987628936768 102
1679507101053 0.7445557117462158 103
1679507101156 0.745064377784729 104
1679507101259 0.7450326085090637 105
1679507101360 0.7448577284812927 106
1679507101460 0.7452551126480103 107
1679507101561 0.7454776763916016 108
1679507101659 0.7454935908317566 109
1679507101765 0.7452710270881653 110
1679507101866 0.7454140782356262 111
1679507101965 0.7454458475112915 112
1679507102063 0.7458114624023438 113
1679507102162 0.7456048130989075 114
1679507102262 0.7452710270881653 115
1679507102365 0.7453823089599609 116
1679507102462 0.7455889582633972 117
1679507102560 0.7458114624023438 118
1679507102659 0.7451279759407043 119
1679507102766 0.7455412745475769 120
1679507102874 0.7459545135498047 121
1679507102978 0.7455730438232422 122
1679507103081 0.7456207275390625 123
1679507103182 0.7459545135498047 124
1679507103283 0.7459386587142944 125
1679507103385 0.7459227442741394 126
1679507103488 0.7463996410369873 127
1679507103587 0.7461134791374207 128
1679507103689 0.7459386587142944 129
1679507103795 0.746192991733551 130
1679507103903 0.7463837265968323 131
1679507104006 0.7464473247528076 132
1679507104114 0.7466062903404236 133
1679507104226 0.7462088465690613 134
1679507104331 0.7464314103126526 135
1679507104434 0.7460499405860901 136
1679507104541 0.7464631795883179 137
1679507104643 0.7461293935775757 138
1679507104747 0.7460976243019104 139
1679507104860 0.7466857433319092 140
1679507104961 0.7466698288917542 141
1679507105063 0.7467334270477295 142
1679507105162 0.7464473247528076 143
1679507105261 0.7467811107635498 144
1679507105366 0.7468923926353455 145
1679507105465 0.7463678121566772 146
1679507105567 0.7463996410369873 147
1679507105664 0.7466698288917542 148
1679507105761 0.7465585470199585 149
1679507105861 0.7467016577720642 150
1679507105959 0.7464790940284729 151
1679507106060 0.7472580075263977 152
1679507106161 0.7467334270477295 153
1679507106259 0.7467175126075745 154
1679507106355 0.7473215460777283 155
1679507106452 0.747114896774292 156
1679507106552 0.747448742389679 157
1679507106652 0.7471626400947571 158
1679507106749 0.7470513582229614 159
1679507106845 0.746971845626831 160
1679507106943 0.7467493414878845 161
1679507107041 0.7472580075263977 162
1679507107135 0.7471626400947571 163
1679507107234 0.7467334270477295 164
1679507107330 0.7469877600669861 165
1679507107428 0.7468447089195251 166
1679507107524 0.747464656829834 167
1679507107627 0.7475123405456543 168
1679507107723 0.7475600242614746 169
1679507107824 0.7474805116653442 170
1679507107922 0.7474169731140137 171
1679507108018 0.7477189898490906 172
1679507108114 0.7474964261054993 173
1679507108212 0.7476871609687805 174
1679507108310 0.747448742389679 175
1679507108408 0.7479891777038574 176
1679507108506 0.7474964261054993 177
1679507108606 0.747464656829834 178
1679507108703 0.7475281953811646 179
1679507108800 0.7476394772529602 180
1679507108895 0.7480686902999878 181
1679507108993 0.7479255795478821 182
1679507109090 0.7476394772529602 183
1679507109186 0.7479891777038574 184
1679507109283 0.7478620409965515 185
1679507109377 0.7481322288513184 186
1679507109478 0.7476077079772949 187
1679507109576 0.7483230233192444 188
1679507109674 0.748243510723114 189
1679507109777 0.7481322288513184 190
1679507109874 0.7481640577316284 191
1679507109972 0.74840247631073 192
1679507110068 0.7483071088790894 193
1679507110167 0.7482117414474487 194
1679507110264 0.7484501600265503 195
1679507110363 0.7481481432914734 196
1679507110460 0.7484501600265503 197
1679507110555 0.7484819293022156 198
1679507110656 0.7482911944389343 199
1679507110757 0.7480210065841675 200
1679507110855 0.7479891777038574 201
1679507110960 0.7485932111740112 202
1679507111073 0.7485932111740112 203
1679507111177 0.7479574084281921 204
1679507111281 0.7489429116249084 205
1679507111384 0.7487044930458069 206
1679507111492 0.7486408948898315 207
1679507111595 0.7482911944389343 208
1679507111695 0.7484342455863953 209
1679507111794 0.7487362623214722 210
1679507111899 0.7487204074859619 211
1679507111996 0.7485296726226807 212
1679507112096 0.7486885786056519 213
1679507112199 0.7478461265563965 214
1679507112302 0.7488475441932678 215
1679507112404 0.7489588260650635 216
1679507112505 0.7485455274581909 217
1679507112605 0.7482911944389343 218
1679507112706 0.7486568093299866 219
1679507112805 0.7486727237701416 220
1679507112905 0.7483230233192444 221
1679507113002 0.749197244644165 222
1679507113102 0.7487998604774475 223
1679507113200 0.7491177916526794 224
1679507113298 0.7486568093299866 225
1679507113396 0.7489747405052185 226
1679507113492 0.7493880391120911 227
1679507113592 0.7488634586334229 228
1679507113732 0.7486568093299866 229
1679507113837 0.7489270567893982 230
1679507113946 0.7486091256141663 231
1679507114048 0.7494515776634216 232
1679507114151 0.7491018772125244 233
1679507114249 0.7490382790565491 234
1679507114347 0.7488316893577576 235
1679507114445 0.7490065097808838 236
1679507114559 0.7487204074859619 237
1679507114664 0.7488475441932678 238
1679507114771 0.7490382790565491 239
1679507114869 0.7486727237701416 240
1679507114968 0.7488634586334229 241
1679507115073 0.7491813898086548 242
1679507115173 0.7487362623214722 243
1679507115270 0.7488475441932678 244
1679507115366 0.7486727237701416 245
1679507115462 0.749372124671936 246
1679507115561 0.7490541934967041 247
1679507115667 0.7487998604774475 248
1679507115767 0.7494357228279114 249
1679507115868 0.7489270567893982 250
1679507115966 0.749372124671936 251
1679507116063 0.7487362623214722 252
1679507116159 0.749197244644165 253
1679507116257 0.7491495609283447 254
1679507116356 0.7492926120758057 255
1679507116454 0.749356210231781 256
1679507116550 0.7491177916526794 257
1679507116648 0.7492131590843201 258
1679507116748 0.7485932111740112 259
1679507116845 0.7490701079368591 260
1679507116942 0.7489588260650635 261
1679507117045 0.7489111423492432 262
1679507117141 0.7494674921035767 263
1679507117242 0.7492131590843201 264
1679507117339 0.7489111423492432 265
1679507117444 0.7498648762702942 266
1679507117542 0.7487680912017822 267
1679507117644 0.7492131590843201 268
1679507117742 0.7493085265159607 269
1679507117840 0.7494674921035767 270
1679507117937 0.7489588260650635 271
1679507118034 0.7494357228279114 272
1679507118134 0.7492449283599854 273
1679507118232 0.749515175819397 274
1679507118331 0.7489747405052185 275
1679507118428 0.7492131590843201 276
1679507118528 0.7496105432510376 277
1679507118628 0.7494834065437317 278
1679507118727 0.7494198083877563 279
1679507118824 0.7496105432510376 280
1679507118921 0.7494834065437317 281
1679507119020 0.7494992613792419 282
1679507119125 0.7494674921035767 283
1679507119232 0.7495628595352173 284
1679507119333 0.7494515776634216 285
1679507119438 0.7496264576911926 286
1679507119541 0.7494674921035767 287
1679507119640 0.7489905953407288 288
1679507119741 0.7492131590843201 289
1679507119846 0.7495787739753723 290
1679507119944 0.7494515776634216 291
1679507120046 0.7497535943984985 292
1679507120144 0.7498012781143188 293
1679507120241 0.7488793730735779 294
1679507120337 0.7494992613792419 295
1679507120435 0.7492608428001404 296
1679507120532 0.7493880391120911 297
1679507120630 0.7490382790565491 298
1679507120734 0.7494038939476013 299
1679507120830 0.7499284744262695 300
1679507120926 0.7491177916526794 301
1679507121024 0.7500238418579102 302
1679507121121 0.7491654753684998 303
1679507121219 0.7495469450950623 304
1679507121322 0.749515175819397 305
1679507121423 0.7496105432510376 306
1679507121523 0.749515175819397 307
1679507121630 0.7494515776634216 308
1679507121729 0.7493244409561157 309
1679507121829 0.749372124671936 310
1679507121931 0.7493880391120911 311
1679507122032 0.7492290735244751 312
1679507122129 0.749356210231781 313
1679507122238 0.749356210231781 314
1679507122339 0.7494674921035767 315
1679507122442 0.7494834065437317 316
1679507122547 0.7493403553962708 317
1679507122656 0.7496582269668579 318
1679507122765 0.7496105432510376 319
1679507122908 0.7491813898086548 320
1679507123013 0.7496105432510376 321
1679507123120 0.7495946884155273 322
1679507123262 0.7489588260650635 323
1679507123387 0.7492449283599854 324
1679507123508 0.749531090259552 325
1679507123650 0.7494515776634216 326
1679507123759 0.7495469450950623 327
1679507123891 0.7496423721313477 328
1679507124003 0.7495787739753723 329
1679507124107 0.7496582269668579 330
1679507124207 0.7495469450950623 331
1679507124305 0.749197244644165 332
1679507124402 0.7493880391120911 333
1679507124502 0.7500556111335754 334
1679507124601 0.7499443888664246 335
1679507124702 0.7497059106826782 336
1679507124803 0.7497535943984985 337
1679507124899 0.7498012781143188 338
1679507124997 0.7494515776634216 339
1679507125099 0.7492767572402954 340
1679507125207 0.7494992613792419 341
1679507125308 0.7496264576911926 342
1679507125408 0.7499761581420898 343
1679507125507 0.7492131590843201 344
1679507125608 0.7496423721313477 345
1679507125706 0.7495628595352173 346
1679507125807 0.7493880391120911 347
1679507125906 0.7497535943984985 348
1679507126005 0.7497218251228333 349
1679507126106 0.749531090259552 350
1679507126204 0.749690055847168 351
1679507126302 0.7497218251228333 352
1679507126400 0.7494674921035767 353
1679507126498 0.7496105432510376 354
1679507126607 0.7501828074455261 355
1679507126705 0.7494515776634216 356
1679507126802 0.7492290735244751 357
1679507126901 0.7501987218856812 358
1679507126999 0.7497218251228333 359
1679507127103 0.7496264576911926 360
1679507127209 0.7493403553962708 361
1679507127313 0.7496423721313477 362
1679507127419 0.7496264576911926 363
1679507127520 0.749356210231781 364
1679507127621 0.7496423721313477 365
1679507127726 0.7501510381698608 366
1679507127825 0.7499284744262695 367
1679507127923 0.7495628595352173 368
1679507128026 0.7496741414070129 369
1679507128122 0.749356210231781 370
1679507128219 0.7496264576911926 371
1679507128319 0.7497377395629883 372
1679507128418 0.7494992613792419 373
1679507128515 0.7497218251228333 374
1679507128611 0.7498807907104492 375
1679507128709 0.7494674921035767 376
1679507128807 0.7496264576911926 377
1679507128907 0.7491337060928345 378
1679507129002 0.7495628595352173 379
1679507129100 0.749515175819397 380
1679507129201 0.749690055847168 381
1679507129301 0.7499761581420898 382
1679507129406 0.749197244644165 383
1679507129505 0.7494038939476013 384
1679507129603 0.7493244409561157 385
1679507129701 0.7497218251228333 386
1679507129803 0.7496264576911926 387
1679507129903 0.7499284744262695 388
1679507130006 0.7499602437019348 389
1679507130105 0.7495628595352173 390
1679507130201 0.7498967051506042 391
1679507130298 0.7490860223770142 392
1679507130394 0.7497695088386536 393
1679507130489 0.749515175819397 394
1679507130587 0.7498648762702942 395
1679507130696 0.7498012781143188 396
1679507130794 0.7499443888664246 397
1679507130895 0.7497218251228333 398
1679507130993 0.749531090259552 399
1679507131090 0.7499125599861145 400
1679507131187 0.7499443888664246 401
1679507131287 0.7501032948493958 402
1679507131387 0.7494674921035767 403
1679507131486 0.7495787739753723 404
1679507131585 0.7498648762702942 405
1679507131680 0.749531090259552 406
1679507131778 0.7499602437019348 407
1679507131882 0.7498171925544739 408
1679507131980 0.7498171925544739 409
1679507132077 0.7493085265159607 410
1679507132174 0.7499443888664246 411
1679507132278 0.7498807907104492 412
1679507132376 0.7495469450950623 413
1679507132477 0.7498331069946289 414
1679507132574 0.7498331069946289 415
1679507132672 0.7498648762702942 416
1679507132768 0.7498967051506042 417
1679507132866 0.7497059106826782 418
1679507132966 0.7498012781143188 419
1679507133062 0.7500238418579102 420
1679507133168 0.7502622604370117 421
1679507133266 0.7501510381698608 422
1679507133364 0.7498012781143188 423
1679507133472 0.7502304911613464 424
1679507133575 0.7499761581420898 425
1679507133679 0.7498967051506042 426
1679507133782 0.7498967051506042 427
1679507133883 0.7498967051506042 428
1679507133983 0.7496741414070129 429
1679507134083 0.7501032948493958 430
1679507134182 0.7498171925544739 431
1679507134282 0.7501192092895508 432
1679507134382 0.7498648762702942 433
1679507134483 0.7496741414070129 434
1679507134583 0.7499920725822449 435
1679507134682 0.7500874400138855 436
1679507134784 0.7498171925544739 437
1679507134884 0.7500238418579102 438
1679507134988 0.7500238418579102 439
1679507135091 0.7498331069946289 440
1679507135190 0.7500397562980652 441
1679507135293 0.7496741414070129 442
1679507135389 0.7500397562980652 443
1679507135485 0.7500238418579102 444
1679507135593 0.7502145767211914 445
1679507135693 0.7500556111335754 446
1679507135791 0.7503735423088074 447
1679507135891 0.7500556111335754 448
1679507135989 0.7503735423088074 449
1679507136089 0.7501828074455261 450
1679507136190 0.7500715255737305 451
1679507136290 0.7499125599861145 452
1679507136389 0.7500238418579102 453
1679507136489 0.7506119608879089 454
1679507136586 0.7500079274177551 455
1679507136684 0.7503417730331421 456
1679507136789 0.7502622604370117 457
1679507136890 0.7498967051506042 458
1679507136989 0.7500397562980652 459
1679507137091 0.7502304911613464 460
1679507137190 0.7499125599861145 461
1679507137287 0.7501192092895508 462
1679507137385 0.7501668930053711 463
1679507137482 0.7499125599861145 464
1679507137591 0.7498012781143188 465
1679507137690 0.7499761581420898 466
1679507137788 0.7502145767211914 467
1679507137892 0.7502622604370117 468
1679507137997 0.7503417730331421 469
1679507138095 0.7496105432510376 470
1679507138194 0.7500238418579102 471
1679507138297 0.7499284744262695 472
1679507138397 0.7505484223365784 473
1679507138493 0.7503258585929871 474
1679507138590 0.7501510381698608 475
1679507138689 0.750484824180603 476
1679507138788 0.7503258585929871 477
1679507138888 0.7497695088386536 478
1679507138987 0.7503735423088074 479
1679507139091 0.7502145767211914 480
1679507139188 0.7500715255737305 481
1679507139284 0.7501668930053711 482
1679507139385 0.7500556111335754 483
1679507139487 0.7501032948493958 484
1679507139587 0.7502304911613464 485
1679507139687 0.7503735423088074 486
1679507139786 0.7505165934562683 487
1679507139883 0.7501987218856812 488
1679507139988 0.7501987218856812 489
1679507140088 0.7500715255737305 490
1679507140190 0.7502940893173218 491
1679507140294 0.7500874400138855 492
1679507140397 0.7502781748771667 493
1679507140495 0.7501987218856812 494
1679507140594 0.750484824180603 495
1679507140694 0.7501668930053711 496
1679507140795 0.7501351237297058 497
1679507140892 0.7505801916122437 498
1679507140991 0.7503735423088074 499
1679507141088 0.7502622604370117 500
1679507141191 0.7501192092895508 501
1679507141291 0.7503735423088074 502
1679507141403 0.7499602437019348 503
1679507141503 0.750484824180603 504
1679507141606 0.7501351237297058 505
1679507141706 0.7502464056015015 506
1679507141802 0.7499920725822449 507
1679507141901 0.7500079274177551 508
1679507142001 0.7506119608879089 509
1679507142100 0.7500397562980652 510
1679507142204 0.750309944152832 511
1679507142305 0.750468909740448 512
1679507142407 0.7501510381698608 513
1679507142516 0.7502622604370117 514
1679507142615 0.7505484223365784 515
1679507142717 0.7508662939071655 516
1679507142820 0.7504053115844727 517
1679507142920 0.7501510381698608 518
1679507143020 0.7502464056015015 519
1679507143125 0.7501510381698608 520
1679507143229 0.7504371404647827 521
1679507143327 0.7501192092895508 522
1679507143480 0.7506755590438843 523
1679507143593 0.7501828074455261 524
1679507143698 0.750484824180603 525
1679507143802 0.7502145767211914 526
1679507143904 0.7501510381698608 527
1679507144005 0.750309944152832 528
1679507144107 0.7502464056015015 529
1679507144214 0.7500874400138855 530
1679507144316 0.7502622604370117 531
1679507144419 0.750627875328064 532
1679507144518 0.7509139776229858 533
1679507144619 0.7506596446037292 534
1679507144752 0.7503894567489624 535
1679507144853 0.7507391571998596 536
1679507144951 0.750468909740448 537
1679507145054 0.7502464056015015 538
1679507145152 0.7504212260246277 539
1679507145279 0.7503258585929871 540
1679507145380 0.7501668930053711 541
1679507145479 0.7507391571998596 542
1679507145578 0.750309944152832 543
1679507145678 0.7507232427597046 544
1679507145775 0.7501351237297058 545
1679507145915 0.7507073879241943 546
1679507146020 0.7511365413665771 547
1679507146119 0.7505007386207581 548
1679507146218 0.7506119608879089 549
1679507146318 0.7508662939071655 550
1679507146416 0.7501987218856812 551
1679507146548 0.7507550716400146 552
1679507146648 0.750468909740448 553
1679507146746 0.7507232427597046 554
1679507146842 0.7505801916122437 555
1679507146944 0.7506596446037292 556
1679507147055 0.7499443888664246 557
1679507147156 0.7501987218856812 558
1679507147256 0.7506755590438843 559
1679507147357 0.7503735423088074 560
1679507147454 0.7502304911613464 561
1679507147556 0.7507868409156799 562
1679507147654 0.7502145767211914 563
1679507147764 0.7504212260246277 564
1679507147864 0.7500556111335754 565
1679507147996 0.7505801916122437 566
1679507148100 0.7504530549049377 567
1679507148204 0.7504053115844727 568
1679507148305 0.7505007386207581 569
1679507148402 0.7501987218856812 570
1679507148502 0.7500874400138855 571
1679507148600 0.7505007386207581 572
1679507148698 0.7508186101913452 573
1679507148799 0.7503417730331421 574
1679507148903 0.7503735423088074 575
1679507149003 0.7505165934562683 576
1679507149104 0.7504530549049377 577
1679507149210 0.750627875328064 578
1679507149319 0.7508822083473206 579
1679507149424 0.7504212260246277 580
1679507149527 0.7510411739349365 581
1679507149632 0.7505801916122437 582
1679507149734 0.7509775757789612 583
1679507149837 0.7507709264755249 584
1679507149938 0.7506119608879089 585
1679507150042 0.7508186101913452 586
1679507150150 0.7511524558067322 587
1679507150248 0.7508822083473206 588
1679507150356 0.7505801916122437 589
1679507150464 0.7504530549049377 590
1679507150565 0.7505961060523987 591
1679507150667 0.7505484223365784 592
1679507150771 0.7508504390716553 593
1679507150878 0.750484824180603 594
1679507150979 0.7503735423088074 595
1679507151080 0.7507550716400146 596
1679507151184 0.750643789768219 597
1679507151289 0.7504371404647827 598
1679507151390 0.7504371404647827 599
1679507151491 0.7506119608879089 600
1679507151594 0.7505165934562683 601
1679507151693 0.7507709264755249 602
1679507151804 0.7508186101913452 603
1679507151903 0.7506914734840393 604
1679507152001 0.7505165934562683 605
1679507152104 0.7509298920631409 606
1679507152208 0.7507550716400146 607
1679507152317 0.7508822083473206 608
1679507152449 0.7507868409156799 609
1679507152559 0.7508981227874756 610
1679507152662 0.7509458065032959 611
1679507152769 0.7508981227874756 612
1679507152876 0.7508822083473206 613
1679507152983 0.7508822083473206 614
1679507153092 0.750627875328064 615
1679507153201 0.750643789768219 616
1679507153305 0.7507073879241943 617
1679507153407 0.7506596446037292 618
1679507153514 0.7502781748771667 619
1679507153620 0.7507550716400146 620
1679507153722 0.7506119608879089 621
1679507153830 0.7503576278686523 622
1679507153934 0.750627875328064 623
1679507154047 0.7507550716400146 624
1679507154155 0.7512795925140381 625
1679507154255 0.7505961060523987 626
1679507154357 0.7507232427597046 627
1679507154457 0.7503894567489624 628
1679507154559 0.7505801916122437 629
1679507154663 0.7506596446037292 630
1679507154765 0.7510411739349365 631
1679507154862 0.7509934902191162 632
1679507154966 0.7512478232383728 633
1679507155065 0.7508345246315002 634
1679507155166 0.7504530549049377 635
1679507155266 0.750802755355835 636
1679507155363 0.7508345246315002 637
1679507155467 0.7509458065032959 638
1679507155568 0.7510411739349365 639
1679507155666 0.750643789768219 640
1679507155765 0.7512319087982178 641
1679507155876 0.7510411739349365 642
1679507155973 0.7507709264755249 643
1679507156071 0.7509775757789612 644
1679507156169 0.750643789768219 645
1679507156270 0.7507709264755249 646
1679507156369 0.750802755355835 647
1679507156469 0.7506119608879089 648
1679507156568 0.7510888576507568 649
1679507156672 0.7511206269264221 650
1679507156771 0.7512319087982178 651
1679507156871 0.7507391571998596 652
1679507156968 0.7507868409156799 653
1679507157065 0.7512159943580627 654
1679507157163 0.7505325078964233 655
1679507157267 0.750643789768219 656
1679507157365 0.7507550716400146 657
1679507157468 0.7508504390716553 658
1679507157568 0.7507868409156799 659
1679507157668 0.7509775757789612 660
1679507157769 0.7508186101913452 661
1679507157866 0.7508981227874756 662
1679507157967 0.7514862418174744 663
1679507158073 0.7511683106422424 664
1679507158174 0.7509934902191162 665
1679507158279 0.7509458065032959 666
1679507158378 0.7510888576507568 667
1679507158478 0.7506914734840393 668
1679507158578 0.7509617209434509 669
1679507158677 0.750802755355835 670
1679507158779 0.7512795925140381 671
1679507158877 0.7510094046592712 672
1679507158978 0.7509617209434509 673
1679507159082 0.750468909740448 674
1679507159181 0.7513431906700134 675
1679507159280 0.7509934902191162 676
1679507159382 0.7509139776229858 677
1679507159483 0.7511047720909119 678
1679507159591 0.7508662939071655 679
1679507159698 0.7508345246315002 680
1679507159803 0.7506755590438843 681
1679507159916 0.7512319087982178 682
1679507160038 0.7508981227874756 683
1679507160141 0.7508662939071655 684
1679507160243 0.7511047720909119 685
1679507160350 0.7509617209434509 686
1679507160457 0.7510888576507568 687
1679507160559 0.7512795925140381 688
1679507160660 0.7509617209434509 689
1679507160762 0.7511524558067322 690
1679507160871 0.750627875328064 691
1679507160977 0.7512319087982178 692
1679507161082 0.7509139776229858 693
1679507161187 0.7511524558067322 694
1679507161288 0.7509775757789612 695
1679507161428 0.7509934902191162 696
1679507161546 0.7507073879241943 697
1679507161667 0.7512637376785278 698
1679507161787 0.7508186101913452 699
1679507161900 0.7512795925140381 700
1679507162018 0.751422643661499 701
1679507162126 0.7510094046592712 702
1679507162228 0.7511206269264221 703
1679507162328 0.7511842250823975 704
1679507162428 0.7515021562576294 705
1679507162531 0.7512159943580627 706
1679507162636 0.7510888576507568 707
1679507162744 0.7509775757789612 708
1679507162843 0.7510411739349365 709
1679507162944 0.7511842250823975 710
1679507163048 0.751613438129425 711
1679507163150 0.750802755355835 712
1679507163249 0.751438558101654 713
1679507163347 0.7510094046592712 714
1679507163445 0.7508186101913452 715
1679507163541 0.7511206269264221 716
1679507163651 0.751740574836731 717
1679507163751 0.7512001395225525 718
1679507163851 0.7508504390716553 719
1679507163950 0.7508504390716553 720
1679507164056 0.7511683106422424 721
1679507164155 0.7512319087982178 722
1679507164256 0.7509934902191162 723
1679507164356 0.7511365413665771 724
1679507164458 0.7512478232383728 725
1679507164557 0.7512795925140381 726
1679507164656 0.7511365413665771 727
1679507164754 0.7512001395225525 728
1679507164855 0.7512637376785278 729
1679507164955 0.7510252594947815 730
1679507165053 0.7510888576507568 731
1679507165152 0.7507709264755249 732
1679507165257 0.7512159943580627 733
1679507165362 0.7509298920631409 734
1679507165462 0.7512319087982178 735
1679507165564 0.7512159943580627 736
1679507165666 0.7514067888259888 737
1679507165766 0.7512319087982178 738
1679507165863 0.7508186101913452 739
1679507165960 0.7511842250823975 740
1679507166058 0.7511365413665771 741
1679507166170 0.7511683106422424 742
1679507166268 0.7508822083473206 743
1679507166367 0.7510570883750916 744
1679507166467 0.7512319087982178 745
1679507166568 0.7510411739349365 746
1679507166669 0.7511683106422424 747
1679507166767 0.7512319087982178 748
1679507166865 0.7513749599456787 749
1679507166979 0.751422643661499 750
1679507167090 0.7510729432106018 751
1679507167195 0.7514544725418091 752
1679507167299 0.751581609249115 753
1679507167401 0.7514862418174744 754
1679507167502 0.7511206269264221 755
1679507167608 0.7514862418174744 756
1679507167710 0.751613438129425 757
1679507167819 0.7509458065032959 758
1679507167920 0.7511206269264221 759
1679507168021 0.7510729432106018 760
1679507168123 0.7513749599456787 761
1679507168223 0.7513114213943481 762
1679507168328 0.7513749599456787 763
1679507168430 0.7512478232383728 764
1679507168535 0.7512319087982178 765
1679507168637 0.7511683106422424 766
1679507168737 0.7511206269264221 767
1679507168838 0.7513908743858337 768
1679507168938 0.7511047720909119 769
1679507169037 0.7509139776229858 770
1679507169136 0.7512955069541931 771
1679507169235 0.7513749599456787 772
1679507169341 0.7517088055610657 773
1679507169438 0.7509139776229858 774
1679507169540 0.7511047720909119 775
1679507169643 0.7511524558067322 776
1679507169742 0.7511365413665771 777
1679507169842 0.7512001395225525 778
1679507169941 0.7515021562576294 779
1679507170039 0.7512001395225525 780
1679507170146 0.7513431906700134 781
1679507170246 0.7512478232383728 782
1679507170345 0.7518518567085266 783
1679507170446 0.7508345246315002 784
1679507170546 0.7512955069541931 785
1679507170646 0.7510729432106018 786
1679507170748 0.7510411739349365 787
1679507170849 0.7508981227874756 788
1679507170949 0.7510888576507568 789
1679507171051 0.7515021562576294 790
1679507171151 0.7511365413665771 791
1679507171251 0.7511842250823975 792
1679507171351 0.7512478232383728 793
1679507171450 0.7514067888259888 794
1679507171548 0.7513749599456787 795
1679507171652 0.7513431906700134 796
1679507171755 0.7510252594947815 797
1679507171860 0.7514703273773193 798
1679507171959 0.7511365413665771 799
1679507172058 0.7513431906700134 800
1679507172169 0.7512795925140381 801
1679507172269 0.751613438129425 802
1679507172368 0.7513272762298584 803
1679507172465 0.7515180706977844 804
1679507172562 0.7509775757789612 805
1679507172668 0.7514703273773193 806
1679507172768 0.7514862418174744 807
1679507172867 0.751740574836731 808
1679507172964 0.7513749599456787 809
1679507173062 0.7514544725418091 810
1679507173163 0.7509139776229858 811
1679507173262 0.7510094046592712 812
1679507173361 0.7513431906700134 813
1679507173467 0.7511047720909119 814
1679507173572 0.7513114213943481 815
1679507173671 0.7511842250823975 816
1679507173768 0.751613438129425 817
1679507173868 0.7515180706977844 818
1679507173971 0.7511683106422424 819
1679507174070 0.751613438129425 820
1679507174178 0.7513591051101685 821
1679507174283 0.7513591051101685 822
1679507174383 0.7511206269264221 823
1679507174488 0.7514703273773193 824
1679507174589 0.7516452074050903 825
1679507174687 0.7515180706977844 826
1679507174784 0.7513749599456787 827
1679507174892 0.751740574836731 828
1679507174991 0.75159752368927 829
1679507175093 0.7520585060119629 830
1679507175190 0.7513431906700134 831
1679507175291 0.7515657544136047 832
1679507175392 0.7513749599456787 833
1679507175493 0.751613438129425 834
1679507175590 0.751740574836731 835
1679507175694 0.751422643661499 836
1679507175794 0.751438558101654 837
1679507175894 0.7512001395225525 838
1679507175994 0.751438558101654 839
1679507176094 0.7514862418174744 840
1679507176193 0.7517246603965759 841
1679507176295 0.7513591051101685 842
1679507176395 0.7514703273773193 843
1679507176500 0.751438558101654 844
1679507176599 0.7517088055610657 845
1679507176699 0.7515339255332947 846
1679507176803 0.7516928911209106 847
1679507176905 0.7509617209434509 848
1679507177006 0.7513114213943481 849
1679507177109 0.7515498399734497 850
1679507177220 0.7509458065032959 851
1679507177326 0.7518359422683716 852
1679507177430 0.7514544725418091 853
1679507177537 0.7512637376785278 854
1679507177642 0.7516769766807556 855
1679507177749 0.7513272762298584 856
1679507177850 0.751438558101654 857
1679507177955 0.7510252594947815 858
1679507178068 0.7513272762298584 859
1679507178173 0.7510888576507568 860
1679507178283 0.7514703273773193 861
1679507178386 0.7516292929649353 862
1679507178486 0.751438558101654 863
1679507178586 0.7515498399734497 864
1679507178688 0.7513749599456787 865
1679507178790 0.7518518567085266 866
1679507178889 0.7515657544136047 867
1679507178992 0.7511047720909119 868
1679507179092 0.7516452074050903 869
1679507179190 0.7517246603965759 870
1679507179290 0.751438558101654 871
1679507179389 0.7513272762298584 872
1679507179502 0.7514067888259888 873
1679507179609 0.7512637376785278 874
1679507179712 0.7514544725418091 875
1679507179813 0.7516928911209106 876
1679507179917 0.7506596446037292 877
1679507180019 0.7518041729927063 878
1679507180118 0.7514544725418091 879
1679507180223 0.7518041729927063 880
1679507180336 0.7513908743858337 881
1679507180439 0.7518995404243469 882
1679507180538 0.7512478232383728 883
1679507180634 0.7516452074050903 884
1679507180735 0.7513431906700134 885
1679507180834 0.7511683106422424 886
1679507180939 0.7513749599456787 887
1679507181039 0.7512319087982178 888
1679507181140 0.7513749599456787 889
1679507181241 0.7519313097000122 890
1679507181339 0.751581609249115 891
1679507181440 0.7515180706977844 892
1679507181539 0.751915454864502 893
1679507181649 0.7512478232383728 894
1679507181751 0.7519472241401672 895
1679507181856 0.7513431906700134 896
1679507181957 0.7515021562576294 897
1679507182058 0.7517088055610657 898
1679507182156 0.7516292929649353 899
1679507182258 0.7512001395225525 900
1679507182363 0.7514862418174744 901
1679507182464 0.7514862418174744 902
1679507182570 0.7513114213943481 903
1679507182669 0.7516292929649353 904
1679507182772 0.7517246603965759 905
1679507182875 0.7515657544136047 906
1679507182974 0.751438558101654 907
1679507183071 0.7519472241401672 908
1679507183170 0.75159752368927 909
1679507183289 0.751756489276886 910
1679507183393 0.7513908743858337 911
1679507183494 0.751613438129425 912
1679507183590 0.7512319087982178 913
1679507183690 0.7515021562576294 914
1679507183806 0.751613438129425 915
1679507183905 0.7515339255332947 916
1679507184006 0.7513908743858337 917
1679507184106 0.7520425915718079 918
1679507184204 0.7517882585525513 919
1679507184304 0.751581609249115 920
1679507184409 0.7517882585525513 921
1679507184516 0.7513431906700134 922
1679507184617 0.7519949078559875 923
1679507184716 0.7517246603965759 924
1679507184814 0.7513114213943481 925
1679507184912 0.7514067888259888 926
1679507185011 0.7518041729927063 927
1679507185133 0.7514862418174744 928
1679507185238 0.7517882585525513 929
1679507185343 0.7518041729927063 930
1679507185443 0.7516611218452454 931
1679507185540 0.7516769766807556 932
1679507185640 0.7513272762298584 933
1679507185748 0.7516452074050903 934
1679507185848 0.7518836259841919 935
1679507185950 0.7518041729927063 936
1679507186049 0.7515180706977844 937
1679507186153 0.7516611218452454 938
1679507186255 0.7519789934158325 939
1679507186361 0.75159752368927 940
1679507186461 0.7516769766807556 941
1679507186560 0.7518041729927063 942
1679507186659 0.7516928911209106 943
1679507186756 0.7513114213943481 944
1679507186855 0.7515657544136047 945
1679507186966 0.7518041729927063 946
1679507187068 0.7515021562576294 947
1679507187166 0.7518041729927063 948
1679507187264 0.7518041729927063 949
1679507187364 0.7513908743858337 950
1679507187462 0.7514862418174744 951
1679507187566 0.7514703273773193 952
1679507187666 0.7520902752876282 953
1679507187767 0.751613438129425 954
1679507187866 0.7520108222961426 955
1679507187971 0.7514703273773193 956
1679507188073 0.7520425915718079 957
1679507188184 0.751438558101654 958
1679507188285 0.7515498399734497 959
1679507188387 0.7517246603965759 960
1679507188489 0.7515339255332947 961
1679507188588 0.7519789934158325 962
1679507188687 0.7516769766807556 963
1679507188796 0.751740574836731 964
1679507188897 0.751613438129425 965
1679507188999 0.751915454864502 966
1679507189099 0.7518041729927063 967
1679507189197 0.7517246603965759 968
1679507189297 0.7517246603965759 969
1679507189408 0.7520585060119629 970
1679507189508 0.7521856427192688 971
1679507189607 0.7517882585525513 972
1679507189704 0.7520585060119629 973
1679507189805 0.7517246603965759 974
1679507189908 0.7515180706977844 975
1679507190014 0.7519789934158325 976
1679507190113 0.7517882585525513 977
1679507190217 0.7516452074050903 978
1679507190316 0.7515339255332947 979
1679507190415 0.7518518567085266 980
1679507190516 0.7512319087982178 981
1679507190628 0.7520902752876282 982
1679507190735 0.7520744204521179 983
1679507190837 0.7516452074050903 984
1679507190937 0.7520425915718079 985
1679507191038 0.7515498399734497 986
1679507191138 0.7519472241401672 987
1679507191243 0.7518836259841919 988
1679507191379 0.7518995404243469 989
1679507191490 0.7520902752876282 990
1679507191643 0.7516928911209106 991
1679507191745 0.7515657544136047 992
1679507191846 0.7518518567085266 993
1679507191953 0.7520108222961426 994
1679507192052 0.7516292929649353 995
1679507192154 0.7516611218452454 996
1679507192268 0.751915454864502 997
1679507192373 0.7516611218452454 998
1679507192473 0.7520108222961426 999
1679507192574 0.7518518567085266 1000
1679507192693 0.7519949078559875 1001
1679507192800 0.7514862418174744 1002
1679507192911 0.7517246603965759 1003
1679507193013 0.7516292929649353 1004
1679507193120 0.7516452074050903 1005
1679507193220 0.7520744204521179 1006
1679507193319 0.7518995404243469 1007
1679507193426 0.752694308757782 1008
1679507193525 0.7518359422683716 1009
1679507193627 0.7518200874328613 1010
1679507193730 0.7523605227470398 1011
1679507193835 0.75159752368927 1012
1679507193938 0.7517246603965759 1013
1679507194044 0.7518836259841919 1014
1679507194143 0.7523446083068848 1015
1679507194242 0.7516769766807556 1016
1679507194345 0.751740574836731 1017
1679507194449 0.7521379590034485 1018
1679507194559 0.751613438129425 1019
1679507194663 0.7516292929649353 1020
1679507194764 0.7519631385803223 1021
1679507194868 0.7516452074050903 1022
1679507194971 0.7518359422683716 1023
1679507195072 0.7519631385803223 1024
1679507195172 0.7516292929649353 1025
1679507195277 0.7515657544136047 1026
1679507195378 0.7515339255332947 1027
1679507195476 0.75159752368927 1028
1679507195612 0.7520585060119629 1029
1679507195718 0.7516611218452454 1030
1679507195821 0.7515180706977844 1031
1679507195929 0.7522651553153992 1032
1679507196033 0.7518677711486816 1033
1679507196135 0.7518836259841919 1034
1679507196240 0.7518200874328613 1035
1679507196345 0.7521379590034485 1036
1679507196454 0.7523286938667297 1037
1679507196557 0.7515657544136047 1038
1679507196663 0.7518518567085266 1039
1679507196765 0.7515498399734497 1040
1679507196863 0.7516928911209106 1041
1679507196964 0.7513908743858337 1042
1679507197073 0.7518836259841919 1043
1679507197176 0.7513114213943481 1044
1679507197275 0.7519789934158325 1045
1679507197375 0.751740574836731 1046
1679507197481 0.7521061897277832 1047
1679507197586 0.7520585060119629 1048
1679507197685 0.7520425915718079 1049
1679507197786 0.7521856427192688 1050
1679507197887 0.7514703273773193 1051
1679507197986 0.7519313097000122 1052
1679507198084 0.7516769766807556 1053
1679507198190 0.7520108222961426 1054
1679507198292 0.751915454864502 1055
1679507198394 0.7521379590034485 1056
1679507198498 0.751915454864502 1057
1679507198602 0.7515021562576294 1058
1679507198706 0.7522174715995789 1059
1679507198810 0.7520585060119629 1060
1679507198912 0.7520425915718079 1061
1679507199012 0.7519789934158325 1062
1679507199111 0.7518359422683716 1063
1679507199213 0.751756489276886 1064
1679507199312 0.7518200874328613 1065
1679507199421 0.7520425915718079 1066
1679507199524 0.7518995404243469 1067
1679507199628 0.751915454864502 1068
1679507199727 0.7521856427192688 1069
1679507199826 0.7520585060119629 1070
1679507199931 0.7515180706977844 1071
1679507200036 0.7521538734436035 1072
1679507200140 0.7524718046188354 1073
1679507200238 0.7520585060119629 1074
1679507200336 0.7522651553153992 1075
1679507200434 0.7523446083068848 1076
1679507200538 0.7523764371871948 1077
1679507200640 0.7522174715995789 1078
1679507200746 0.7522174715995789 1079
1679507200847 0.7524082064628601 1080
1679507200946 0.7519631385803223 1081
1679507201053 0.7519949078559875 1082
1679507201154 0.7518041729927063 1083
1679507201253 0.7515021562576294 1084
1679507201351 0.7518995404243469 1085
1679507201454 0.7523128390312195 1086
1679507201559 0.7518518567085266 1087
1679507201680 0.7518677711486816 1088
1679507201780 0.7520902752876282 1089
1679507201880 0.7517723441123962 1090
1679507201980 0.7520585060119629 1091
1679507202080 0.7522174715995789 1092
1679507202186 0.7520108222961426 1093
1679507202285 0.7516928911209106 1094
1679507202383 0.7514544725418091 1095
1679507202483 0.752535343170166 1096
1679507202582 0.7518200874328613 1097
1679507202693 0.7517723441123962 1098
1679507202797 0.7521221041679382 1099
1679507202896 0.7515657544136047 1100
1679507203000 0.7524241209030151 1101
1679507203099 0.7518518567085266 1102
1679507203202 0.7519472241401672 1103
1679507203306 0.7520744204521179 1104
1679507203404 0.7516292929649353 1105
1679507203508 0.7520266771316528 1106
1679507203610 0.7520744204521179 1107
1679507203712 0.7516452074050903 1108
1679507203815 0.7524399757385254 1109
1679507203918 0.7521856427192688 1110
1679507204019 0.7522333264350891 1111
1679507204118 0.7518518567085266 1112
1679507204226 0.7517723441123962 1113
1679507204331 0.7525194883346558 1114
1679507204434 0.7518677711486816 1115
1679507204537 0.7515021562576294 1116
1679507204640 0.7520266771316528 1117
1679507204747 0.7521856427192688 1118
1679507204848 0.7520266771316528 1119
1679507204961 0.7519313097000122 1120
1679507205063 0.7518518567085266 1121
1679507205164 0.7523922920227051 1122
1679507205263 0.751756489276886 1123
1679507205365 0.7518359422683716 1124
1679507205472 0.7518836259841919 1125
1679507205575 0.7522174715995789 1126
1679507205676 0.7517088055610657 1127
1679507205782 0.7520266771316528 1128
1679507205881 0.7521697878837585 1129
1679507205987 0.7520108222961426 1130
1679507206091 0.7518200874328613 1131
1679507206192 0.7519631385803223 1132
1679507206291 0.7521856427192688 1133
1679507206392 0.7519631385803223 1134
1679507206496 0.7519313097000122 1135
1679507206595 0.75159752368927 1136
1679507206697 0.751613438129425 1137
1679507206800 0.7520108222961426 1138
1679507206899 0.7522810101509094 1139
1679507207005 0.7518200874328613 1140
1679507207106 0.751581609249115 1141
1679507207206 0.7518995404243469 1142
1679507207305 0.7519472241401672 1143
1679507207409 0.7521061897277832 1144
1679507207515 0.7515180706977844 1145
1679507207615 0.7523446083068848 1146
1679507207714 0.7522810101509094 1147
1679507207816 0.7522492408752441 1148
1679507207918 0.7517882585525513 1149
1679507208023 0.7517088055610657 1150
1679507208126 0.751915454864502 1151
1679507208226 0.7520585060119629 1152
1679507208323 0.7518518567085266 1153
1679507208421 0.7521697878837585 1154
1679507208526 0.7521379590034485 1155
1679507208624 0.7516292929649353 1156
1679507208721 0.751756489276886 1157
1679507208828 0.7519472241401672 1158
1679507208932 0.7520108222961426 1159
1679507209039 0.751740574836731 1160
1679507209144 0.7520744204521179 1161
1679507209241 0.7520266771316528 1162
1679507209338 0.751915454864502 1163
1679507209437 0.7519949078559875 1164
1679507209544 0.7522810101509094 1165
1679507209644 0.752535343170166 1166
1679507209745 0.7521379590034485 1167
1679507209845 0.7519949078559875 1168
1679507209946 0.7519789934158325 1169
1679507210051 0.7521697878837585 1170
1679507210152 0.7518995404243469 1171
1679507210254 0.7519631385803223 1172
1679507210355 0.7518359422683716 1173
1679507210455 0.7522015571594238 1174
1679507210566 0.7521061897277832 1175
1679507210665 0.7522969245910645 1176
1679507210765 0.7516452074050903 1177
1679507210866 0.7516928911209106 1178
1679507210966 0.751915454864502 1179
1679507211070 0.7523128390312195 1180
1679507211176 0.7524082064628601 1181
1679507211273 0.7522969245910645 1182
1679507211372 0.7521538734436035 1183
1679507211472 0.7521061897277832 1184
1679507211615 0.7520108222961426 1185
1679507211717 0.7523764371871948 1186
1679507211816 0.7518041729927063 1187
1679507211918 0.7525830268859863 1188
1679507212018 0.7526625394821167 1189
1679507212128 0.7519472241401672 1190
1679507212229 0.7520108222961426 1191
1679507212330 0.7522969245910645 1192
1679507212428 0.751915454864502 1193
1679507212524 0.7522969245910645 1194
1679507212632 0.7518041729927063 1195
1679507212731 0.7520585060119629 1196
1679507212828 0.7518359422683716 1197
1679507212933 0.7525194883346558 1198
1679507213030 0.7522174715995789 1199
1679507213142 0.7521856427192688 1200
1679507213244 0.7521221041679382 1201
1679507213344 0.7523605227470398 1202
1679507213440 0.7522810101509094 1203
1679507213539 0.7515021562576294 1204
1679507213643 0.7519789934158325 1205
1679507213742 0.7523286938667297 1206
1679507213842 0.7523446083068848 1207
1679507213945 0.7525194883346558 1208
1679507214045 0.7523128390312195 1209
1679507214155 0.7522651553153992 1210
1679507214256 0.7524558901786804 1211
1679507214353 0.7522333264350891 1212
1679507214453 0.7518836259841919 1213
1679507214560 0.7519949078559875 1214
1679507214667 0.7518518567085266 1215
1679507214769 0.7518359422683716 1216
1679507214870 0.7523764371871948 1217
1679507214972 0.7522015571594238 1218
1679507215073 0.7520266771316528 1219
1679507215184 0.7524082064628601 1220
1679507215286 0.7522969245910645 1221
1679507215389 0.7523446083068848 1222
1679507215492 0.7517882585525513 1223
1679507215593 0.7521379590034485 1224
1679507215699 0.7518995404243469 1225
1679507215798 0.7522174715995789 1226
1679507215903 0.7521379590034485 1227
1679507216005 0.7521538734436035 1228
1679507216111 0.7519313097000122 1229
1679507216226 0.7520902752876282 1230
1679507216334 0.7519313097000122 1231
1679507216441 0.7520108222961426 1232
1679507216545 0.7523446083068848 1233
1679507216645 0.7524558901786804 1234
1679507216750 0.7521697878837585 1235
1679507216853 0.7524399757385254 1236
1679507216962 0.7519949078559875 1237
1679507217063 0.7524399757385254 1238
1679507217167 0.7522492408752441 1239
1679507217286 0.7520585060119629 1240
1679507217402 0.7519789934158325 1241
1679507217521 0.7521856427192688 1242
1679507217642 0.7523764371871948 1243
1679507217758 0.7516928911209106 1244
1679507217882 0.7523128390312195 1245
1679507217988 0.7523128390312195 1246
1679507218099 0.7522651553153992 1247
1679507218205 0.7519631385803223 1248
1679507218320 0.7519789934158325 1249
1679507218446 0.7520902752876282 1250
1679507218554 0.7518836259841919 1251
1679507218662 0.7522651553153992 1252
1679507218774 0.7522810101509094 1253
1679507218882 0.7520902752876282 1254
1679507219005 0.7522492408752441 1255
1679507219114 0.7522651553153992 1256
1679507219237 0.7524399757385254 1257
1679507219348 0.7521061897277832 1258
1679507219453 0.7527579069137573 1259
1679507219568 0.7520744204521179 1260
1679507219682 0.7518041729927063 1261
1679507219786 0.7519789934158325 1262
1679507219888 0.7520744204521179 1263
1679507219993 0.7526466250419617 1264
1679507220110 0.7521221041679382 1265
1679507220230 0.7522492408752441 1266
1679507220336 0.7523922920227051 1267
1679507220450 0.7523446083068848 1268
1679507220563 0.7521221041679382 1269
1679507220676 0.7522651553153992 1270
1679507220786 0.7528373599052429 1271
1679507220894 0.7522651553153992 1272
1679507221014 0.7522810101509094 1273
1679507221128 0.7522333264350891 1274
1679507221239 0.7523128390312195 1275
1679507221347 0.7520266771316528 1276
1679507221455 0.7520744204521179 1277
1679507221562 0.7520585060119629 1278
1679507221668 0.7523605227470398 1279
1679507221792 0.7520902752876282 1280
1679507221899 0.7524718046188354 1281
1679507222002 0.7520744204521179 1282
1679507222106 0.7520902752876282 1283
1679507222206 0.7524876594543457 1284
1679507222316 0.7517882585525513 1285
1679507222425 0.7518995404243469 1286
1679507222540 0.7523605227470398 1287
1679507222652 0.7522969245910645 1288
1679507222762 0.7521697878837585 1289
1679507222866 0.7522174715995789 1290
1679507222968 0.7521061897277832 1291
1679507223072 0.7520108222961426 1292
1679507223174 0.7524399757385254 1293
1679507223286 0.7520744204521179 1294
1679507223403 0.7518359422683716 1295
1679507223505 0.7524558901786804 1296
1679507223608 0.7524876594543457 1297
1679507223717 0.752535343170166 1298
1679507223821 0.7521697878837585 1299
1679507223929 0.7521538734436035 1300
1679507224034 0.7523286938667297 1301
1679507224137 0.7522969245910645 1302
1679507224244 0.7522492408752441 1303
1679507224351 0.7519789934158325 1304
1679507224460 0.7515339255332947 1305
1679507224571 0.7523128390312195 1306
1679507224678 0.7520425915718079 1307
1679507224787 0.7523764371871948 1308
1679507224889 0.7523286938667297 1309
1679507224992 0.7525035738945007 1310
1679507225095 0.7522810101509094 1311
1679507225201 0.7522969245910645 1312
1679507225304 0.7522015571594238 1313
1679507225419 0.7525671720504761 1314
1679507225521 0.7521538734436035 1315
1679507225625 0.7521538734436035 1316
1679507225730 0.7525035738945007 1317
1679507225838 0.75159752368927 1318
1679507225947 0.7526307702064514 1319
1679507226050 0.7523286938667297 1320
1679507226152 0.7524718046188354 1321
1679507226270 0.7518995404243469 1322
1679507226377 0.7521379590034485 1323
1679507226482 0.7518677711486816 1324
1679507226582 0.7523446083068848 1325
1679507226692 0.7523764371871948 1326
1679507226795 0.7522810101509094 1327
1679507226897 0.7519472241401672 1328
1679507226999 0.7521061897277832 1329
1679507227102 0.752535343170166 1330
1679507227211 0.7522492408752441 1331
1679507227317 0.7522333264350891 1332
1679507227417 0.7518836259841919 1333
1679507227516 0.7521697878837585 1334
1679507227621 0.7517882585525513 1335
1679507227734 0.7522333264350891 1336
1679507227854 0.7518995404243469 1337
1679507227960 0.7521856427192688 1338
1679507228062 0.7526148557662964 1339
1679507228170 0.752551257610321 1340
1679507228272 0.7518836259841919 1341
1679507228374 0.7516769766807556 1342
1679507228476 0.7524718046188354 1343
1679507228584 0.7523128390312195 1344
1679507228691 0.7519472241401672 1345
1679507228800 0.7524718046188354 1346
1679507228906 0.7519472241401672 1347
1679507229008 0.7519631385803223 1348
1679507229119 0.7523128390312195 1349
1679507229230 0.7523286938667297 1350
1679507229335 0.752551257610321 1351
1679507229435 0.7521697878837585 1352
1679507229540 0.7524718046188354 1353
1679507229645 0.752551257610321 1354
1679507229747 0.7522651553153992 1355
1679507229851 0.7518836259841919 1356
1679507229957 0.7527738213539124 1357
1679507230064 0.7524241209030151 1358
1679507230170 0.7522174715995789 1359
1679507230272 0.7529009580612183 1360
1679507230373 0.7522969245910645 1361
1679507230483 0.7522810101509094 1362
1679507230595 0.7519313097000122 1363
1679507230702 0.7522969245910645 1364
1679507230809 0.7524718046188354 1365
1679507230912 0.7521061897277832 1366
1679507231018 0.7523128390312195 1367
1679507231126 0.7518836259841919 1368
1679507231236 0.7526466250419617 1369
1679507231343 0.7524558901786804 1370
1679507231453 0.7519631385803223 1371
1679507231572 0.7524241209030151 1372
1679507231674 0.7522174715995789 1373
1679507231793 0.7521061897277832 1374
1679507231897 0.7525830268859863 1375
1679507232011 0.7522810101509094 1376
1679507232120 0.7522810101509094 1377
1679507232223 0.752535343170166 1378
1679507232328 0.7524558901786804 1379
1679507232436 0.7520744204521179 1380
1679507232541 0.7521538734436035 1381
1679507232644 0.7525989413261414 1382
1679507232748 0.7521538734436035 1383
1679507232852 0.7518677711486816 1384
1679507232962 0.7521697878837585 1385
1679507233068 0.7522969245910645 1386
1679507233169 0.7527896761894226 1387
1679507233278 0.7525989413261414 1388
1679507233383 0.7522810101509094 1389
1679507233498 0.7522969245910645 1390
1679507233600 0.7521221041679382 1391
1679507233703 0.7522015571594238 1392
1679507233806 0.7525194883346558 1393
1679507233919 0.7518677711486816 1394
1679507234028 0.7522492408752441 1395
1679507234133 0.7526625394821167 1396
1679507234240 0.7520108222961426 1397
1679507234352 0.7523286938667297 1398
1679507234459 0.752694308757782 1399
1679507234564 0.7524558901786804 1400
1679507234667 0.7522492408752441 1401
1679507234772 0.7522651553153992 1402
1679507234872 0.7522810101509094 1403
1679507234976 0.7524399757385254 1404
1679507235082 0.752535343170166 1405
1679507235184 0.7521856427192688 1406
1679507235291 0.7524718046188354 1407
1679507235394 0.7523286938667297 1408
1679507235495 0.7524082064628601 1409
1679507235607 0.7521221041679382 1410
1679507235708 0.7521061897277832 1411
1679507235806 0.752710223197937 1412
1679507235907 0.7523446083068848 1413
1679507236012 0.7522174715995789 1414
1679507236117 0.7521697878837585 1415
1679507236225 0.7521221041679382 1416
1679507236326 0.7519789934158325 1417
1679507236426 0.7529486417770386 1418
1679507236525 0.7526148557662964 1419
1679507236622 0.7519631385803223 1420
1679507236729 0.752551257610321 1421
1679507236831 0.7519949078559875 1422
1679507236935 0.7522015571594238 1423
1679507237034 0.7526307702064514 1424
1679507237143 0.7522651553153992 1425
1679507237244 0.7523922920227051 1426
1679507237349 0.7526148557662964 1427
1679507237453 0.7522492408752441 1428
1679507237563 0.7524399757385254 1429
1679507237664 0.7524241209030151 1430
1679507237764 0.7522174715995789 1431
1679507237862 0.7521538734436035 1432
1679507237967 0.7524082064628601 1433
1679507238068 0.7521856427192688 1434
1679507238169 0.7521061897277832 1435
1679507238269 0.7527579069137573 1436
1679507238371 0.7526307702064514 1437
1679507238479 0.7520744204521179 1438
1679507238586 0.7522015571594238 1439
1679507238687 0.7525194883346558 1440
1679507238791 0.7524558901786804 1441
1679507238893 0.7524876594543457 1442
1679507238992 0.7524399757385254 1443
1679507239095 0.7520266771316528 1444
1679507239199 0.7524241209030151 1445
1679507239311 0.7523922920227051 1446
1679507239410 0.7524399757385254 1447
1679507239515 0.7522651553153992 1448
1679507239617 0.7524082064628601 1449
1679507239725 0.7522810101509094 1450
1679507239825 0.7523605227470398 1451
1679507239925 0.7522810101509094 1452
1679507240025 0.7526307702064514 1453
1679507240130 0.7520425915718079 1454
1679507240229 0.7525035738945007 1455
1679507240332 0.752853274345398 1456
1679507240435 0.752535343170166 1457
1679507240536 0.7522333264350891 1458
1679507240635 0.7524399757385254 1459
1679507240748 0.752710223197937 1460
1679507240851 0.7524876594543457 1461
1679507240952 0.7524082064628601 1462
1679507241053 0.7518995404243469 1463
1679507241161 0.751740574836731 1464
1679507241259 0.7524241209030151 1465
1679507241367 0.7520744204521179 1466
1679507241469 0.7521221041679382 1467
1679507241574 0.7521061897277832 1468
1679507241674 0.7521379590034485 1469
1679507241777 0.7526148557662964 1470
1679507241878 0.7521221041679382 1471
1679507241990 0.7524876594543457 1472
1679507242091 0.7523286938667297 1473
1679507242191 0.7521856427192688 1474
1679507242294 0.7522174715995789 1475
1679507242398 0.7522015571594238 1476
1679507242498 0.7524876594543457 1477
1679507242604 0.7524241209030151 1478
1679507242703 0.7527896761894226 1479
1679507242809 0.7521221041679382 1480
1679507242911 0.7523764371871948 1481
1679507243011 0.7524876594543457 1482
1679507243109 0.7519789934158325 1483
1679507243216 0.7527896761894226 1484
1679507243315 0.7522651553153992 1485
1679507243416 0.7524399757385254 1486
1679507243515 0.7523286938667297 1487
1679507243619 0.7523605227470398 1488
1679507243721 0.7526466250419617 1489
1679507243825 0.7522969245910645 1490
1679507243924 0.752551257610321 1491
1679507244028 0.7523128390312195 1492
1679507244126 0.7519789934158325 1493
1679507244230 0.7520744204521179 1494
1679507244330 0.7525830268859863 1495
1679507244433 0.752694308757782 1496
1679507244536 0.7525989413261414 1497
1679507244637 0.7522015571594238 1498
1679507244746 0.7522015571594238 1499
1679507244845 0.7524876594543457 1500
1679507244944 0.7523605227470398 1501
1679507245047 0.7522810101509094 1502
1679507245161 0.7521061897277832 1503
1679507245259 0.7523286938667297 1504
1679507245359 0.7523446083068848 1505
1679507245464 0.7521856427192688 1506
1679507245563 0.7523286938667297 1507
1679507245669 0.7524082064628601 1508
1679507245771 0.7524558901786804 1509
1679507245869 0.7523446083068848 1510
1679507245967 0.7523764371871948 1511
1679507246075 0.752710223197937 1512
1679507246175 0.7523128390312195 1513
1679507246274 0.752535343170166 1514
1679507246378 0.7518200874328613 1515
1679507246488 0.7524241209030151 1516
1679507246588 0.7523286938667297 1517
1679507246687 0.7531235218048096 1518
1679507246785 0.7524558901786804 1519
1679507246892 0.752535343170166 1520
1679507246990 0.7523764371871948 1521
1679507247088 0.752694308757782 1522
1679507247191 0.752535343170166 1523
1679507247300 0.7524718046188354 1524
1679507247399 0.7523128390312195 1525
1679507247512 0.7524876594543457 1526
1679507247616 0.7523605227470398 1527
1679507247719 0.7520902752876282 1528
1679507247823 0.7526307702064514 1529
1679507247922 0.7524399757385254 1530
1679507248023 0.7523605227470398 1531
1679507248126 0.7522969245910645 1532
1679507248232 0.7522174715995789 1533
1679507248330 0.7526625394821167 1534
1679507248429 0.7526784539222717 1535
1679507248529 0.7524558901786804 1536
1679507248638 0.7526307702064514 1537
1679507248739 0.7521379590034485 1538
1679507248840 0.7526625394821167 1539
1679507248943 0.7521379590034485 1540
1679507249048 0.7523128390312195 1541
1679507249149 0.7524718046188354 1542
1679507249250 0.752551257610321 1543
1679507249348 0.7526148557662964 1544
1679507249469 0.7520425915718079 1545
1679507249568 0.7524876594543457 1546
1679507249668 0.7527419924736023 1547
1679507249770 0.7522492408752441 1548
1679507249875 0.7521697878837585 1549
1679507249975 0.7522969245910645 1550
1679507250075 0.7525194883346558 1551
1679507250176 0.7525830268859863 1552
1679507250288 0.7524876594543457 1553
1679507250388 0.752551257610321 1554
1679507250491 0.7529804706573486 1555
1679507250592 0.7522651553153992 1556
1679507250703 0.7528215050697327 1557
1679507250805 0.7523922920227051 1558
1679507250905 0.7525671720504761 1559
1679507251003 0.7523605227470398 1560
1679507251113 0.7529804706573486 1561
1679507251214 0.7523922920227051 1562
1679507251315 0.7523286938667297 1563
1679507251420 0.7523446083068848 1564
1679507251532 0.7522651553153992 1565
1679507251631 0.7526784539222717 1566
1679507251759 0.7524241209030151 1567
1679507251863 0.7519631385803223 1568
1679507251970 0.7521856427192688 1569
1679507252069 0.7524876594543457 1570
1679507252173 0.7524082064628601 1571
1679507252271 0.7527896761894226 1572
1679507252379 0.7520902752876282 1573
1679507252481 0.7519631385803223 1574
1679507252582 0.752694308757782 1575
1679507252681 0.7520585060119629 1576
1679507252790 0.7524876594543457 1577
1679507252891 0.7524082064628601 1578
1679507252993 0.7524558901786804 1579
1679507253099 0.7529009580612183 1580
1679507253208 0.7526625394821167 1581
1679507253308 0.752726137638092 1582
1679507253407 0.7524241209030151 1583
1679507253505 0.7523764371871948 1584
1679507253616 0.7526148557662964 1585
1679507253719 0.752535343170166 1586
1679507253821 0.7524718046188354 1587
1679507253920 0.7521379590034485 1588
1679507254029 0.752710223197937 1589
1679507254128 0.7522333264350891 1590
1679507254226 0.7525671720504761 1591
1679507254330 0.7523922920227051 1592
1679507254437 0.7522174715995789 1593
1679507254535 0.7524399757385254 1594
1679507254635 0.752694308757782 1595
1679507254734 0.7525830268859863 1596
1679507254845 0.7524241209030151 1597
1679507254946 0.752710223197937 1598
1679507255045 0.7522969245910645 1599
1679507255142 0.7520902752876282 1600
1679507255251 0.7523128390312195 1601
1679507255351 0.7526784539222717 1602
1679507255452 0.7522969245910645 1603
1679507255551 0.7524558901786804 1604
1679507255657 0.7521538734436035 1605
1679507255758 0.7530599236488342 1606
1679507255860 0.7524876594543457 1607
1679507255966 0.7522969245910645 1608
1679507256072 0.7523764371871948 1609
1679507256172 0.7522492408752441 1610
1679507256269 0.752551257610321 1611
1679507256368 0.7518359422683716 1612
1679507256474 0.7523764371871948 1613
1679507256578 0.7523286938667297 1614
1679507256679 0.7520744204521179 1615
1679507256781 0.7525989413261414 1616
1679507256887 0.7525830268859863 1617
1679507256987 0.7525989413261414 1618
1679507257088 0.7523128390312195 1619
1679507257189 0.7525989413261414 1620
1679507257297 0.7519789934158325 1621
1679507257398 0.7528055906295776 1622
1679507257497 0.7521379590034485 1623
1679507257597 0.7527579069137573 1624
1679507257714 0.7522174715995789 1625
1679507257820 0.7524241209030151 1626
1679507257919 0.7525830268859863 1627
1679507258020 0.7526307702064514 1628
1679507258126 0.7521856427192688 1629
1679507258229 0.7523605227470398 1630
1679507258328 0.7521856427192688 1631
1679507258428 0.7523286938667297 1632
1679507258533 0.752551257610321 1633
1679507258634 0.7521856427192688 1634
1679507258736 0.752551257610321 1635
1679507258836 0.7521538734436035 1636
1679507258943 0.7523764371871948 1637
1679507259042 0.7519472241401672 1638
1679507259142 0.7522969245910645 1639
1679507259242 0.7526625394821167 1640
1679507259348 0.7525671720504761 1641
1679507259450 0.7527419924736023 1642
1679507259553 0.7526466250419617 1643
1679507259662 0.7524876594543457 1644
1679507259778 0.7526466250419617 1645
1679507259882 0.7521379590034485 1646
1679507259987 0.7525035738945007 1647
1679507260089 0.7520744204521179 1648
1679507260198 0.7522015571594238 1649
1679507260299 0.752726137638092 1650
1679507260401 0.7527738213539124 1651
1679507260503 0.752694308757782 1652
1679507260602 0.7523605227470398 1653
1679507260707 0.7525194883346558 1654
1679507260807 0.7524558901786804 1655
1679507260915 0.7523922920227051 1656
1679507261019 0.7524558901786804 1657
1679507261125 0.752869188785553 1658
1679507261234 0.7523446083068848 1659
1679507261336 0.752551257610321 1660
1679507261439 0.7529486417770386 1661
1679507261539 0.7527579069137573 1662
1679507261639 0.7526307702064514 1663
1679507261767 0.752853274345398 1664
1679507261874 0.7526784539222717 1665
1679507261973 0.7525035738945007 1666
1679507262079 0.7526466250419617 1667
1679507262197 0.7526466250419617 1668
1679507262303 0.7526625394821167 1669
1679507262410 0.752726137638092 1670
1679507262512 0.7524876594543457 1671
1679507262617 0.752551257610321 1672
1679507262726 0.7525671720504761 1673
1679507262831 0.7528055906295776 1674
1679507262935 0.7523286938667297 1675
1679507263038 0.7525830268859863 1676
1679507263143 0.7525035738945007 1677
1679507263254 0.7529327869415283 1678
1679507263359 0.7525830268859863 1679
1679507263463 0.752869188785553 1680
1679507263566 0.7518359422683716 1681
1679507263669 0.7523922920227051 1682
1679507263786 0.7520585060119629 1683
1679507263888 0.7523922920227051 1684
1679507263991 0.7526784539222717 1685
1679507264092 0.7529327869415283 1686
1679507264191 0.7524399757385254 1687
1679507264303 0.7523605227470398 1688
1679507264404 0.7523128390312195 1689
1679507264505 0.7525194883346558 1690
1679507264606 0.7521221041679382 1691
1679507264705 0.7528055906295776 1692
1679507264809 0.7527419924736023 1693
1679507264917 0.752710223197937 1694
1679507265030 0.752710223197937 1695
1679507265133 0.7520744204521179 1696
1679507265237 0.7523605227470398 1697
1679507265341 0.752535343170166 1698
1679507265445 0.7522810101509094 1699
1679507265550 0.7530440092086792 1700
1679507265652 0.7522969245910645 1701
1679507265769 0.7518359422683716 1702
1679507265874 0.7520108222961426 1703
1679507265982 0.7521697878837585 1704
1679507266087 0.7524399757385254 1705
1679507266190 0.7523128390312195 1706
1679507266296 0.7524558901786804 1707
1679507266401 0.7529645562171936 1708
1679507266509 0.7521856427192688 1709
1679507266615 0.7526625394821167 1710
1679507266721 0.7524558901786804 1711
1679507266822 0.7525830268859863 1712
1679507266924 0.7523922920227051 1713
1679507267032 0.7522174715995789 1714
1679507267145 0.752535343170166 1715
1679507267255 0.7522651553153992 1716
1679507267365 0.7523286938667297 1717
1679507267470 0.7523286938667297 1718
1679507267578 0.7521697878837585 1719
1679507267680 0.752885103225708 1720
1679507267788 0.7529804706573486 1721
1679507267889 0.7524558901786804 1722
1679507267998 0.7521379590034485 1723
1679507268104 0.7524241209030151 1724
1679507268209 0.7522333264350891 1725
1679507268312 0.7527419924736023 1726
1679507268415 0.752535343170166 1727
1679507268522 0.7524399757385254 1728
1679507268637 0.7525035738945007 1729
1679507268743 0.7524876594543457 1730
1679507268845 0.7523286938667297 1731
1679507268948 0.7525194883346558 1732
1679507269049 0.752853274345398 1733
1679507269158 0.7525194883346558 1734
1679507269265 0.7523286938667297 1735
1679507269366 0.752710223197937 1736
1679507269479 0.7524718046188354 1737
1679507269582 0.7523605227470398 1738
1679507269685 0.752694308757782 1739
1679507269790 0.7526625394821167 1740
1679507269896 0.7524399757385254 1741
1679507270000 0.7525830268859863 1742
1679507270103 0.7526148557662964 1743
1679507270211 0.7523764371871948 1744
1679507270315 0.7527419924736023 1745
1679507270420 0.7521538734436035 1746
1679507270542 0.7523605227470398 1747
1679507270646 0.7525035738945007 1748
1679507270749 0.7526625394821167 1749
1679507270860 0.752885103225708 1750
1679507270965 0.7524876594543457 1751
1679507271073 0.7522651553153992 1752
1679507271176 0.7526466250419617 1753
1679507271284 0.752853274345398 1754
1679507271385 0.7521697878837585 1755
1679507271486 0.7526466250419617 1756
1679507271594 0.7530440092086792 1757
1679507271698 0.7523286938667297 1758
1679507271805 0.7529168725013733 1759
1679507271919 0.7527896761894226 1760
1679507272029 0.7522333264350891 1761
1679507272132 0.752551257610321 1762
1679507272232 0.7522015571594238 1763
1679507272340 0.7531235218048096 1764
1679507272442 0.7522969245910645 1765
1679507272552 0.7521379590034485 1766
1679507272658 0.7524876594543457 1767
1679507272765 0.7523605227470398 1768
1679507272870 0.7528373599052429 1769
1679507272973 0.7523128390312195 1770
1679507273078 0.7526307702064514 1771
1679507273187 0.7526466250419617 1772
1679507273293 0.7523286938667297 1773
1679507273405 0.7528373599052429 1774
1679507273508 0.7525671720504761 1775
1679507273612 0.752535343170166 1776
1679507273720 0.7524558901786804 1777
1679507273823 0.7525194883346558 1778
1679507273925 0.7522492408752441 1779
1679507274035 0.752853274345398 1780
1679507274137 0.7523128390312195 1781
1679507274244 0.7526625394821167 1782
1679507274346 0.7526784539222717 1783
1679507274451 0.752535343170166 1784
1679507274554 0.7525671720504761 1785
1679507274655 0.7524399757385254 1786
1679507274764 0.752551257610321 1787
1679507274869 0.752694308757782 1788
1679507274974 0.7524082064628601 1789
1679507275077 0.7522810101509094 1790
1679507275182 0.7526148557662964 1791
1679507275288 0.7527738213539124 1792
1679507275390 0.7523922920227051 1793
1679507275501 0.7530916929244995 1794
1679507275608 0.752726137638092 1795
1679507275718 0.7526784539222717 1796
1679507275825 0.752710223197937 1797
1679507275941 0.752869188785553 1798
1679507276042 0.752853274345398 1799
1679507276144 0.7524399757385254 1800
1679507276252 0.7529804706573486 1801
1679507276358 0.7526625394821167 1802
1679507276463 0.752853274345398 1803
1679507276565 0.7525989413261414 1804
1679507276674 0.7525671720504761 1805
1679507276780 0.7529168725013733 1806
1679507276879 0.7524876594543457 1807
1679507276983 0.7523922920227051 1808
1679507277091 0.7527419924736023 1809
1679507277193 0.7524558901786804 1810
1679507277295 0.7522492408752441 1811
1679507277404 0.7525830268859863 1812
1679507277509 0.7524876594543457 1813
1679507277617 0.752853274345398 1814
1679507277720 0.7525830268859863 1815
1679507277832 0.752535343170166 1816
1679507277942 0.7531712055206299 1817
1679507278047 0.7525830268859863 1818
1679507278154 0.7525194883346558 1819
1679507278255 0.7523922920227051 1820
1679507278357 0.7526784539222717 1821
1679507278461 0.7523446083068848 1822
1679507278567 0.7525194883346558 1823
1679507278672 0.752726137638092 1824
1679507278774 0.7522969245910645 1825
1679507278895 0.7529645562171936 1826
1679507278999 0.7525989413261414 1827
1679507279103 0.752885103225708 1828
1679507279213 0.7526784539222717 1829
1679507279315 0.7531076073646545 1830
1679507279419 0.7528215050697327 1831
1679507279521 0.7529963254928589 1832
1679507279623 0.7525671720504761 1833
1679507279724 0.7525671720504761 1834
1679507279823 0.7527419924736023 1835
1679507279936 0.7524399757385254 1836
1679507280045 0.7525989413261414 1837
1679507280148 0.7524876594543457 1838
1679507280251 0.7522492408752441 1839
1679507280357 0.752710223197937 1840
1679507280458 0.752535343170166 1841
1679507280561 0.7531712055206299 1842
1679507280674 0.7525671720504761 1843
1679507280779 0.7525035738945007 1844
1679507280881 0.7522651553153992 1845
1679507280988 0.7525035738945007 1846
1679507281093 0.7525035738945007 1847
1679507281207 0.7527896761894226 1848
1679507281312 0.7523446083068848 1849
1679507281413 0.7520585060119629 1850
1679507281517 0.752726137638092 1851
1679507281622 0.752869188785553 1852
1679507281739 0.752869188785553 1853
1679507281845 0.7527419924736023 1854
1679507281949 0.7532188892364502 1855
1679507282061 0.7529486417770386 1856
1679507282164 0.7526307702064514 1857
1679507282270 0.7526466250419617 1858
1679507282374 0.7528215050697327 1859
1679507282476 0.752551257610321 1860
1679507282579 0.7529804706573486 1861
1679507282680 0.7524558901786804 1862
1679507282783 0.7525830268859863 1863
1679507282893 0.7527896761894226 1864
1679507283004 0.7526307702064514 1865
1679507283105 0.7525830268859863 1866
1679507283213 0.7525671720504761 1867
1679507283323 0.7530122399330139 1868
1679507283427 0.7525830268859863 1869
1679507283532 0.752710223197937 1870
1679507283636 0.7525671720504761 1871
1679507283736 0.7525671720504761 1872
1679507283845 0.752535343170166 1873
1679507283950 0.7529804706573486 1874
1679507284062 0.7525830268859863 1875
1679507284167 0.7527419924736023 1876
1679507284272 0.7523605227470398 1877
1679507284375 0.752853274345398 1878
1679507284475 0.7530599236488342 1879
1679507284579 0.7530122399330139 1880
1679507284682 0.7526307702064514 1881
1679507284791 0.7526148557662964 1882
1679507284896 0.7526148557662964 1883
1679507284998 0.7528373599052429 1884
1679507285107 0.752853274345398 1885
1679507285217 0.7526625394821167 1886
1679507285320 0.7525194883346558 1887
1679507285424 0.7527579069137573 1888
1679507285533 0.752869188785553 1889
1679507285637 0.7525671720504761 1890
1679507285739 0.7525671720504761 1891
1679507285849 0.7529327869415283 1892
1679507285950 0.7526466250419617 1893
1679507286052 0.7524082064628601 1894
1679507286167 0.752869188785553 1895
1679507286270 0.7526466250419617 1896
1679507286372 0.7530916929244995 1897
1679507286476 0.7525671720504761 1898
1679507286584 0.7528055906295776 1899
1679507286685 0.7532029747962952 1900
1679507286788 0.7530440092086792 1901
1679507286899 0.7528373599052429 1902
1679507287001 0.7524241209030151 1903
1679507287111 0.7527419924736023 1904
1679507287212 0.7529009580612183 1905
1679507287320 0.7529327869415283 1906
1679507287424 0.7527896761894226 1907
1679507287526 0.7535368204116821 1908
1679507287636 0.7523764371871948 1909
1679507287739 0.7528055906295776 1910
1679507287840 0.7528373599052429 1911
1679507287948 0.7527579069137573 1912
1679507288051 0.7526466250419617 1913
1679507288162 0.7522492408752441 1914
1679507288273 0.7524876594543457 1915
1679507288373 0.7529168725013733 1916
1679507288476 0.7524718046188354 1917
1679507288590 0.7527419924736023 1918
1679507288695 0.7526307702064514 1919
1679507288798 0.752710223197937 1920
1679507288910 0.7531235218048096 1921
1679507289010 0.752535343170166 1922
1679507289118 0.752726137638092 1923
1679507289232 0.7530440092086792 1924
1679507289336 0.7527896761894226 1925
1679507289440 0.752726137638092 1926
1679507289547 0.7526625394821167 1927
1679507289651 0.7531393766403198 1928
1679507289754 0.7532188892364502 1929
1679507289856 0.7528055906295776 1930
1679507289958 0.7529009580612183 1931
1679507290069 0.753028154373169 1932
1679507290180 0.7527896761894226 1933
1679507290282 0.752853274345398 1934
1679507290386 0.7524718046188354 1935
1679507290492 0.7532983422279358 1936
1679507290594 0.7528215050697327 1937
1679507290708 0.7525830268859863 1938
1679507290814 0.7526307702064514 1939
1679507290920 0.7528373599052429 1940
1679507291029 0.7528055906295776 1941
1679507291134 0.7529009580612183 1942
1679507291237 0.7529486417770386 1943
1679507291350 0.7529963254928589 1944
1679507291452 0.7528373599052429 1945
1679507291552 0.752694308757782 1946
1679507291657 0.7526784539222717 1947
1679507291785 0.7522174715995789 1948
1679507291896 0.7527579069137573 1949
1679507292000 0.752694308757782 1950
1679507292105 0.752694308757782 1951
1679507292218 0.7525671720504761 1952
1679507292329 0.7530758380889893 1953
1679507292433 0.7527738213539124 1954
1679507292543 0.7525989413261414 1955
1679507292645 0.7532506585121155 1956
1679507292749 0.7529486417770386 1957
1679507292853 0.7525035738945007 1958
1679507292958 0.7526466250419617 1959
1679507293060 0.7526625394821167 1960
1679507293166 0.752885103225708 1961
1679507293276 0.7527419924736023 1962
1679507293383 0.7527579069137573 1963
1679507293484 0.7525671720504761 1964
1679507293591 0.752869188785553 1965
1679507293695 0.753028154373169 1966
1679507293800 0.7527419924736023 1967
1679507293905 0.7530599236488342 1968
1679507294009 0.7531712055206299 1969
1679507294113 0.7522492408752441 1970
1679507294227 0.752885103225708 1971
1679507294334 0.7525989413261414 1972
1679507294437 0.7527896761894226 1973
1679507294544 0.7526307702064514 1974
1679507294654 0.7529645562171936 1975
1679507294762 0.7527419924736023 1976
1679507294865 0.7526148557662964 1977
1679507294971 0.7532029747962952 1978
1679507295076 0.7528215050697327 1979
1679507295177 0.7525194883346558 1980
1679507295287 0.7525671720504761 1981
1679507295393 0.7524082064628601 1982
1679507295496 0.7525989413261414 1983
1679507295598 0.7527738213539124 1984
1679507295706 0.7525989413261414 1985
1679507295809 0.7524082064628601 1986
1679507295910 0.7531076073646545 1987
1679507296023 0.7525671720504761 1988
1679507296128 0.7527419924736023 1989
1679507296233 0.7524241209030151 1990
1679507296345 0.7524876594543457 1991
1679507296452 0.7528215050697327 1992
1679507296553 0.7526307702064514 1993
1679507296656 0.7528373599052429 1994
1679507296769 0.752869188785553 1995
1679507296873 0.7529009580612183 1996
1679507296979 0.7523286938667297 1997
1679507297091 0.752853274345398 1998
1679507297196 0.7530916929244995 1999
