1679507090834 0.6459239721298218 0
1679507090929 0.5983792543411255 1
1679507091022 0.571403443813324 2
1679507091116 0.5527591705322266 3
1679507091211 0.5403131246566772 4
1679507091305 0.5327835083007812 5
1679507091400 0.528482973575592 6
1679507091495 0.5261498689651489 7
1679507091591 0.5249461531639099 8
1679507091691 0.5240945816040039 9
1679507091787 0.5234988331794739 10
1679507091888 0.5230427384376526 11
1679507091983 0.5226650238037109 12
1679507092079 0.5224069952964783 13
1679507092173 0.5221174359321594 14
1679507092269 0.5218444466590881 15
1679507092364 0.5216596722602844 16
1679507092460 0.5214597582817078 17
1679507092560 0.5212650299072266 18
1679507092657 0.5210461616516113 19
1679507092763 0.5208890438079834 20
1679507092861 0.5207225680351257 21
1679507092957 0.5205710530281067 22
1679507093051 0.5203698873519897 23
1679507093146 0.5202197432518005 24
1679507093243 0.5201500654220581 25
1679507093337 0.5199494361877441 26
1679507093434 0.5198804140090942 27
1679507093530 0.5197184681892395 28
1679507093623 0.5196384787559509 29
1679507093716 0.5195330381393433 30
1679507093809 0.5193718075752258 31
1679507093902 0.5193435549736023 32
1679507093996 0.5191970467567444 33
1679507094095 0.5191048383712769 34
1679507094189 0.5189920663833618 35
1679507094284 0.5188714265823364 36
1679507094377 0.5188607573509216 37
1679507094473 0.5187196731567383 38
1679507094569 0.5186388492584229 39
1679507094665 0.5185727477073669 40
1679507094766 0.5185388326644897 41
1679507094878 0.5184201002120972 42
1679507094975 0.5183167457580566 43
1679507095072 0.5183231234550476 44
1679507095178 0.5181978344917297 45
1679507095275 0.5181007385253906 46
1679507095370 0.5180521011352539 47
1679507095469 0.5179903507232666 48
1679507095566 0.517900288105011 49
1679507095666 0.5178626775741577 50
1679507095764 0.5178133845329285 51
1679507095863 0.5177052617073059 52
1679507095963 0.5176612734794617 53
1679507096058 0.5175873637199402 54
1679507096157 0.5174998641014099 55
1679507096254 0.517449676990509 56
1679507096349 0.5174055099487305 57
1679507096460 0.5173316597938538 58
1679507096558 0.5172742009162903 59
1679507096654 0.517185628414154 60
1679507096752 0.517156720161438 61
1679507096852 0.5171104669570923 62
1679507096949 0.5170043110847473 63
1679507097055 0.5169897675514221 64
1679507097153 0.5169234275817871 65
1679507097254 0.5168766975402832 66
1679507097350 0.5167549848556519 67
1679507097446 0.5167576670646667 68
1679507097544 0.5166429877281189 69
1679507097643 0.516647219657898 70
1679507097739 0.5165696740150452 71
1679507097835 0.5165390372276306 72
1679507097936 0.516467273235321 73
1679507098048 0.5164405107498169 74
1679507098153 0.5163319706916809 75
1679507098258 0.516339898109436 76
1679507098361 0.5162338018417358 77
1679507098465 0.516194224357605 78
1679507098573 0.5161468982696533 79
1679507098682 0.5160990953445435 80
1679507098787 0.516027569770813 81
1679507098894 0.5159444212913513 82
1679507098994 0.5159221887588501 83
1679507099091 0.5158799886703491 84
1679507099189 0.5158423781394958 85
1679507099285 0.5157842636108398 86
1679507099383 0.5157151818275452 87
1679507099483 0.5156452059745789 88
1679507099581 0.5156468152999878 89
1679507099680 0.5155566334724426 90
1679507099779 0.5155279040336609 91
1679507099877 0.5154728889465332 92
1679507099978 0.5154320597648621 93
1679507100124 0.5153493881225586 94
1679507100231 0.5153028964996338 95
1679507100346 0.5152928233146667 96
1679507100448 0.5152350664138794 97
1679507100545 0.5151594877243042 98
1679507100642 0.5151216387748718 99
1679507100742 0.5150246024131775 100
1679507100842 0.5150077939033508 101
1679507100949 0.5149692893028259 102
1679507101053 0.5148881077766418 103
1679507101156 0.5148658156394958 104
1679507101259 0.5148046016693115 105
1679507101360 0.5147400498390198 106
1679507101460 0.5146868824958801 107
1679507101561 0.5146420001983643 108
1679507101659 0.5146065950393677 109
1679507101765 0.5144632458686829 110
1679507101866 0.5144985914230347 111
1679507101965 0.5144364237785339 112
1679507102063 0.5143933892250061 113
1679507102162 0.5143125057220459 114
1679507102262 0.5143146514892578 115
1679507102365 0.5142562985420227 116
1679507102462 0.5141783356666565 117
1679507102560 0.5141677260398865 118
1679507102659 0.5141059160232544 119
1679507102766 0.5140499472618103 120
1679507102874 0.5139528512954712 121
1679507102978 0.5139508843421936 122
1679507103081 0.5139123201370239 123
1679507103182 0.5138190388679504 124
1679507103283 0.5137989521026611 125
1679507103385 0.5137611627578735 126
1679507103488 0.5137072205543518 127
1679507103587 0.5136300921440125 128
1679507103689 0.5136119723320007 129
1679507103795 0.5135899782180786 130
1679507103903 0.5134595036506653 131
1679507104006 0.5134503841400146 132
1679507104114 0.5134038925170898 133
1679507104226 0.5133987665176392 134
1679507104331 0.5133233666419983 135
1679507104434 0.5132908821105957 136
1679507104541 0.5132002234458923 137
1679507104643 0.513188898563385 138
1679507104747 0.5132036805152893 139
1679507104860 0.5130960941314697 140
1679507104961 0.5130611658096313 141
1679507105063 0.5130053758621216 142
1679507105162 0.5129868984222412 143
1679507105261 0.5128688812255859 144
1679507105366 0.5128286480903625 145
1679507105465 0.5128213763237 146
1679507105567 0.5127832889556885 147
1679507105664 0.5127432942390442 148
1679507105761 0.5126945376396179 149
1679507105861 0.5126307606697083 150
1679507105959 0.5125761032104492 151
1679507106060 0.5125494599342346 152
1679507106161 0.5124642252922058 153
1679507106259 0.5124717950820923 154
1679507106355 0.5124260783195496 155
1679507106452 0.5123448967933655 156
1679507106552 0.5123153924942017 157
1679507106652 0.5122621655464172 158
1679507106749 0.5121905207633972 159
1679507106845 0.5121832489967346 160
1679507106943 0.5121604800224304 161
1679507107041 0.5121137499809265 162
1679507107135 0.5120822191238403 163
1679507107234 0.5119976997375488 164
1679507107330 0.5119483470916748 165
1679507107428 0.511915385723114 166
1679507107524 0.5118705034255981 167
1679507107627 0.5118998289108276 168
1679507107723 0.5118045806884766 169
1679507107824 0.5117688179016113 170
1679507107922 0.5117072463035583 171
1679507108018 0.5116788148880005 172
1679507108114 0.5116477608680725 173
1679507108212 0.5115677118301392 174
1679507108310 0.511579155921936 175
1679507108408 0.511532723903656 176
1679507108506 0.5114606022834778 177
1679507108606 0.5114084482192993 178
1679507108703 0.5113579630851746 179
1679507108800 0.5113515853881836 180
1679507108895 0.5113325119018555 181
1679507108993 0.5112670063972473 182
1679507109090 0.5112321972846985 183
1679507109186 0.5111857056617737 184
1679507109283 0.5111627578735352 185
1679507109377 0.5111189484596252 186
1679507109478 0.5110517144203186 187
1679507109576 0.5110368728637695 188
1679507109674 0.5110358595848083 189
1679507109777 0.5109665989875793 190
1679507109874 0.5109109878540039 191
1679507109972 0.5108990669250488 192
1679507110068 0.5108319520950317 193
1679507110167 0.5108568668365479 194
1679507110264 0.5107901692390442 195
1679507110363 0.5107731223106384 196
1679507110460 0.5107378959655762 197
1679507110555 0.5107023119926453 198
1679507110656 0.5106557607650757 199
1679507110757 0.5106168389320374 200
1679507110855 0.5106126070022583 201
1679507110960 0.5105705857276917 202
1679507111073 0.5104464292526245 203
1679507111177 0.5105172395706177 204
1679507111281 0.5103917717933655 205
1679507111384 0.5104036331176758 206
1679507111492 0.5103924870491028 207
1679507111595 0.5103874206542969 208
1679507111695 0.5102732181549072 209
1679507111794 0.5102762579917908 210
1679507111899 0.5102383494377136 211
1679507111996 0.5102313756942749 212
1679507112096 0.5101374387741089 213
1679507112199 0.5101342797279358 214
1679507112302 0.510112464427948 215
1679507112404 0.5101058483123779 216
1679507112505 0.5100757479667664 217
1679507112605 0.510031521320343 218
1679507112706 0.5099456310272217 219
1679507112805 0.5100030303001404 220
1679507112905 0.5098857879638672 221
1679507113002 0.5098560452461243 222
1679507113102 0.5097956657409668 223
1679507113200 0.5098348259925842 224
1679507113298 0.5097702145576477 225
1679507113396 0.5097547173500061 226
1679507113492 0.5097295045852661 227
1679507113592 0.5097305178642273 228
1679507113732 0.5097076892852783 229
1679507113837 0.509602427482605 230
1679507113946 0.5096622705459595 231
1679507114048 0.5095653533935547 232
1679507114151 0.50960373878479 233
1679507114249 0.509553849697113 234
1679507114347 0.5095251202583313 235
1679507114445 0.509478747844696 236
1679507114559 0.5094490051269531 237
1679507114664 0.5094490051269531 238
1679507114771 0.5094089508056641 239
1679507114869 0.5093166828155518 240
1679507114968 0.5092691779136658 241
1679507115073 0.5093467831611633 242
1679507115173 0.5092964768409729 243
1679507115270 0.5092388391494751 244
1679507115366 0.5092698931694031 245
1679507115462 0.5092146992683411 246
1679507115561 0.5091845989227295 247
1679507115667 0.5091816186904907 248
1679507115767 0.5091381669044495 249
1679507115868 0.5091443061828613 250
1679507115966 0.5091020464897156 251
1679507116063 0.5090781450271606 252
1679507116159 0.5090214610099792 253
1679507116257 0.5090250968933105 254
1679507116356 0.509013295173645 255
1679507116454 0.5089646577835083 256
1679507116550 0.5089309811592102 257
1679507116648 0.5089366436004639 258
1679507116748 0.508918046951294 259
1679507116845 0.5089067816734314 260
1679507116942 0.5088649988174438 261
1679507117045 0.5088706016540527 262
1679507117141 0.5088104605674744 263
1679507117242 0.5088505148887634 264
1679507117339 0.5087757706642151 265
1679507117444 0.5087966322898865 266
1679507117542 0.5086880326271057 267
1679507117644 0.5086773633956909 268
1679507117742 0.5087035894393921 269
1679507117840 0.5086739659309387 270
1679507117937 0.5086473226547241 271
1679507118034 0.5086723566055298 272
1679507118134 0.5085664391517639 273
1679507118232 0.508621096611023 274
1679507118331 0.5085424780845642 275
1679507118428 0.5085179209709167 276
1679507118528 0.5084807872772217 277
1679507118628 0.5084912776947021 278
1679507118727 0.5084783434867859 279
1679507118824 0.5084511041641235 280
1679507118921 0.508410632610321 281
1679507119020 0.5084247589111328 282
1679507119125 0.5083977580070496 283
1679507119232 0.5083898305892944 284
1679507119333 0.5083491206169128 285
1679507119438 0.5083707571029663 286
1679507119541 0.5083046555519104 287
1679507119640 0.5082854628562927 288
1679507119741 0.5082464814186096 289
1679507119846 0.5082359910011292 290
1679507119944 0.5082175135612488 291
1679507120046 0.5082349181175232 292
1679507120144 0.5081988573074341 293
1679507120241 0.508172333240509 294
1679507120337 0.5081758499145508 295
1679507120435 0.5081391930580139 296
1679507120532 0.5081118941307068 297
1679507120630 0.5081246495246887 298
1679507120734 0.5080629587173462 299
1679507120830 0.5080495476722717 300
1679507120926 0.5080565810203552 301
1679507121024 0.5079989433288574 302
1679507121121 0.5080392956733704 303
1679507121219 0.507991373538971 304
1679507121322 0.507963240146637 305
1679507121423 0.5079340934753418 306
1679507121523 0.507960855960846 307
1679507121630 0.5079370141029358 308
1679507121729 0.5079228281974792 309
1679507121829 0.5079113841056824 310
1679507121931 0.5078778266906738 311
1679507122032 0.5078595280647278 312
1679507122129 0.5078678727149963 313
1679507122238 0.507844865322113 314
1679507122339 0.5077294111251831 315
1679507122442 0.5078088045120239 316
1679507122547 0.5077382922172546 317
1679507122656 0.5077487230300903 318
1679507122765 0.5077702403068542 319
1679507122908 0.5076834559440613 320
1679507123013 0.5076649785041809 321
1679507123120 0.5076736211776733 322
1679507123262 0.5076891779899597 323
1679507123387 0.5076521039009094 324
1679507123508 0.507693886756897 325
1679507123650 0.5076048374176025 326
1679507123759 0.5075773596763611 327
1679507123891 0.507608950138092 328
1679507124003 0.5075920820236206 329
1679507124107 0.5075601935386658 330
1679507124207 0.5075705647468567 331
1679507124305 0.507542073726654 332
1679507124402 0.5075408816337585 333
1679507124502 0.5074706673622131 334
1679507124601 0.5074812769889832 335
1679507124702 0.5075089931488037 336
1679507124803 0.5074766278266907 337
1679507124899 0.5073930621147156 338
1679507124997 0.507439911365509 339
1679507125099 0.5074037313461304 340
1679507125207 0.5074027180671692 341
1679507125308 0.507391631603241 342
1679507125408 0.5073444247245789 343
1679507125507 0.5073384046554565 344
1679507125608 0.507396399974823 345
1679507125706 0.5072950720787048 346
1679507125807 0.5073489546775818 347
1679507125906 0.5073375701904297 348
1679507126005 0.5073301196098328 349
1679507126106 0.5072991847991943 350
1679507126204 0.5072472095489502 351
1679507126302 0.5072457194328308 352
1679507126400 0.5072553157806396 353
1679507126498 0.5071883797645569 354
1679507126607 0.5072118639945984 355
1679507126705 0.5071811676025391 356
1679507126802 0.5072091817855835 357
1679507126901 0.507169783115387 358
1679507126999 0.5071462392807007 359
1679507127103 0.5071223378181458 360
1679507127209 0.5070839524269104 361
1679507127313 0.507072925567627 362
1679507127419 0.507099449634552 363
1679507127520 0.5071000456809998 364
1679507127621 0.5071099400520325 365
1679507127726 0.5070425271987915 366
1679507127825 0.5069758296012878 367
1679507127923 0.507056713104248 368
1679507128026 0.5070183277130127 369
1679507128122 0.5070001482963562 370
1679507128219 0.5070112943649292 371
1679507128319 0.5069974660873413 372
1679507128418 0.5069770216941833 373
1679507128515 0.5069848299026489 374
1679507128611 0.5069686770439148 375
1679507128709 0.5069305896759033 376
1679507128807 0.5068874359130859 377
1679507128907 0.5069636106491089 378
1679507129002 0.506913959980011 379
1679507129100 0.5068500638008118 380
1679507129201 0.5068826675415039 381
1679507129301 0.5068508982658386 382
1679507129406 0.5068742036819458 383
1679507129505 0.5068569779396057 384
1679507129603 0.5068658590316772 385
1679507129701 0.5067477822303772 386
1679507129803 0.5068361163139343 387
1679507129903 0.5068071484565735 388
1679507130006 0.5067726373672485 389
1679507130105 0.5067724585533142 390
1679507130201 0.5067925453186035 391
1679507130298 0.5067379474639893 392
1679507130394 0.5067500472068787 393
1679507130489 0.5067156553268433 394
1679507130587 0.5067054033279419 395
1679507130696 0.5066947340965271 396
1679507130794 0.506670355796814 397
1679507130895 0.5066843032836914 398
1679507130993 0.5066781044006348 399
1679507131090 0.5066443681716919 400
1679507131187 0.50663822889328 401
1679507131287 0.5065975785255432 402
1679507131387 0.5066370368003845 403
1679507131486 0.5066054463386536 404
1679507131585 0.5066305994987488 405
1679507131680 0.5066335201263428 406
1679507131778 0.5065533518791199 407
1679507131882 0.5065578818321228 408
1679507131980 0.5065495371818542 409
1679507132077 0.5065556764602661 410
1679507132174 0.5065305233001709 411
1679507132278 0.5065476298332214 412
1679507132376 0.506502628326416 413
1679507132477 0.5064811706542969 414
1679507132574 0.5065160393714905 415
1679507132672 0.5064836740493774 416
1679507132768 0.5064820647239685 417
1679507132866 0.5064531564712524 418
1679507132966 0.5064631104469299 419
1679507133062 0.5064418315887451 420
1679507133168 0.5064102411270142 421
1679507133266 0.5064294934272766 422
1679507133364 0.5063981413841248 423
1679507133472 0.5064268112182617 424
1679507133575 0.5063505172729492 425
1679507133679 0.5063905119895935 426
1679507133782 0.5063892602920532 427
1679507133883 0.506335437297821 428
1679507133983 0.5063060522079468 429
1679507134083 0.506345272064209 430
1679507134182 0.5063146948814392 431
1679507134282 0.5063232779502869 432
1679507134382 0.5063426494598389 433
1679507134483 0.506275475025177 434
1679507134583 0.5063079595565796 435
1679507134682 0.5062288045883179 436
1679507134784 0.5062887072563171 437
1679507134884 0.5062182545661926 438
1679507134988 0.5062695145606995 439
1679507135091 0.5062899589538574 440
1679507135190 0.5062107443809509 441
1679507135293 0.5062293410301208 442
1679507135389 0.5062807202339172 443
1679507135485 0.506231963634491 444
1679507135593 0.5062124133110046 445
1679507135693 0.5061990022659302 446
1679507135791 0.5061447024345398 447
1679507135891 0.5061742663383484 448
1679507135989 0.5061790347099304 449
1679507136089 0.5061657428741455 450
1679507136190 0.5061368346214294 451
1679507136290 0.5061630010604858 452
1679507136389 0.5061537027359009 453
1679507136489 0.5061143636703491 454
1679507136586 0.5061580538749695 455
1679507136684 0.5060935020446777 456
1679507136789 0.5060830116271973 457
1679507136890 0.5061191916465759 458
1679507136989 0.5061076283454895 459
1679507137091 0.5061005353927612 460
1679507137190 0.5060579180717468 461
1679507137287 0.5060193538665771 462
1679507137385 0.5060667991638184 463
1679507137482 0.5060369372367859 464
1679507137591 0.5060071349143982 465
1679507137690 0.5059462189674377 466
1679507137788 0.5060248374938965 467
1679507137892 0.5059537887573242 468
1679507137997 0.50604647397995 469
1679507138095 0.505961537361145 470
1679507138194 0.5060030221939087 471
1679507138297 0.505965530872345 472
1679507138397 0.5059447288513184 473
1679507138493 0.5059459209442139 474
1679507138590 0.5059522986412048 475
1679507138689 0.5058997869491577 476
1679507138788 0.5059468746185303 477
1679507138888 0.5059197545051575 478
1679507138987 0.5059237480163574 479
1679507139091 0.5059279799461365 480
1679507139188 0.5059280395507812 481
1679507139284 0.5059033036231995 482
1679507139385 0.505865752696991 483
1679507139487 0.5058950185775757 484
1679507139587 0.5058548450469971 485
1679507139687 0.5058314204216003 486
1679507139786 0.5058507919311523 487
1679507139883 0.5058284997940063 488
1679507139988 0.505898118019104 489
1679507140088 0.505829393863678 490
1679507140190 0.5057942271232605 491
1679507140294 0.5057957768440247 492
1679507140397 0.5058521628379822 493
1679507140495 0.5058441162109375 494
1679507140594 0.5057896375656128 495
1679507140694 0.5057976841926575 496
1679507140795 0.5058006048202515 497
1679507140892 0.5058072209358215 498
1679507140991 0.5057826042175293 499
1679507141088 0.5057986974716187 500
1679507141191 0.5057834386825562 501
1679507141291 0.505796492099762 502
1679507141403 0.5057137608528137 503
1679507141503 0.5057730078697205 504
1679507141606 0.5057556629180908 505
1679507141706 0.5057365298271179 506
1679507141802 0.5057075023651123 507
1679507141901 0.5057381391525269 508
1679507142001 0.5057134628295898 509
1679507142100 0.505698561668396 510
1679507142204 0.5056698322296143 511
1679507142305 0.5057220458984375 512
1679507142407 0.5055963397026062 513
1679507142516 0.5057092308998108 514
1679507142615 0.5056685209274292 515
1679507142717 0.5056504607200623 516
1679507142820 0.5056186318397522 517
1679507142920 0.505678117275238 518
1679507143020 0.5056647062301636 519
1679507143125 0.5056322813034058 520
1679507143229 0.5056808590888977 521
1679507143327 0.5056222081184387 522
1679507143480 0.5056220293045044 523
1679507143593 0.5055702924728394 524
1679507143698 0.5055723786354065 525
1679507143802 0.5056344866752625 526
1679507143904 0.5056096315383911 527
1679507144005 0.5055776238441467 528
1679507144107 0.5056097507476807 529
1679507144214 0.5056057572364807 530
1679507144316 0.505581259727478 531
1679507144419 0.5055530071258545 532
1679507144518 0.5055614113807678 533
1679507144619 0.5055663585662842 534
1679507144752 0.5055325031280518 535
1679507144853 0.5055307149887085 536
1679507144951 0.5055530071258545 537
1679507145054 0.5055019855499268 538
1679507145152 0.5054972171783447 539
1679507145279 0.5055127739906311 540
1679507145380 0.5054649114608765 541
1679507145479 0.5054802298545837 542
1679507145578 0.5054641366004944 543
1679507145678 0.5054859519004822 544
1679507145775 0.5054647326469421 545
1679507145915 0.5054575204849243 546
1679507146020 0.5053876638412476 547
1679507146119 0.5055142641067505 548
1679507146218 0.5054444670677185 549
1679507146318 0.5053593516349792 550
1679507146416 0.505420982837677 551
1679507146548 0.5053974390029907 552
1679507146648 0.5054348707199097 553
1679507146746 0.5053834915161133 554
1679507146842 0.5054531693458557 555
1679507146944 0.5053499937057495 556
1679507147055 0.5054605007171631 557
1679507147156 0.5054051280021667 558
1679507147256 0.5053484439849854 559
1679507147357 0.5054038763046265 560
1679507147454 0.5053873062133789 561
1679507147556 0.505336582660675 562
1679507147654 0.5053626298904419 563
1679507147764 0.5053852200508118 564
1679507147864 0.5053550601005554 565
1679507147996 0.5053170323371887 566
1679507148100 0.5053671598434448 567
1679507148204 0.5053108930587769 568
1679507148305 0.5053353309631348 569
1679507148402 0.5053274631500244 570
1679507148502 0.5053136944770813 571
1679507148600 0.5053457617759705 572
1679507148698 0.5052863359451294 573
1679507148799 0.5053266286849976 574
1679507148903 0.5052927732467651 575
1679507149003 0.5053139925003052 576
1679507149104 0.5052399039268494 577
1679507149210 0.5052879452705383 578
1679507149319 0.5052547454833984 579
1679507149424 0.5052855014801025 580
1679507149527 0.5052964091300964 581
1679507149632 0.505268931388855 582
1679507149734 0.5052706599235535 583
1679507149837 0.505232572555542 584
1679507149938 0.5052086710929871 585
1679507150042 0.5052410960197449 586
1679507150150 0.5052019357681274 587
1679507150248 0.5052286982536316 588
1679507150356 0.5052364468574524 589
1679507150464 0.5052131414413452 590
1679507150565 0.5051950216293335 591
1679507150667 0.5051723718643188 592
1679507150771 0.5051766633987427 593
1679507150878 0.5052096843719482 594
1679507150979 0.5051479935646057 595
1679507151080 0.5052028298377991 596
1679507151184 0.5052005052566528 597
1679507151289 0.5051975250244141 598
1679507151390 0.5052065253257751 599
1679507151491 0.5051739811897278 600
1679507151594 0.5052022337913513 601
1679507151693 0.5051631331443787 602
1679507151804 0.5051575303077698 603
1679507151903 0.5051051378250122 604
1679507152001 0.5051389336585999 605
1679507152104 0.5051538348197937 606
1679507152208 0.5051555633544922 607
1679507152317 0.5051398873329163 608
1679507152449 0.5051019191741943 609
1679507152559 0.5051234364509583 610
1679507152662 0.5050865411758423 611
1679507152769 0.5051348209381104 612
1679507152876 0.5050953030586243 613
1679507152983 0.5050477981567383 614
1679507153092 0.5050913691520691 615
1679507153201 0.5051358938217163 616
1679507153305 0.5050691962242126 617
1679507153407 0.5050450563430786 618
1679507153514 0.5050914883613586 619
1679507153620 0.5050663948059082 620
1679507153722 0.5050681829452515 621
1679507153830 0.5049877166748047 622
1679507153934 0.5050445199012756 623
1679507154047 0.5049822330474854 624
1679507154155 0.5050405859947205 625
1679507154255 0.5050171613693237 626
1679507154357 0.5050271153450012 627
1679507154457 0.505075991153717 628
1679507154559 0.5050104260444641 629
1679507154663 0.5050240159034729 630
1679507154765 0.5050201416015625 631
1679507154862 0.5050269961357117 632
1679507154966 0.5049344897270203 633
1679507155065 0.504956066608429 634
1679507155166 0.5049205422401428 635
1679507155266 0.5050434470176697 636
1679507155363 0.5050400495529175 637
1679507155467 0.5050193071365356 638
1679507155568 0.5050075650215149 639
1679507155666 0.5049123764038086 640
1679507155765 0.5049713253974915 641
1679507155876 0.5049816966056824 642
1679507155973 0.5049566626548767 643
1679507156071 0.5049723386764526 644
1679507156169 0.5049024224281311 645
1679507156270 0.5049926042556763 646
1679507156369 0.5049659609794617 647
1679507156469 0.504966676235199 648
1679507156568 0.5049259662628174 649
1679507156672 0.5049366354942322 650
1679507156771 0.504938006401062 651
1679507156871 0.5049472451210022 652
1679507156968 0.5049145221710205 653
1679507157065 0.5049129128456116 654
1679507157163 0.5048580169677734 655
1679507157267 0.5049089789390564 656
1679507157365 0.5049430131912231 657
1679507157468 0.5048754811286926 658
1679507157568 0.5049026012420654 659
1679507157668 0.5048829913139343 660
1679507157769 0.5048839449882507 661
1679507157866 0.5048507452011108 662
1679507157967 0.5048475861549377 663
1679507158073 0.5048717856407166 664
1679507158174 0.5048903822898865 665
1679507158279 0.504828929901123 666
1679507158378 0.504869818687439 667
1679507158478 0.504875659942627 668
1679507158578 0.5048465132713318 669
1679507158677 0.5048395991325378 670
1679507158779 0.5047828555107117 671
1679507158877 0.5048819780349731 672
1679507158978 0.5048458576202393 673
1679507159082 0.5048355460166931 674
1679507159181 0.5048496723175049 675
1679507159280 0.5047997236251831 676
1679507159382 0.5047715306282043 677
1679507159483 0.504729151725769 678
1679507159591 0.5047792196273804 679
1679507159698 0.5048046708106995 680
1679507159803 0.5047249794006348 681
1679507159916 0.5047780871391296 682
1679507160038 0.5047590732574463 683
1679507160141 0.5047689080238342 684
1679507160243 0.5047898292541504 685
1679507160350 0.504766583442688 686
1679507160457 0.5048152208328247 687
1679507160559 0.5047607421875 688
1679507160660 0.5047927498817444 689
1679507160762 0.5047677159309387 690
1679507160871 0.504781186580658 691
1679507160977 0.5047042965888977 692
1679507161082 0.5047599077224731 693
1679507161187 0.5047600269317627 694
1679507161288 0.5047451853752136 695
1679507161428 0.5047290325164795 696
1679507161546 0.5046663284301758 697
1679507161667 0.5047101974487305 698
1679507161787 0.504767656326294 699
1679507161900 0.5047397017478943 700
1679507162018 0.5047200322151184 701
1679507162126 0.5047398209571838 702
1679507162228 0.5046759247779846 703
1679507162328 0.5046973824501038 704
1679507162428 0.5046955943107605 705
1679507162531 0.5047366619110107 706
1679507162636 0.5046593546867371 707
1679507162744 0.5047025084495544 708
1679507162843 0.5046905875205994 709
1679507162944 0.5046373009681702 710
1679507163048 0.5046337246894836 711
1679507163150 0.504700779914856 712
1679507163249 0.5045437216758728 713
1679507163347 0.5046728253364563 714
1679507163445 0.5046635270118713 715
1679507163541 0.5046303272247314 716
1679507163651 0.5046087503433228 717
1679507163751 0.504690945148468 718
1679507163851 0.5046577453613281 719
1679507163950 0.5046504735946655 720
1679507164056 0.5046409964561462 721
1679507164155 0.5046192407608032 722
1679507164256 0.5046485066413879 723
1679507164356 0.5046236515045166 724
1679507164458 0.5046311020851135 725
1679507164557 0.5046716928482056 726
1679507164656 0.5045697689056396 727
1679507164754 0.5046085715293884 728
1679507164855 0.5046078562736511 729
1679507164955 0.5046329498291016 730
1679507165053 0.5045831799507141 731
1679507165152 0.504601240158081 732
1679507165257 0.5045192837715149 733
1679507165362 0.504582405090332 734
1679507165462 0.5045996308326721 735
1679507165564 0.5045916438102722 736
1679507165666 0.5045556426048279 737
1679507165766 0.504503607749939 738
1679507165863 0.5045320987701416 739
1679507165960 0.5045138597488403 740
1679507166058 0.5045976638793945 741
1679507166170 0.5045717358589172 742
1679507166268 0.504575252532959 743
1679507166367 0.5045627355575562 744
1679507166467 0.5045766234397888 745
1679507166568 0.5045640468597412 746
1679507166669 0.5045448541641235 747
1679507166767 0.5045592784881592 748
1679507166865 0.504567563533783 749
1679507166979 0.504543125629425 750
1679507167090 0.5044674277305603 751
1679507167195 0.5045442581176758 752
1679507167299 0.5044589042663574 753
1679507167401 0.5045323371887207 754
1679507167502 0.5045280456542969 755
1679507167608 0.5045294165611267 756
1679507167710 0.5044532418251038 757
1679507167819 0.5045412182807922 758
1679507167920 0.5044951438903809 759
1679507168021 0.5045053958892822 760
1679507168123 0.5044726729393005 761
1679507168223 0.5044703483581543 762
1679507168328 0.5045329928398132 763
1679507168430 0.5044426918029785 764
1679507168535 0.5045148730278015 765
1679507168637 0.5044436454772949 766
1679507168737 0.5044926404953003 767
1679507168838 0.5045393705368042 768
1679507168938 0.5044465065002441 769
1679507169037 0.5044400691986084 770
1679507169136 0.5044959187507629 771
1679507169235 0.5044493079185486 772
1679507169341 0.5044487118721008 773
1679507169438 0.5044401288032532 774
1679507169540 0.5044403076171875 775
1679507169643 0.5044402480125427 776
1679507169742 0.5044683814048767 777
1679507169842 0.5044758319854736 778
1679507169941 0.5043538212776184 779
1679507170039 0.5044366717338562 780
1679507170146 0.5044499635696411 781
1679507170246 0.5044618844985962 782
1679507170345 0.5044265389442444 783
1679507170446 0.5044311881065369 784
1679507170546 0.5044229626655579 785
1679507170646 0.5043567419052124 786
1679507170748 0.5044830441474915 787
1679507170849 0.5044087171554565 788
1679507170949 0.5043732523918152 789
1679507171051 0.504435122013092 790
1679507171151 0.5043512582778931 791
1679507171251 0.5043462514877319 792
1679507171351 0.5043342709541321 793
1679507171450 0.5043755173683167 794
1679507171548 0.5044174194335938 795
1679507171652 0.5043936967849731 796
1679507171755 0.5043573975563049 797
1679507171860 0.5043392181396484 798
1679507171959 0.5043477416038513 799
1679507172058 0.5044139623641968 800
1679507172169 0.5043684840202332 801
1679507172269 0.504349410533905 802
1679507172368 0.5043450593948364 803
1679507172465 0.5043417811393738 804
1679507172562 0.5043655037879944 805
1679507172668 0.5043495893478394 806
1679507172768 0.5043370723724365 807
1679507172867 0.5043599605560303 808
1679507172964 0.5043467879295349 809
1679507173062 0.5043444633483887 810
1679507173163 0.5042910575866699 811
1679507173262 0.5043656826019287 812
1679507173361 0.5043732523918152 813
1679507173467 0.5042848587036133 814
1679507173572 0.504265546798706 815
1679507173671 0.5042995810508728 816
1679507173768 0.5042968392372131 817
1679507173868 0.5043368339538574 818
1679507173971 0.5043063163757324 819
1679507174070 0.5042885541915894 820
1679507174178 0.5043385624885559 821
1679507174283 0.5042049288749695 822
1679507174383 0.5043577551841736 823
1679507174488 0.5042365193367004 824
1679507174589 0.5042749643325806 825
1679507174687 0.5043022632598877 826
1679507174784 0.504247784614563 827
1679507174892 0.5042307376861572 828
1679507174991 0.5042810440063477 829
1679507175093 0.5042608976364136 830
1679507175190 0.504266619682312 831
1679507175291 0.5043179392814636 832
1679507175392 0.5042804479598999 833
1679507175493 0.5042524337768555 834
1679507175590 0.504285991191864 835
1679507175694 0.5042716860771179 836
1679507175794 0.504259467124939 837
1679507175894 0.5042631030082703 838
1679507175994 0.5042482018470764 839
1679507176094 0.5042695999145508 840
1679507176193 0.5042804479598999 841
1679507176295 0.5042125582695007 842
1679507176395 0.5042272806167603 843
1679507176500 0.5042497515678406 844
1679507176599 0.5042476654052734 845
1679507176699 0.5042396783828735 846
1679507176803 0.5042262673377991 847
1679507176905 0.5042325854301453 848
1679507177006 0.5042563080787659 849
1679507177109 0.5042072534561157 850
1679507177220 0.5042511224746704 851
1679507177326 0.504199743270874 852
1679507177430 0.5042213797569275 853
1679507177537 0.5042504072189331 854
1679507177642 0.504197359085083 855
1679507177749 0.5041580200195312 856
1679507177850 0.504148006439209 857
1679507177955 0.5041944980621338 858
1679507178068 0.5041533708572388 859
1679507178173 0.5041314363479614 860
1679507178283 0.504189670085907 861
1679507178386 0.5041612982749939 862
1679507178486 0.5041975378990173 863
1679507178586 0.5042132139205933 864
1679507178688 0.5041443705558777 865
1679507178790 0.5041802525520325 866
1679507178889 0.5041986703872681 867
1679507178992 0.504197359085083 868
1679507179092 0.5041718482971191 869
1679507179190 0.5041481852531433 870
1679507179290 0.5041203498840332 871
1679507179389 0.5041581392288208 872
1679507179502 0.5041565299034119 873
1679507179609 0.5041838884353638 874
1679507179712 0.5040574073791504 875
1679507179813 0.5041426420211792 876
1679507179917 0.5040889382362366 877
1679507180019 0.5041753053665161 878
1679507180118 0.5041224956512451 879
1679507180223 0.5041365027427673 880
1679507180336 0.5041019320487976 881
1679507180439 0.5040952563285828 882
1679507180538 0.5040783286094666 883
1679507180634 0.5040798187255859 884
1679507180735 0.5040943026542664 885
1679507180834 0.504142701625824 886
1679507180939 0.5041418075561523 887
1679507181039 0.5041483044624329 888
1679507181140 0.5041187405586243 889
1679507181241 0.504111647605896 890
1679507181339 0.504076361656189 891
1679507181440 0.504141092300415 892
1679507181539 0.5040509104728699 893
1679507181649 0.5040847659111023 894
1679507181751 0.5041160583496094 895
1679507181856 0.5040594339370728 896
1679507181957 0.5040947794914246 897
1679507182058 0.5041056871414185 898
1679507182156 0.5040624141693115 899
1679507182258 0.5040597915649414 900
1679507182363 0.504080593585968 901
1679507182464 0.5040352940559387 902
1679507182570 0.5040242075920105 903
1679507182669 0.5040687918663025 904
1679507182772 0.5040748715400696 905
1679507182875 0.5040398836135864 906
1679507182974 0.5040335655212402 907
1679507183071 0.5040954947471619 908
1679507183170 0.5039753317832947 909
1679507183289 0.5040292739868164 910
1679507183393 0.504071831703186 911
1679507183494 0.5040642619132996 912
1679507183590 0.5040507912635803 913
1679507183690 0.5040374398231506 914
1679507183806 0.5040332674980164 915
1679507183905 0.5040584802627563 916
1679507184006 0.5040593147277832 917
1679507184106 0.5040355920791626 918
1679507184204 0.5039985775947571 919
1679507184304 0.5040637254714966 920
1679507184409 0.5040459036827087 921
1679507184516 0.5040243268013 922
1679507184617 0.5040336847305298 923
1679507184716 0.5040463805198669 924
1679507184814 0.5040184259414673 925
1679507184912 0.504056990146637 926
1679507185011 0.5039433240890503 927
1679507185133 0.5039665699005127 928
1679507185238 0.5040439963340759 929
1679507185343 0.5039682984352112 930
1679507185443 0.504024088382721 931
1679507185540 0.5039346218109131 932
1679507185640 0.5039105415344238 933
1679507185748 0.504030168056488 934
1679507185848 0.5039142966270447 935
1679507185950 0.5039563775062561 936
1679507186049 0.5040242671966553 937
1679507186153 0.5039767622947693 938
1679507186255 0.5040062665939331 939
1679507186361 0.5039634704589844 940
1679507186461 0.5039978623390198 941
1679507186560 0.5040062665939331 942
1679507186659 0.5039964318275452 943
1679507186756 0.5039874911308289 944
1679507186855 0.5039237141609192 945
1679507186966 0.5039405226707458 946
1679507187068 0.5039587616920471 947
1679507187166 0.5039316415786743 948
1679507187264 0.5039299726486206 949
1679507187364 0.5039656162261963 950
1679507187462 0.5039790868759155 951
1679507187566 0.5039607882499695 952
1679507187666 0.5039299726486206 953
1679507187767 0.5039234161376953 954
1679507187866 0.5039833188056946 955
1679507187971 0.5039177536964417 956
1679507188073 0.5039499402046204 957
1679507188184 0.5039038062095642 958
1679507188285 0.5039061903953552 959
1679507188387 0.5039427876472473 960
1679507188489 0.5039231777191162 961
1679507188588 0.503913164138794 962
1679507188687 0.5039448738098145 963
1679507188796 0.503923773765564 964
1679507188897 0.5038068890571594 965
1679507188999 0.5039575695991516 966
1679507189099 0.5039121508598328 967
1679507189197 0.5038869976997375 968
1679507189297 0.5039244890213013 969
1679507189408 0.5038450360298157 970
1679507189508 0.5038809776306152 971
1679507189607 0.5039436221122742 972
1679507189704 0.503918468952179 973
1679507189805 0.5038748979568481 974
1679507189908 0.5038836598396301 975
1679507190014 0.5038893818855286 976
1679507190113 0.503875732421875 977
1679507190217 0.5038709044456482 978
1679507190316 0.503918468952179 979
1679507190415 0.5038609504699707 980
1679507190516 0.5038961172103882 981
1679507190628 0.5038841962814331 982
1679507190735 0.5038335919380188 983
1679507190837 0.5038715600967407 984
1679507190937 0.5038366317749023 985
1679507191038 0.5038658380508423 986
1679507191138 0.5038495659828186 987
1679507191243 0.5038474202156067 988
1679507191379 0.503792941570282 989
1679507191490 0.5038073658943176 990
1679507191643 0.5038363933563232 991
1679507191745 0.5038557052612305 992
1679507191846 0.5038493275642395 993
1679507191953 0.5038800835609436 994
1679507192052 0.5038765072822571 995
1679507192154 0.5038654804229736 996
1679507192268 0.5037805438041687 997
1679507192373 0.5038506984710693 998
1679507192473 0.5037961602210999 999
1679507192574 0.5038427710533142 1000
1679507192693 0.5038089752197266 1001
1679507192800 0.5038548111915588 1002
1679507192911 0.5038255453109741 1003
1679507193013 0.5038439631462097 1004
1679507193120 0.5038090944290161 1005
1679507193220 0.5038241147994995 1006
1679507193319 0.5037645697593689 1007
1679507193426 0.5038327574729919 1008
1679507193525 0.5038034319877625 1009
1679507193627 0.5038325190544128 1010
1679507193730 0.5038224458694458 1011
1679507193835 0.5038086175918579 1012
1679507193938 0.5037685632705688 1013
1679507194044 0.5038274526596069 1014
1679507194143 0.5037468671798706 1015
1679507194242 0.5038654208183289 1016
1679507194345 0.5038003921508789 1017
1679507194449 0.5037921071052551 1018
1679507194559 0.5037437677383423 1019
1679507194663 0.5037774443626404 1020
1679507194764 0.5037539601325989 1021
1679507194868 0.5037424564361572 1022
1679507194971 0.5038495063781738 1023
1679507195072 0.5037664771080017 1024
1679507195172 0.5037515759468079 1025
1679507195277 0.5037870407104492 1026
1679507195378 0.5038100481033325 1027
1679507195476 0.5038018226623535 1028
1679507195612 0.503795325756073 1029
1679507195718 0.503767192363739 1030
1679507195821 0.503791332244873 1031
1679507195929 0.503765881061554 1032
1679507196033 0.5037078857421875 1033
1679507196135 0.5037561058998108 1034
1679507196240 0.5037941932678223 1035
1679507196345 0.5037786960601807 1036
1679507196454 0.5037667751312256 1037
1679507196557 0.5037224888801575 1038
1679507196663 0.5037862658500671 1039
1679507196765 0.5037418007850647 1040
1679507196863 0.5037600994110107 1041
1679507196964 0.5037646293640137 1042
1679507197073 0.5037530660629272 1043
1679507197176 0.5036837458610535 1044
1679507197275 0.5037273168563843 1045
1679507197375 0.5037161111831665 1046
1679507197481 0.5037640929222107 1047
1679507197586 0.5037069320678711 1048
1679507197685 0.5037046074867249 1049
1679507197786 0.5037726163864136 1050
1679507197887 0.5037038922309875 1051
1679507197986 0.503724992275238 1052
1679507198084 0.5036695003509521 1053
1679507198190 0.5037199854850769 1054
1679507198292 0.5037098526954651 1055
1679507198394 0.503734290599823 1056
1679507198498 0.5037074089050293 1057
1679507198602 0.5036952495574951 1058
1679507198706 0.5037183165550232 1059
1679507198810 0.503685474395752 1060
1679507198912 0.503709614276886 1061
1679507199012 0.5037113428115845 1062
1679507199111 0.5036922097206116 1063
1679507199213 0.5036527514457703 1064
1679507199312 0.5036807656288147 1065
1679507199421 0.5036885142326355 1066
1679507199524 0.5036887526512146 1067
1679507199628 0.503724217414856 1068
1679507199727 0.503639280796051 1069
1679507199826 0.5036748647689819 1070
1679507199931 0.5036227703094482 1071
1679507200036 0.5036962628364563 1072
1679507200140 0.5036460161209106 1073
1679507200238 0.5036966800689697 1074
1679507200336 0.5036798119544983 1075
1679507200434 0.5036875605583191 1076
1679507200538 0.503637969493866 1077
1679507200640 0.503613293170929 1078
1679507200746 0.5036392211914062 1079
1679507200847 0.5036557912826538 1080
1679507200946 0.5036601424217224 1081
1679507201053 0.5036271214485168 1082
1679507201154 0.5036545395851135 1083
1679507201253 0.5036887526512146 1084
1679507201351 0.5036722421646118 1085
1679507201454 0.503646731376648 1086
1679507201559 0.503680944442749 1087
1679507201680 0.5035932064056396 1088
1679507201780 0.5036532282829285 1089
1679507201880 0.5036342740058899 1090
1679507201980 0.5036360025405884 1091
1679507202080 0.503619372844696 1092
1679507202186 0.5036467909812927 1093
1679507202285 0.5036129355430603 1094
1679507202383 0.5036276578903198 1095
1679507202483 0.5036314129829407 1096
1679507202582 0.5035962462425232 1097
1679507202693 0.5035877227783203 1098
1679507202797 0.5036065578460693 1099
1679507202896 0.5036581754684448 1100
1679507203000 0.5035918951034546 1101
1679507203099 0.5035486817359924 1102
1679507203202 0.503611147403717 1103
1679507203306 0.5036032795906067 1104
1679507203404 0.5036283135414124 1105
1679507203508 0.5036391615867615 1106
1679507203610 0.5036003589630127 1107
1679507203712 0.5036373138427734 1108
1679507203815 0.5036152601242065 1109
1679507203918 0.503607451915741 1110
1679507204019 0.5035772919654846 1111
1679507204118 0.5036023855209351 1112
1679507204226 0.5035542845726013 1113
1679507204331 0.5036159157752991 1114
1679507204434 0.5035127401351929 1115
1679507204537 0.5035778284072876 1116
1679507204640 0.5036095976829529 1117
1679507204747 0.5035897493362427 1118
1679507204848 0.5035855174064636 1119
1679507204961 0.5035468339920044 1120
1679507205063 0.5035656690597534 1121
1679507205164 0.5035499334335327 1122
1679507205263 0.5035344362258911 1123
1679507205365 0.5035248398780823 1124
1679507205472 0.5035480260848999 1125
1679507205575 0.5035296082496643 1126
1679507205676 0.5036218762397766 1127
1679507205782 0.5035223364830017 1128
1679507205881 0.5036052465438843 1129
1679507205987 0.5035322308540344 1130
1679507206091 0.5035738348960876 1131
1679507206192 0.5035845637321472 1132
1679507206291 0.503574788570404 1133
1679507206392 0.5035330057144165 1134
1679507206496 0.5035159587860107 1135
1679507206595 0.5035238265991211 1136
1679507206697 0.5035126209259033 1137
1679507206800 0.5035651922225952 1138
1679507206899 0.5035424828529358 1139
1679507207005 0.5035698413848877 1140
1679507207106 0.5035161375999451 1141
1679507207206 0.5035372972488403 1142
1679507207305 0.5035771727561951 1143
1679507207409 0.5035716891288757 1144
1679507207515 0.5035176277160645 1145
1679507207615 0.5035503506660461 1146
1679507207714 0.5034949779510498 1147
1679507207816 0.5035392642021179 1148
1679507207918 0.5035169124603271 1149
1679507208023 0.5035162568092346 1150
1679507208126 0.5034953355789185 1151
1679507208226 0.5035460591316223 1152
1679507208323 0.5034788846969604 1153
1679507208421 0.5035045742988586 1154
1679507208526 0.5035088658332825 1155
1679507208624 0.503541886806488 1156
1679507208721 0.5034853219985962 1157
1679507208828 0.5035041570663452 1158
1679507208932 0.5034930109977722 1159
1679507209039 0.503508448600769 1160
1679507209144 0.5034499168395996 1161
1679507209241 0.5034822225570679 1162
1679507209338 0.5034103989601135 1163
1679507209437 0.5034793019294739 1164
1679507209544 0.5035033822059631 1165
1679507209644 0.5034373998641968 1166
1679507209745 0.5034987330436707 1167
1679507209845 0.503484308719635 1168
1679507209946 0.5035111904144287 1169
1679507210051 0.503483772277832 1170
1679507210152 0.5035226345062256 1171
1679507210254 0.5034390687942505 1172
1679507210355 0.5034636855125427 1173
1679507210455 0.503523051738739 1174
1679507210566 0.5034821033477783 1175
1679507210665 0.5034626722335815 1176
1679507210765 0.5034734606742859 1177
1679507210866 0.5034325122833252 1178
1679507210966 0.5034141540527344 1179
1679507211070 0.5035041570663452 1180
1679507211176 0.5034523606300354 1181
1679507211273 0.5034412145614624 1182
1679507211372 0.5034103989601135 1183
1679507211472 0.5034247636795044 1184
1679507211615 0.5034609436988831 1185
1679507211717 0.5034309029579163 1186
1679507211816 0.5034471154212952 1187
1679507211918 0.503450870513916 1188
1679507212018 0.5034276247024536 1189
1679507212128 0.5034750699996948 1190
1679507212229 0.5034370422363281 1191
1679507212330 0.503457248210907 1192
1679507212428 0.5034447312355042 1193
1679507212524 0.5033835768699646 1194
1679507212632 0.503462553024292 1195
1679507212731 0.5034517049789429 1196
1679507212828 0.5034126043319702 1197
1679507212933 0.5034613013267517 1198
1679507213030 0.5034776926040649 1199
1679507213142 0.5034322142601013 1200
1679507213244 0.5033867955207825 1201
1679507213344 0.5033765435218811 1202
1679507213440 0.5033568739891052 1203
1679507213539 0.5033920407295227 1204
1679507213643 0.5034438371658325 1205
1679507213742 0.5033581256866455 1206
1679507213842 0.503396213054657 1207
1679507213945 0.5033848285675049 1208
1679507214045 0.5033342242240906 1209
1679507214155 0.5034087300300598 1210
1679507214256 0.5034056305885315 1211
1679507214353 0.503360390663147 1212
1679507214453 0.5033897161483765 1213
1679507214560 0.5033803582191467 1214
1679507214667 0.503423273563385 1215
1679507214769 0.5033682584762573 1216
1679507214870 0.5034197568893433 1217
1679507214972 0.5033987760543823 1218
1679507215073 0.5033806562423706 1219
1679507215184 0.5033850073814392 1220
1679507215286 0.5034010410308838 1221
1679507215389 0.5032963156700134 1222
1679507215492 0.5033926367759705 1223
1679507215593 0.50336754322052 1224
1679507215699 0.5033382773399353 1225
1679507215798 0.5033707022666931 1226
1679507215903 0.5033766627311707 1227
1679507216005 0.5033628344535828 1228
1679507216111 0.5034115314483643 1229
1679507216226 0.5033066868782043 1230
1679507216334 0.5033597350120544 1231
1679507216441 0.5033749938011169 1232
1679507216545 0.5033397674560547 1233
1679507216645 0.5033664107322693 1234
1679507216750 0.5033485293388367 1235
1679507216853 0.5033319592475891 1236
1679507216962 0.5033497214317322 1237
1679507217063 0.503300130367279 1238
1679507217167 0.503264844417572 1239
1679507217286 0.5033413767814636 1240
1679507217402 0.5033143758773804 1241
1679507217521 0.5033300518989563 1242
1679507217642 0.5033331513404846 1243
1679507217758 0.5033106207847595 1244
1679507217882 0.5032363533973694 1245
1679507217988 0.5033032894134521 1246
1679507218099 0.5033081769943237 1247
1679507218205 0.5033478736877441 1248
1679507218320 0.5033236742019653 1249
1679507218446 0.5033203959465027 1250
1679507218554 0.5033247470855713 1251
1679507218662 0.5033411979675293 1252
1679507218774 0.5032774209976196 1253
1679507218882 0.5032523274421692 1254
1679507219005 0.5033425092697144 1255
1679507219114 0.5032904744148254 1256
1679507219237 0.503267228603363 1257
1679507219348 0.503320038318634 1258
1679507219453 0.5033479332923889 1259
1679507219568 0.503304660320282 1260
1679507219682 0.5033248662948608 1261
1679507219786 0.5033453702926636 1262
1679507219888 0.5033271312713623 1263
1679507219993 0.5032501816749573 1264
1679507220110 0.5033321380615234 1265
1679507220230 0.5032780766487122 1266
1679507220336 0.5032874941825867 1267
1679507220450 0.5032711029052734 1268
1679507220563 0.5032792687416077 1269
1679507220676 0.5032925009727478 1270
1679507220786 0.5032512545585632 1271
1679507220894 0.5032945275306702 1272
1679507221014 0.5032604336738586 1273
1679507221128 0.5033143162727356 1274
1679507221239 0.5032914876937866 1275
1679507221347 0.5032539963722229 1276
1679507221455 0.503279447555542 1277
1679507221562 0.5033272504806519 1278
1679507221668 0.5032618641853333 1279
1679507221792 0.5032839179039001 1280
1679507221899 0.503242015838623 1281
1679507222002 0.5032548904418945 1282
1679507222106 0.503305971622467 1283
1679507222206 0.5032918453216553 1284
1679507222316 0.5032402873039246 1285
1679507222425 0.5032424926757812 1286
1679507222540 0.5032989978790283 1287
1679507222652 0.5032171010971069 1288
1679507222762 0.5032804012298584 1289
1679507222866 0.5032529234886169 1290
1679507222968 0.5032594203948975 1291
1679507223072 0.503167450428009 1292
1679507223174 0.5032021999359131 1293
1679507223286 0.5032699108123779 1294
1679507223403 0.5032281875610352 1295
1679507223505 0.5032742023468018 1296
1679507223608 0.5032472014427185 1297
1679507223717 0.5032435059547424 1298
1679507223821 0.5032172799110413 1299
1679507223929 0.5032770037651062 1300
1679507224034 0.5031241178512573 1301
1679507224137 0.5032273530960083 1302
1679507224244 0.5032020211219788 1303
1679507224351 0.5032047033309937 1304
1679507224460 0.5032470226287842 1305
1679507224571 0.5031806230545044 1306
1679507224678 0.5032600164413452 1307
1679507224787 0.5031638145446777 1308
1679507224889 0.5032607913017273 1309
1679507224992 0.503243088722229 1310
1679507225095 0.5031989812850952 1311
1679507225201 0.5031697750091553 1312
1679507225304 0.5032023191452026 1313
1679507225419 0.5031891465187073 1314
1679507225521 0.5032246708869934 1315
1679507225625 0.5032336711883545 1316
1679507225730 0.5031962990760803 1317
1679507225838 0.5031999945640564 1318
1679507225947 0.5032109022140503 1319
1679507226050 0.5032198429107666 1320
1679507226152 0.5032213926315308 1321
1679507226270 0.5032607913017273 1322
1679507226377 0.5031670928001404 1323
1679507226482 0.5032241344451904 1324
1679507226582 0.5031518936157227 1325
1679507226692 0.5031262040138245 1326
1679507226795 0.503178060054779 1327
1679507226897 0.5031701922416687 1328
1679507226999 0.5031910538673401 1329
1679507227102 0.503177285194397 1330
1679507227211 0.5031330585479736 1331
1679507227317 0.5031594038009644 1332
1679507227417 0.5031984448432922 1333
1679507227516 0.5031933784484863 1334
1679507227621 0.5031636357307434 1335
1679507227734 0.5031771063804626 1336
1679507227854 0.5031580924987793 1337
1679507227960 0.5031509399414062 1338
1679507228062 0.5031481981277466 1339
1679507228170 0.5031511783599854 1340
1679507228272 0.5031194090843201 1341
1679507228374 0.5031908750534058 1342
1679507228476 0.5031495094299316 1343
1679507228584 0.5031633973121643 1344
1679507228691 0.5031269192695618 1345
1679507228800 0.5032165050506592 1346
1679507228906 0.5031576752662659 1347
1679507229008 0.5031194686889648 1348
1679507229119 0.5031530857086182 1349
1679507229230 0.5031556487083435 1350
1679507229335 0.5031203627586365 1351
1679507229435 0.5031500458717346 1352
1679507229540 0.5031498074531555 1353
1679507229645 0.5031341910362244 1354
1679507229747 0.5031259655952454 1355
1679507229851 0.5031099319458008 1356
1679507229957 0.5031036734580994 1357
1679507230064 0.5031369924545288 1358
1679507230170 0.5030834674835205 1359
1679507230272 0.5030692219734192 1360
1679507230373 0.503128170967102 1361
1679507230483 0.5030978918075562 1362
1679507230595 0.5031473636627197 1363
1679507230702 0.5031117796897888 1364
1679507230809 0.5030904412269592 1365
1679507230912 0.5031503438949585 1366
1679507231018 0.5031307935714722 1367
1679507231126 0.5031324028968811 1368
1679507231236 0.5030898451805115 1369
1679507231343 0.5030512809753418 1370
1679507231453 0.5030313730239868 1371
1679507231572 0.5031332969665527 1372
1679507231674 0.5031343102455139 1373
1679507231793 0.5031013488769531 1374
1679507231897 0.5031391978263855 1375
1679507232011 0.5031185150146484 1376
1679507232120 0.5030457973480225 1377
1679507232223 0.5031574964523315 1378
1679507232328 0.5031105279922485 1379
1679507232436 0.5030646324157715 1380
1679507232541 0.5031027793884277 1381
1679507232644 0.5030696392059326 1382
1679507232748 0.5030690431594849 1383
1679507232852 0.5031299591064453 1384
1679507232962 0.5031024217605591 1385
1679507233068 0.5030192136764526 1386
1679507233169 0.5031309723854065 1387
1679507233278 0.5030069947242737 1388
1679507233383 0.5031089782714844 1389
1679507233498 0.5030488967895508 1390
1679507233600 0.5030465722084045 1391
1679507233703 0.5030787587165833 1392
1679507233806 0.5030648708343506 1393
1679507233919 0.5030529499053955 1394
1679507234028 0.5030509233474731 1395
1679507234133 0.5030837059020996 1396
1679507234240 0.5030956864356995 1397
1679507234352 0.5030258297920227 1398
1679507234459 0.5030180215835571 1399
1679507234564 0.5030434727668762 1400
1679507234667 0.5031002759933472 1401
1679507234772 0.5030662417411804 1402
1679507234872 0.5030291080474854 1403
1679507234976 0.5030511021614075 1404
1679507235082 0.5030593872070312 1405
1679507235184 0.5030221343040466 1406
1679507235291 0.5030808448791504 1407
1679507235394 0.5030477643013 1408
1679507235495 0.5030807256698608 1409
1679507235607 0.5030468106269836 1410
1679507235708 0.5030333995819092 1411
1679507235806 0.5030034184455872 1412
1679507235907 0.5030030012130737 1413
1679507236012 0.5029911994934082 1414
1679507236117 0.5029704570770264 1415
1679507236225 0.5030364394187927 1416
1679507236326 0.5030293464660645 1417
1679507236426 0.5030206441879272 1418
1679507236525 0.503059983253479 1419
1679507236622 0.5029529333114624 1420
1679507236729 0.5030239224433899 1421
1679507236831 0.5030056238174438 1422
1679507236935 0.5029653906822205 1423
1679507237034 0.5030401945114136 1424
1679507237143 0.5030393600463867 1425
1679507237244 0.503000020980835 1426
1679507237349 0.5030701756477356 1427
1679507237453 0.5030460953712463 1428
1679507237563 0.502994179725647 1429
1679507237664 0.5030137896537781 1430
1679507237764 0.5030250549316406 1431
1679507237862 0.502997875213623 1432
1679507237967 0.5030122995376587 1433
1679507238068 0.5029991865158081 1434
1679507238169 0.5030261278152466 1435
1679507238269 0.5029243230819702 1436
1679507238371 0.5029445290565491 1437
1679507238479 0.5029926896095276 1438
1679507238586 0.5029817819595337 1439
1679507238687 0.5030131936073303 1440
1679507238791 0.5030063986778259 1441
1679507238893 0.5030653476715088 1442
1679507238992 0.5029678344726562 1443
1679507239095 0.5030244588851929 1444
1679507239199 0.5029920339584351 1445
1679507239311 0.5029628276824951 1446
1679507239410 0.502933144569397 1447
1679507239515 0.5030041933059692 1448
1679507239617 0.502970814704895 1449
1679507239725 0.5029962062835693 1450
1679507239825 0.5030295848846436 1451
1679507239925 0.5029956102371216 1452
1679507240025 0.5029484033584595 1453
1679507240130 0.5029939413070679 1454
1679507240229 0.5029565691947937 1455
1679507240332 0.5028937458992004 1456
1679507240435 0.5029411315917969 1457
1679507240536 0.5030000805854797 1458
1679507240635 0.5030081868171692 1459
1679507240748 0.5029531717300415 1460
1679507240851 0.5029292702674866 1461
1679507240952 0.5029656887054443 1462
1679507241053 0.5029429197311401 1463
1679507241161 0.5030173063278198 1464
1679507241259 0.5029447078704834 1465
1679507241367 0.5029201507568359 1466
1679507241469 0.5029553771018982 1467
1679507241574 0.5029729008674622 1468
1679507241674 0.5028696060180664 1469
1679507241777 0.502956211566925 1470
1679507241878 0.5029869079589844 1471
1679507241990 0.5029483437538147 1472
1679507242091 0.5029670596122742 1473
1679507242191 0.5029535889625549 1474
1679507242294 0.5029434561729431 1475
1679507242398 0.5029560923576355 1476
1679507242498 0.5029723048210144 1477
1679507242604 0.5028489828109741 1478
1679507242703 0.5029178857803345 1479
1679507242809 0.5029257535934448 1480
1679507242911 0.5029271841049194 1481
1679507243011 0.5029710531234741 1482
1679507243109 0.5029540061950684 1483
1679507243216 0.5029088258743286 1484
1679507243315 0.5028817653656006 1485
1679507243416 0.5028935670852661 1486
1679507243515 0.5028946399688721 1487
1679507243619 0.5029221177101135 1488
1679507243721 0.5029023289680481 1489
1679507243825 0.502925455570221 1490
1679507243924 0.502919614315033 1491
1679507244028 0.5029418468475342 1492
1679507244126 0.5029298067092896 1493
1679507244230 0.5029048919677734 1494
1679507244330 0.5028659105300903 1495
1679507244433 0.5029522776603699 1496
1679507244536 0.5028970837593079 1497
1679507244637 0.5029067993164062 1498
1679507244746 0.50290846824646 1499
1679507244845 0.5029736757278442 1500
1679507244944 0.5028824806213379 1501
1679507245047 0.5028547644615173 1502
1679507245161 0.5029181838035583 1503
1679507245259 0.5028712749481201 1504
1679507245359 0.5029630661010742 1505
1679507245464 0.5028060078620911 1506
1679507245563 0.5028794407844543 1507
1679507245669 0.5028761625289917 1508
1679507245771 0.5028978586196899 1509
1679507245869 0.5028368830680847 1510
1679507245967 0.5028662085533142 1511
1679507246075 0.5028316974639893 1512
1679507246175 0.5029184222221375 1513
1679507246274 0.5028201341629028 1514
1679507246378 0.5028404593467712 1515
1679507246488 0.5028914213180542 1516
1679507246588 0.5028907656669617 1517
1679507246687 0.5028745532035828 1518
1679507246785 0.5028481483459473 1519
1679507246892 0.502856969833374 1520
1679507246990 0.5028936862945557 1521
1679507247088 0.5028070211410522 1522
1679507247191 0.502917468547821 1523
1679507247300 0.5028899908065796 1524
1679507247399 0.5028393268585205 1525
1679507247512 0.502892792224884 1526
1679507247616 0.5027997493743896 1527
1679507247719 0.5029071569442749 1528
1679507247823 0.5028475522994995 1529
1679507247922 0.5028645396232605 1530
1679507248023 0.5028555989265442 1531
1679507248126 0.5028364062309265 1532
1679507248232 0.5028591156005859 1533
1679507248330 0.5028713941574097 1534
1679507248429 0.5028208494186401 1535
1679507248529 0.5028720498085022 1536
1679507248638 0.5028817653656006 1537
1679507248739 0.5028126239776611 1538
1679507248840 0.5028570890426636 1539
1679507248943 0.5027786493301392 1540
1679507249048 0.5028698444366455 1541
1679507249149 0.502791166305542 1542
1679507249250 0.5028250217437744 1543
1679507249348 0.5028350353240967 1544
1679507249469 0.5028286576271057 1545
1679507249568 0.5028558373451233 1546
1679507249668 0.502855658531189 1547
1679507249770 0.5028072595596313 1548
1679507249875 0.5027925372123718 1549
1679507249975 0.5028356313705444 1550
1679507250075 0.5028524398803711 1551
1679507250176 0.5028361678123474 1552
1679507250288 0.5028500556945801 1553
1679507250388 0.502781331539154 1554
1679507250491 0.5027448534965515 1555
1679507250592 0.5027930736541748 1556
1679507250703 0.5027744770050049 1557
1679507250805 0.5027003884315491 1558
1679507250905 0.5028203129768372 1559
1679507251003 0.5028178691864014 1560
1679507251113 0.5027561783790588 1561
1679507251214 0.5028027892112732 1562
1679507251315 0.5028339624404907 1563
1679507251420 0.5028601288795471 1564
1679507251532 0.5027955174446106 1565
1679507251631 0.5026929974555969 1566
1679507251759 0.5028237104415894 1567
1679507251863 0.5027943849563599 1568
1679507251970 0.5028334856033325 1569
1679507252069 0.5027678608894348 1570
1679507252173 0.5027755498886108 1571
1679507252271 0.502789318561554 1572
1679507252379 0.502759575843811 1573
1679507252481 0.502829909324646 1574
1679507252582 0.5028008222579956 1575
1679507252681 0.5028038024902344 1576
1679507252790 0.5028331875801086 1577
1679507252891 0.502693772315979 1578
1679507252993 0.5027530193328857 1579
1679507253099 0.5026974678039551 1580
1679507253208 0.5027331113815308 1581
1679507253308 0.502834677696228 1582
1679507253407 0.50278639793396 1583
1679507253505 0.5027866363525391 1584
1679507253616 0.5027555823326111 1585
1679507253719 0.5027696490287781 1586
1679507253821 0.5027899146080017 1587
1679507253920 0.5028018951416016 1588
1679507254029 0.5027877688407898 1589
1679507254128 0.5027610063552856 1590
1679507254226 0.5028175711631775 1591
1679507254330 0.5027869939804077 1592
1679507254437 0.5027490258216858 1593
1679507254535 0.5028141736984253 1594
1679507254635 0.5027872920036316 1595
1679507254734 0.5027571320533752 1596
1679507254845 0.5027094483375549 1597
1679507254946 0.5027201771736145 1598
1679507255045 0.5027634501457214 1599
1679507255142 0.5027401447296143 1600
1679507255251 0.5027753710746765 1601
1679507255351 0.5027412176132202 1602
1679507255452 0.5027692914009094 1603
1679507255551 0.5027387142181396 1604
1679507255657 0.5027390122413635 1605
1679507255758 0.5026965737342834 1606
1679507255860 0.5027860999107361 1607
1679507255966 0.5027135610580444 1608
1679507256072 0.5027359127998352 1609
1679507256172 0.5027547478675842 1610
1679507256269 0.5027288198471069 1611
1679507256368 0.5027867555618286 1612
1679507256474 0.5027260780334473 1613
1679507256578 0.5027378797531128 1614
1679507256679 0.5027350783348083 1615
1679507256781 0.5027551054954529 1616
1679507256887 0.502694308757782 1617
1679507256987 0.5026527643203735 1618
1679507257088 0.5026860237121582 1619
1679507257189 0.502699077129364 1620
1679507257297 0.5027037262916565 1621
1679507257398 0.5027559995651245 1622
1679507257497 0.5027074813842773 1623
1679507257597 0.502676248550415 1624
1679507257714 0.5026928782463074 1625
1679507257820 0.5027400851249695 1626
1679507257919 0.5026578307151794 1627
1679507258020 0.5027449131011963 1628
1679507258126 0.5026942491531372 1629
1679507258229 0.5027604699134827 1630
1679507258328 0.5027272701263428 1631
1679507258428 0.5027222633361816 1632
1679507258533 0.5026102662086487 1633
1679507258634 0.5026639103889465 1634
1679507258736 0.5027122497558594 1635
1679507258836 0.5027087330818176 1636
1679507258943 0.5026860237121582 1637
1679507259042 0.5027353167533875 1638
1679507259142 0.5026705861091614 1639
1679507259242 0.5026946067810059 1640
1679507259348 0.5026825070381165 1641
1679507259450 0.502729058265686 1642
1679507259553 0.5027077794075012 1643
1679507259662 0.50263911485672 1644
1679507259778 0.5026190280914307 1645
1679507259882 0.502752423286438 1646
1679507259987 0.5026549100875854 1647
1679507260089 0.5026624798774719 1648
1679507260198 0.5026605129241943 1649
1679507260299 0.502606213092804 1650
1679507260401 0.5026766061782837 1651
1679507260503 0.5026487112045288 1652
1679507260602 0.5027257800102234 1653
1679507260707 0.5026355981826782 1654
1679507260807 0.5026711225509644 1655
1679507260915 0.5026482343673706 1656
1679507261019 0.5026708245277405 1657
1679507261125 0.5026286244392395 1658
1679507261234 0.5026715993881226 1659
1679507261336 0.5026468634605408 1660
1679507261439 0.5026325583457947 1661
1679507261539 0.5026992559432983 1662
1679507261639 0.5026276111602783 1663
1679507261767 0.502682626247406 1664
1679507261874 0.5026387572288513 1665
1679507261973 0.5025937557220459 1666
1679507262079 0.5026394128799438 1667
1679507262197 0.502636194229126 1668
1679507262303 0.5026617646217346 1669
1679507262410 0.5026648640632629 1670
1679507262512 0.502635657787323 1671
1679507262617 0.5026317834854126 1672
1679507262726 0.5026166439056396 1673
1679507262831 0.5026446580886841 1674
1679507262935 0.5026572942733765 1675
1679507263038 0.5026530623435974 1676
1679507263143 0.5025156140327454 1677
1679507263254 0.502593994140625 1678
1679507263359 0.5026214122772217 1679
1679507263463 0.5025750398635864 1680
1679507263566 0.5026142001152039 1681
1679507263669 0.5026573538780212 1682
1679507263786 0.502622127532959 1683
1679507263888 0.5026298761367798 1684
1679507263991 0.5026063919067383 1685
1679507264092 0.5025763511657715 1686
1679507264191 0.5026410222053528 1687
1679507264303 0.5026610493659973 1688
1679507264404 0.5026066899299622 1689
1679507264505 0.5026532411575317 1690
1679507264606 0.5026508569717407 1691
1679507264705 0.5026070475578308 1692
1679507264809 0.5026382207870483 1693
1679507264917 0.5026351809501648 1694
1679507265030 0.5025990009307861 1695
1679507265133 0.5025374293327332 1696
1679507265237 0.5026087760925293 1697
1679507265341 0.5026088953018188 1698
1679507265445 0.5025826096534729 1699
1679507265550 0.5025867819786072 1700
1679507265652 0.5026132464408875 1701
1679507265769 0.502590000629425 1702
1679507265874 0.5026358366012573 1703
1679507265982 0.5025818943977356 1704
1679507266087 0.5026285648345947 1705
1679507266190 0.502623438835144 1706
1679507266296 0.5025595426559448 1707
1679507266401 0.5025956034660339 1708
1679507266509 0.5026185512542725 1709
1679507266615 0.5026265382766724 1710
1679507266721 0.502598226070404 1711
1679507266822 0.5026533603668213 1712
1679507266924 0.5025655031204224 1713
1679507267032 0.502564549446106 1714
1679507267145 0.5025529265403748 1715
1679507267255 0.5025124549865723 1716
1679507267365 0.5026184916496277 1717
1679507267470 0.5025810599327087 1718
1679507267578 0.5025777816772461 1719
1679507267680 0.5025913119316101 1720
1679507267788 0.5025396943092346 1721
1679507267889 0.5025800466537476 1722
1679507267998 0.5025533437728882 1723
1679507268104 0.5025801658630371 1724
1679507268209 0.5025450587272644 1725
1679507268312 0.5025722980499268 1726
1679507268415 0.5026114583015442 1727
1679507268522 0.5026047825813293 1728
1679507268637 0.5025564432144165 1729
1679507268743 0.5025665163993835 1730
1679507268845 0.5025863647460938 1731
1679507268948 0.5025671124458313 1732
1679507269049 0.5025086998939514 1733
1679507269158 0.5025049448013306 1734
1679507269265 0.5025520920753479 1735
1679507269366 0.5025774240493774 1736
1679507269479 0.502554178237915 1737
1679507269582 0.5025972127914429 1738
1679507269685 0.5024979710578918 1739
1679507269790 0.5025752186775208 1740
1679507269896 0.5025467276573181 1741
1679507270000 0.5025737285614014 1742
1679507270103 0.5025396347045898 1743
1679507270211 0.5025763511657715 1744
1679507270315 0.5025175213813782 1745
1679507270420 0.5025559067726135 1746
1679507270542 0.5025470852851868 1747
1679507270646 0.5025486350059509 1748
1679507270749 0.5025503039360046 1749
1679507270860 0.5025032162666321 1750
1679507270965 0.5025416612625122 1751
1679507271073 0.5025591850280762 1752
1679507271176 0.5024988651275635 1753
1679507271284 0.5024704933166504 1754
1679507271385 0.5025664567947388 1755
1679507271486 0.5024810433387756 1756
1679507271594 0.5025225281715393 1757
1679507271698 0.5025454163551331 1758
1679507271805 0.5025162696838379 1759
1679507271919 0.5025237202644348 1760
1679507272029 0.5025185942649841 1761
1679507272132 0.5024966597557068 1762
1679507272232 0.5025683641433716 1763
1679507272340 0.5024992823600769 1764
1679507272442 0.5024880766868591 1765
1679507272552 0.502512514591217 1766
1679507272658 0.5025076866149902 1767
1679507272765 0.5025109648704529 1768
1679507272870 0.5024637579917908 1769
1679507272973 0.5025517344474792 1770
1679507273078 0.5024944543838501 1771
1679507273187 0.5024709105491638 1772
1679507273293 0.5025078654289246 1773
1679507273405 0.502493679523468 1774
1679507273508 0.502450168132782 1775
1679507273612 0.502498984336853 1776
1679507273720 0.5025309920310974 1777
1679507273823 0.5024815201759338 1778
1679507273925 0.5025069117546082 1779
1679507274035 0.5024519562721252 1780
1679507274137 0.502509355545044 1781
1679507274244 0.5024375915527344 1782
1679507274346 0.502469539642334 1783
1679507274451 0.5025374293327332 1784
1679507274554 0.5025030970573425 1785
1679507274655 0.5025323629379272 1786
1679507274764 0.5024744272232056 1787
1679507274869 0.5024991035461426 1788
1679507274974 0.5024837851524353 1789
1679507275077 0.5025111436843872 1790
1679507275182 0.5024195313453674 1791
1679507275288 0.5024522542953491 1792
1679507275390 0.5024955868721008 1793
1679507275501 0.5024336576461792 1794
1679507275608 0.5024821162223816 1795
1679507275718 0.5024584531784058 1796
1679507275825 0.5025061964988708 1797
1679507275941 0.5023947954177856 1798
1679507276042 0.5024598240852356 1799
1679507276144 0.5024532675743103 1800
1679507276252 0.5024610757827759 1801
1679507276358 0.5024625062942505 1802
1679507276463 0.5025114417076111 1803
1679507276565 0.5024430155754089 1804
1679507276674 0.5024896264076233 1805
1679507276780 0.502427339553833 1806
1679507276879 0.502459704875946 1807
1679507276983 0.5024487376213074 1808
1679507277091 0.502451479434967 1809
1679507277193 0.5024409890174866 1810
1679507277295 0.5024498105049133 1811
1679507277404 0.5024632215499878 1812
1679507277509 0.5024647116661072 1813
1679507277617 0.5024647116661072 1814
1679507277720 0.5024511814117432 1815
1679507277832 0.5023714900016785 1816
1679507277942 0.5024787187576294 1817
1679507278047 0.5023947954177856 1818
1679507278154 0.5025461912155151 1819
1679507278255 0.502433180809021 1820
1679507278357 0.5024442076683044 1821
1679507278461 0.5024074912071228 1822
1679507278567 0.5024467706680298 1823
1679507278672 0.5024235844612122 1824
1679507278774 0.5024102926254272 1825
1679507278895 0.5023771524429321 1826
1679507278999 0.5024211406707764 1827
1679507279103 0.5024277567863464 1828
1679507279213 0.5024048089981079 1829
1679507279315 0.5024564862251282 1830
1679507279419 0.5024241209030151 1831
1679507279521 0.5024311542510986 1832
1679507279623 0.5023836493492126 1833
1679507279724 0.5024462938308716 1834
1679507279823 0.502435564994812 1835
1679507279936 0.5024363994598389 1836
1679507280045 0.5024064183235168 1837
1679507280148 0.502404510974884 1838
1679507280251 0.5023899078369141 1839
1679507280357 0.5024462342262268 1840
1679507280458 0.5024389624595642 1841
1679507280561 0.5023642778396606 1842
1679507280674 0.5024126172065735 1843
1679507280779 0.5023999810218811 1844
1679507280881 0.5024359822273254 1845
1679507280988 0.5024063587188721 1846
1679507281093 0.502378523349762 1847
1679507281207 0.5023438930511475 1848
1679507281312 0.5023926496505737 1849
1679507281413 0.5024294853210449 1850
1679507281517 0.5023812055587769 1851
1679507281622 0.5023424029350281 1852
1679507281739 0.5024195909500122 1853
1679507281845 0.5023927688598633 1854
1679507281949 0.5022315382957458 1855
1679507282061 0.5023505687713623 1856
1679507282164 0.5024064183235168 1857
1679507282270 0.5023344159126282 1858
1679507282374 0.5024442672729492 1859
1679507282476 0.5023587346076965 1860
1679507282579 0.5023783445358276 1861
1679507282680 0.5023878216743469 1862
1679507282783 0.50238436460495 1863
1679507282893 0.502377450466156 1864
1679507283004 0.5024003982543945 1865
1679507283105 0.5023928284645081 1866
1679507283213 0.5023991465568542 1867
1679507283323 0.5023298263549805 1868
1679507283427 0.5023555159568787 1869
1679507283532 0.5023485422134399 1870
1679507283636 0.5023603439331055 1871
1679507283736 0.5022947192192078 1872
1679507283845 0.5023459196090698 1873
1679507283950 0.5023689866065979 1874
1679507284062 0.5023866295814514 1875
1679507284167 0.5023653507232666 1876
1679507284272 0.5023096203804016 1877
1679507284375 0.5023029446601868 1878
1679507284475 0.5023484230041504 1879
1679507284579 0.5023795366287231 1880
1679507284682 0.5023972988128662 1881
1679507284791 0.502346932888031 1882
1679507284896 0.5022827386856079 1883
1679507284998 0.5023361444473267 1884
1679507285107 0.5022936463356018 1885
1679507285217 0.5023300647735596 1886
1679507285320 0.5023854374885559 1887
1679507285424 0.5023084878921509 1888
1679507285533 0.5022886395454407 1889
1679507285637 0.5023112297058105 1890
1679507285739 0.5023554563522339 1891
1679507285849 0.5022087097167969 1892
1679507285950 0.5023620128631592 1893
1679507286052 0.5023677349090576 1894
1679507286167 0.5023078322410583 1895
1679507286270 0.502321720123291 1896
1679507286372 0.5022772550582886 1897
1679507286476 0.5023585557937622 1898
1679507286584 0.5023004412651062 1899
1679507286685 0.5023146867752075 1900
1679507286788 0.5022470951080322 1901
1679507286899 0.5022653937339783 1902
1679507287001 0.5023183226585388 1903
1679507287111 0.5023130178451538 1904
1679507287212 0.5022948980331421 1905
1679507287320 0.5023053884506226 1906
1679507287424 0.502321183681488 1907
1679507287526 0.5023130178451538 1908
1679507287636 0.5023338198661804 1909
1679507287739 0.5023289322853088 1910
1679507287840 0.5023062825202942 1911
1679507287948 0.5023244619369507 1912
1679507288051 0.502271831035614 1913
1679507288162 0.5022941827774048 1914
1679507288273 0.5022919774055481 1915
1679507288373 0.502297580242157 1916
1679507288476 0.5023351907730103 1917
1679507288590 0.5023249387741089 1918
1679507288695 0.5022585988044739 1919
1679507288798 0.5023139119148254 1920
1679507288910 0.5022850036621094 1921
1679507289010 0.5023630261421204 1922
1679507289118 0.5022135972976685 1923
1679507289232 0.5023111701011658 1924
1679507289336 0.5023170709609985 1925
1679507289440 0.502254068851471 1926
1679507289547 0.5022463202476501 1927
1679507289651 0.5022534132003784 1928
1679507289754 0.5022448301315308 1929
1679507289856 0.5023249387741089 1930
1679507289958 0.502270519733429 1931
1679507290069 0.5022822618484497 1932
1679507290180 0.502252995967865 1933
1679507290282 0.5022473931312561 1934
1679507290386 0.502316415309906 1935
1679507290492 0.5022814273834229 1936
1679507290594 0.5022703409194946 1937
1679507290708 0.5022341012954712 1938
1679507290814 0.5022516846656799 1939
1679507290920 0.5022276639938354 1940
1679507291029 0.5022838115692139 1941
1679507291134 0.5022422075271606 1942
1679507291237 0.502269983291626 1943
1679507291350 0.5022197365760803 1944
1679507291452 0.5022407174110413 1945
1679507291552 0.5022691488265991 1946
1679507291657 0.5022780299186707 1947
1679507291785 0.5022962689399719 1948
1679507291896 0.5022730827331543 1949
1679507292000 0.502265214920044 1950
1679507292105 0.5022726655006409 1951
1679507292218 0.5022737979888916 1952
1679507292329 0.5022680163383484 1953
1679507292433 0.5022587180137634 1954
1679507292543 0.5022242665290833 1955
1679507292645 0.5022433400154114 1956
1679507292749 0.5022411942481995 1957
1679507292853 0.5022634267807007 1958
1679507292958 0.5022009015083313 1959
1679507293060 0.5022586584091187 1960
1679507293166 0.5022221803665161 1961
1679507293276 0.5022756457328796 1962
1679507293383 0.5022647976875305 1963
1679507293484 0.5022701621055603 1964
1679507293591 0.5022871494293213 1965
1679507293695 0.5022027492523193 1966
1679507293800 0.5022491812705994 1967
1679507293905 0.5021953582763672 1968
1679507294009 0.5022318363189697 1969
1679507294113 0.5022876262664795 1970
1679507294227 0.502257227897644 1971
1679507294334 0.5022676587104797 1972
1679507294437 0.5021826028823853 1973
1679507294544 0.5022314786911011 1974
1679507294654 0.5022663474082947 1975
1679507294762 0.5022146701812744 1976
1679507294865 0.502246081829071 1977
1679507294971 0.5021520256996155 1978
1679507295076 0.5022342801094055 1979
1679507295177 0.5022231936454773 1980
1679507295287 0.5022130012512207 1981
1679507295393 0.5022252202033997 1982
1679507295496 0.5022001266479492 1983
1679507295598 0.5022174715995789 1984
1679507295706 0.5022410154342651 1985
1679507295809 0.5022404789924622 1986
1679507295910 0.5021975040435791 1987
1679507296023 0.5022644400596619 1988
1679507296128 0.5022382140159607 1989
1679507296233 0.5022072196006775 1990
1679507296345 0.5022311210632324 1991
1679507296452 0.5021988749504089 1992
1679507296553 0.5021767020225525 1993
1679507296656 0.5021286010742188 1994
1679507296769 0.5022571086883545 1995
1679507296873 0.502214252948761 1996
1679507296979 0.5022186040878296 1997
1679507297091 0.502182126045227 1998
1679507297196 0.5021682381629944 1999
