1679841061565 0.47216659784317017 0
1679841061648 0.5468605756759644 1
1679841061716 0.612748384475708 2
1679841061778 0.6527897119522095 3
1679841061843 0.6741535663604736 4
1679841061900 0.6914640069007874 5
1679841061952 0.7006676197052002 6
1679841062002 0.7045461535453796 7
1679841062053 0.7050230503082275 8
1679841062103 0.7050707340240479 9
1679841062171 0.7050866484642029 10
1679841062224 0.7051025032997131 11
1679841062278 0.7051025032997131 12
1679841062335 0.7051025032997131 13
1679841062393 0.7051025032997131 14
1679841062443 0.7051025032997131 15
1679841062496 0.7051025032997131 16
1679841062552 0.7051025032997131 17
1679841062611 0.7051025032997131 18
1679841062669 0.7051025032997131 19
1679841062732 0.7051025032997131 20
1679841062790 0.7051025032997131 21
1679841062851 0.7051025032997131 22
1679841062971 0.7051025032997131 23
1679841063038 0.7051025032997131 24
1679841063097 0.7051025032997131 25
1679841063158 0.7051025032997131 26
1679841063212 0.7051025032997131 27
1679841063264 0.7051025032997131 28
1679841063319 0.7051025032997131 29
1679841063371 0.7051025032997131 30
1679841063423 0.7051025032997131 31
1679841063472 0.7051025032997131 32
1679841063521 0.7051025032997131 33
1679841063569 0.7051025032997131 34
1679841063617 0.7051025032997131 35
1679841063666 0.7051025032997131 36
1679841063725 0.7051025032997131 37
1679841063777 0.7051025032997131 38
1679841063865 0.7051025032997131 39
1679841063923 0.7051025032997131 40
1679841063977 0.7051025032997131 41
1679841064026 0.7051025032997131 42
1679841064092 0.7051025032997131 43
1679841064197 0.7051025032997131 44
1679841064251 0.7051025032997131 45
1679841064297 0.7051025032997131 46
1679841064356 0.7051025032997131 47
1679841064409 0.7051025032997131 48
1679841064460 0.7051025032997131 49
1679841064510 0.7051025032997131 50
1679841064560 0.7051025032997131 51
1679841064610 0.7051025032997131 52
1679841064659 0.7051025032997131 53
1679841064708 0.7051025032997131 54
1679841064765 0.7051025032997131 55
1679841064813 0.7051025032997131 56
1679841064864 0.7051025032997131 57
1679841064915 0.7051025032997131 58
1679841064972 0.7051025032997131 59
1679841065024 0.7051025032997131 60
1679841065081 0.7051025032997131 61
1679841065130 0.7051025032997131 62
1679841065188 0.7051025032997131 63
1679841065238 0.7051025032997131 64
1679841065289 0.7051025032997131 65
1679841065342 0.7051025032997131 66
1679841065397 0.7051025032997131 67
1679841065447 0.7051025032997131 68
1679841065497 0.7051025032997131 69
1679841065547 0.7051025032997131 70
1679841065597 0.7051025032997131 71
1679841065652 0.7051025032997131 72
1679841065704 0.7051025032997131 73
1679841065764 0.7051025032997131 74
1679841065829 0.7051025032997131 75
1679841065885 0.7051025032997131 76
1679841065941 0.7051025032997131 77
1679841065995 0.7051025032997131 78
1679841066052 0.7051025032997131 79
1679841066108 0.7051025032997131 80
1679841066164 0.7051025032997131 81
1679841066216 0.7051025032997131 82
1679841066279 0.7051025032997131 83
1679841066339 0.7051025032997131 84
1679841066393 0.7051025032997131 85
1679841066464 0.7051025032997131 86
1679841066525 0.7051025032997131 87
1679841066586 0.7051025032997131 88
1679841066637 0.7051025032997131 89
1679841066687 0.7051025032997131 90
1679841066740 0.7051025032997131 91
1679841066795 0.7051025032997131 92
1679841066852 0.7051025032997131 93
1679841066903 0.7051025032997131 94
1679841066953 0.7051025032997131 95
1679841067003 0.7051025032997131 96
1679841067054 0.7051025032997131 97
1679841067108 0.7051025032997131 98
1679841067164 0.7051025032997131 99
