1679841061565 85.90725708007812 0
1679841061648 84.41938018798828 1
1679841061716 82.94497680664062 2
1679841061778 81.48429870605469 3
1679841061843 80.03589630126953 4
1679841061900 78.60020446777344 5
1679841061952 77.18022155761719 6
1679841062002 75.77435302734375 7
1679841062053 74.38155364990234 8
1679841062103 73.00193786621094 9
1679841062171 71.63607788085938 10
1679841062224 70.28520202636719 11
1679841062278 68.94983673095703 12
1679841062335 67.62802124023438 13
1679841062393 66.32054901123047 14
1679841062443 65.02558898925781 15
1679841062496 63.742950439453125 16
1679841062552 62.4732551574707 17
1679841062611 61.21622085571289 18
1679841062669 59.97191619873047 19
1679841062732 58.74018096923828 20
1679841062790 57.521690368652344 21
1679841062851 56.31568145751953 22
1679841062971 55.1243782043457 23
1679841063038 53.947547912597656 24
1679841063097 52.783355712890625 25
1679841063158 51.63142013549805 26
1679841063212 50.491416931152344 27
1679841063264 49.364810943603516 28
1679841063319 48.25205612182617 29
1679841063371 47.15220642089844 30
1679841063423 46.06559753417969 31
1679841063472 44.99151611328125 32
1679841063521 43.930965423583984 33
1679841063569 42.88256072998047 34
1679841063617 41.847782135009766 35
1679841063666 40.82524108886719 36
1679841063725 39.81641387939453 37
1679841063777 38.822998046875 38
1679841063865 37.843894958496094 39
1679841063923 36.879058837890625 40
1679841063977 35.927589416503906 41
1679841064026 34.990177154541016 42
1679841064092 34.06599807739258 43
1679841064197 33.15480422973633 44
1679841064251 32.2574462890625 45
1679841064297 31.373123168945312 46
1679841064356 30.502811431884766 47
1679841064409 29.646472930908203 48
1679841064460 28.80222511291504 49
1679841064510 27.969072341918945 50
1679841064560 27.149486541748047 51
1679841064610 26.342727661132812 52
1679841064659 25.548704147338867 53
1679841064708 24.766929626464844 54
1679841064765 23.99789810180664 55
1679841064813 23.241348266601562 56
1679841064864 22.496734619140625 57
1679841064915 21.76512908935547 58
1679841064972 21.046281814575195 59
1679841065024 20.34133529663086 60
1679841065081 19.650890350341797 61
1679841065130 18.974544525146484 62
1679841065188 18.31116485595703 63
1679841065238 17.6597957611084 64
1679841065289 17.02166175842285 65
1679841065342 16.39617919921875 66
1679841065397 15.784085273742676 67
1679841065447 15.183907508850098 68
1679841065497 14.595564842224121 69
1679841065547 14.020052909851074 70
1679841065597 13.458306312561035 71
1679841065652 12.908787727355957 72
1679841065704 12.372194290161133 73
1679841065764 11.848804473876953 74
1679841065829 11.338988304138184 75
1679841065885 10.842183113098145 76
1679841065941 10.359365463256836 77
1679841065995 9.889213562011719 78
1679841066052 9.432149887084961 79
1679841066108 8.988350868225098 80
1679841066164 8.55654525756836 81
1679841066216 8.13601303100586 82
1679841066279 7.727100372314453 83
1679841066339 7.330406188964844 84
1679841066393 6.947244644165039 85
1679841066464 6.578065872192383 86
1679841066525 6.221446990966797 87
1679841066586 5.877557754516602 88
1679841066637 5.546602725982666 89
1679841066687 5.229698181152344 90
1679841066740 4.926191329956055 91
1679841066795 4.635237216949463 92
1679841066852 4.356342792510986 93
1679841066903 4.0893874168396 94
1679841066953 3.8340554237365723 95
1679841067003 3.59055495262146 96
1679841067054 3.3590247631073 97
1679841067108 3.139725685119629 98
1679841067164 2.9323272705078125 99
