1679841291756 0.6478620171546936 0
1679841291811 0.6820537447929382 1
1679841291867 0.6966142058372498 2
1679841291919 0.6950564384460449 3
1679841291969 0.6957876086235046 4
1679841292026 0.6962485909461975 5
1679841292080 0.696995735168457 6
1679841292131 0.6961214542388916 7
1679841292182 0.6972341537475586 8
1679841292236 0.6984899044036865 9
1679841292301 0.6993959546089172 10
1679841292355 0.6996343731880188 11
1679841292412 0.6995866894721985 12
1679841292465 0.700143039226532 13
1679841292521 0.700333833694458 14
1679841292575 0.7008106708526611 15
1679841292631 0.701255738735199 16
1679841292684 0.7020982503890991 17
1679841292743 0.7017485499382019 18
1679841292816 0.7018756866455078 19
1679841292871 0.7025274038314819 20
1679841292921 0.7035765647888184 21
