1679841291756 42.557308197021484 0
1679841291811 28.978885650634766 1
1679841291867 18.243043899536133 2
1679841291919 10.218955039978027 3
1679841291969 4.793935775756836 4
1679841292026 1.8525470495224 5
1679841292080 1.045781135559082 6
1679841292131 0.8336293697357178 7
1679841292182 0.7704182863235474 8
1679841292236 0.7513613104820251 9
1679841292301 0.7433924078941345 10
1679841292355 0.7417461276054382 11
1679841292412 0.7398666143417358 12
1679841292465 0.7353896498680115 13
1679841292521 0.7348493933677673 14
1679841292575 0.7343408465385437 15
1679841292631 0.7318884134292603 16
1679841292684 0.731690526008606 17
1679841292743 0.7313721776008606 18
1679841292816 0.7294555902481079 19
1679841292871 0.7274496555328369 20
1679841292921 0.7270634770393372 21
