1679490101702 0.6962327361106873 0
1679490101807 0.7051025032997131 1
1679490101904 0.7051025032997131 2
1679490102002 0.7284533381462097 3
1679490102098 0.735511064529419 4
1679490102194 0.7355746030807495 5
1679490102295 0.7364171147346497 6
1679490102396 0.7376728653907776 7
1679490102495 0.7383245825767517 8
1679490102593 0.7382451295852661 9
1679490102691 0.7387855648994446 10
1679490102794 0.738690197467804 11
1679490102896 0.7391829490661621 12
1679490102995 0.7390875816345215 13
1679490103096 0.7395644783973694 14
1679490103193 0.7393419146537781 15
1679490103293 0.739818811416626 16
1679490103394 0.7395644783973694 17
1679490103493 0.7400889992713928 18
1679490103592 0.7401525974273682 19
1679490103695 0.7401049137115479 20
1679490103804 0.7402638792991638 21
1679490103906 0.7400254607200623 22
1679490104015 0.7404863834381104 23
1679490104115 0.7410427331924438 24
1679490104219 0.7411858439445496 25
1679490104321 0.7406453490257263 26
1679490104423 0.7412016987800598 27
1679490104525 0.7411540150642395 28
1679490104635 0.7409791946411133 29
1679490104743 0.7412493824958801 30
1679490104850 0.7412016987800598 31
1679490104949 0.7411222457885742 32
1679490105052 0.7412493824958801 33
1679490105152 0.7412970662117004 34
1679490105257 0.7416309118270874 35
1679490105358 0.7415832281112671 36
1679490105457 0.7409950494766235 37
1679490105559 0.7419646978378296 38
1679490105661 0.7416785955429077 39
1679490105762 0.741885244846344 40
1679490105861 0.7418216466903687 41
1679490105961 0.7423462271690369 42
1679490106067 0.7422826290130615 43
1679490106167 0.7423779964447021 44
1679490106266 0.7424892783164978 45
1679490106364 0.742838978767395 46
1679490106467 0.7426323294639587 47
1679490106575 0.7429025769233704 48
1679490106673 0.7430297136306763 49
1679490106775 0.7430297136306763 50
1679490106876 0.7427276968955994 51
1679490106978 0.7424097657203674 52
1679490107077 0.7430773973464966 53
1679490107176 0.7429184317588806 54
1679490107275 0.7429025769233704 55
1679490107374 0.743156909942627 56
1679490107473 0.7431727647781372 57
1679490107574 0.7426164150238037 58
1679490107677 0.7431250810623169 59
1679490107776 0.7432363629341125 60
1679490107875 0.7434112429618835 61
1679490107975 0.7430297136306763 62
1679490108081 0.7433317303657532 63
1679490108181 0.7435066103935242 64
1679490108282 0.7434906959533691 65
1679490108382 0.743776798248291 66
1679490108480 0.7435224652290344 67
1679490108577 0.744094729423523 68
1679490108677 0.743935763835907 69
1679490108775 0.744126558303833 70
1679490108875 0.743951678276062 71
1679490108982 0.7440629601478577 72
1679490109080 0.7441742420196533 73
1679490109183 0.744110643863678 74
1679490109287 0.7438244819641113 75
1679490109392 0.7438563108444214 76
1679490109495 0.7438244819641113 77
1679490109596 0.7443490624427795 78
1679490109696 0.7442854642868042 79
1679490109798 0.7440152764320374 80
1679490109905 0.743951678276062 81
1679490110008 0.7440311312675476 82
1679490110118 0.7446193099021912 83
1679490110223 0.7444285750389099 84
1679490110321 0.7445716261863708 85
1679490110420 0.7447305917739868 86
1679490110524 0.7441742420196533 87
1679490110626 0.7446033954620361 88
1679490110725 0.7443808913230896 89
1679490110822 0.7448259592056274 90
1679490110932 0.7446351647377014 91
1679490111033 0.744889497756958 92
1679490111133 0.7446193099021912 93
1679490111231 0.7455094456672668 94
1679490111330 0.7449530959129333 95
1679490111430 0.7446351647377014 96
1679490111528 0.7447464466094971 97
1679490111626 0.7452869415283203 98
1679490111726 0.7451756596565247 99
