1679490101702 0.6446622014045715 0
1679490101807 0.5997070074081421 1
1679490101904 0.572787880897522 2
1679490102002 0.5538251399993896 3
1679490102098 0.541124701499939 4
1679490102194 0.5332452058792114 5
1679490102295 0.5288382172584534 6
1679490102396 0.5264233946800232 7
1679490102495 0.5250823497772217 8
1679490102593 0.52415531873703 9
1679490102691 0.5235808491706848 10
1679490102794 0.5231532454490662 11
1679490102896 0.5227909684181213 12
1679490102995 0.5225017666816711 13
1679490103096 0.5222250819206238 14
1679490103193 0.5220018029212952 15
1679490103293 0.5218032002449036 16
1679490103394 0.5215840339660645 17
1679490103493 0.5213861465454102 18
1679490103592 0.5211780667304993 19
1679490103695 0.521003782749176 20
1679490103804 0.5208478569984436 21
1679490103906 0.5206562876701355 22
1679490104015 0.5204989910125732 23
1679490104115 0.5203404426574707 24
1679490104219 0.5202239751815796 25
1679490104321 0.5201119184494019 26
1679490104423 0.5199777483940125 27
1679490104525 0.5198579430580139 28
1679490104635 0.519720733165741 29
1679490104743 0.5196051001548767 30
1679490104850 0.5194809436798096 31
1679490104949 0.5194084048271179 32
1679490105052 0.5192498564720154 33
1679490105152 0.5191805958747864 34
1679490105257 0.519065797328949 35
1679490105358 0.5189886689186096 36
1679490105457 0.5188767910003662 37
1679490105559 0.5188153386116028 38
1679490105661 0.5187158584594727 39
1679490105762 0.5186183452606201 40
1679490105861 0.518551230430603 41
1679490105961 0.5184698104858398 42
1679490106067 0.518416166305542 43
1679490106167 0.5183387398719788 44
1679490106266 0.5182483792304993 45
1679490106364 0.5182050466537476 46
1679490106467 0.5181041359901428 47
1679490106575 0.5180449485778809 48
1679490106673 0.5179866552352905 49
1679490106775 0.517902672290802 50
1679490106876 0.5178316831588745 51
1679490106978 0.5177772641181946 52
1679490107077 0.5176824927330017 53
1679490107176 0.5176205635070801 54
1679490107275 0.5175695419311523 55
1679490107374 0.5175104737281799 56
1679490107473 0.5174173712730408 57
1679490107574 0.5173388719558716 58
1679490107677 0.5173313617706299 59
1679490107776 0.5172645449638367 60
1679490107875 0.5171664953231812 61
1679490107975 0.5171239376068115 62
1679490108081 0.5170620083808899 63
1679490108181 0.5170145630836487 64
1679490108282 0.5169553160667419 65
1679490108382 0.516870379447937 66
1679490108480 0.5168287754058838 67
1679490108577 0.5167151093482971 68
1679490108677 0.5167053937911987 69
1679490108775 0.5166369676589966 70
1679490108875 0.5165356993675232 71
1679490108982 0.5165655016899109 72
1679490109080 0.5164863467216492 73
1679490109183 0.516391932964325 74
1679490109287 0.516388475894928 75
1679490109392 0.5163173675537109 76
1679490109495 0.5162643194198608 77
1679490109596 0.5162591338157654 78
1679490109696 0.5161299109458923 79
1679490109798 0.5160854458808899 80
1679490109905 0.5160412788391113 81
1679490110008 0.515954315662384 82
1679490110118 0.5159014463424683 83
1679490110223 0.5158872604370117 84
1679490110321 0.5158402323722839 85
1679490110420 0.515770435333252 86
1679490110524 0.5157318711280823 87
1679490110626 0.515676736831665 88
1679490110725 0.515602171421051 89
1679490110822 0.5155248641967773 90
1679490110932 0.5154759287834167 91
1679490111033 0.5154142379760742 92
1679490111133 0.5153461694717407 93
1679490111231 0.5153156518936157 94
1679490111330 0.5152578353881836 95
1679490111430 0.515204906463623 96
1679490111528 0.5151434540748596 97
1679490111626 0.5150887966156006 98
1679490111726 0.5150237083435059 99
