1679511322689 0.7018756866455078 0
1679511322786 0.7051025032997131 1
1679511322885 0.7092671990394592 2
1679511322985 0.7306469678878784 3
1679511323090 0.7349547147750854 4
1679511323188 0.7362263798713684 5
1679511323287 0.7368462681770325 6
1679511323386 0.7377682328224182 7
1679511323485 0.738213300704956 8
1679511323603 0.7381179332733154 9
1679511323711 0.7387855648994446 10
1679511323813 0.7388491630554199 11
1679511323913 0.7391193509101868 12
1679511324014 0.7391829490661621 13
1679511324115 0.739484965801239 14
1679511324216 0.7390716671943665 15
1679511324318 0.7397711277008057 16
1679511324422 0.7396757006645203 17
1679511324522 0.73965984582901 18
1679511324619 0.7405340671539307 19
1679511324719 0.7397552132606506 20
1679511324818 0.7409950494766235 21
1679511324918 0.7403592467308044 22
1679511325018 0.7405022978782654 23
1679511325118 0.7403115630149841 24
1679511325217 0.7406453490257263 25
1679511325319 0.7408519983291626 26
1679511325420 0.7409155964851379 27
1679511325522 0.7411063313484192 28
1679511325623 0.7411540150642395 29
1679511325724 0.7413447499275208 30
1679511325824 0.7415673136711121 31
1679511325923 0.7414719462394714 32
1679511326026 0.7412812113761902 33
1679511326123 0.7411222457885742 34
1679511326225 0.7413606643676758 35
1679511326325 0.7416468262672424 36
1679511326427 0.7419329285621643 37
1679511326542 0.7420123815536499 38
1679511326645 0.7421236634254456 39
1679511326746 0.7418375611305237 40
1679511326846 0.7423143982887268 41
1679511326948 0.7416785955429077 42
1679511327053 0.7422508597373962 43
1679511327158 0.7425528764724731 44
1679511327268 0.7419329285621643 45
1679511327378 0.7423939108848572 46
1679511327492 0.7425528764724731 47
1679511327598 0.7422985434532166 48
1679511327710 0.742664098739624 49
1679511327817 0.7430297136306763 50
1679511327923 0.7426164150238037 51
1679511328027 0.742838978767395 52
1679511328129 0.74285489320755 53
1679511328231 0.743156909942627 54
1679511328332 0.7427276968955994 55
1679511328434 0.7430773973464966 56
1679511328536 0.7432045936584473 57
1679511328644 0.7429502606391907 58
1679511328751 0.7434589266777039 59
1679511328858 0.7433317303657532 60
1679511328975 0.7433953285217285 61
1679511329077 0.7433794140815735 62
1679511329179 0.7434112429618835 63
1679511329279 0.7436178922653198 64
1679511329380 0.7436814308166504 65
1679511329486 0.7435702085494995 66
1679511329594 0.744094729423523 67
1679511329700 0.7435542941093445 68
1679511329811 0.7435383796691895 69
1679511329917 0.7435066103935242 70
1679511330024 0.743951678276062 71
1679511330129 0.7436655759811401 72
1679511330234 0.7434747815132141 73
1679511330337 0.7438722252845764 74
1679511330442 0.743967592716217 75
1679511330584 0.7438403964042664 76
1679511330693 0.7440629601478577 77
1679511330811 0.7444603443145752 78
1679511330915 0.7441583275794983 79
1679511331020 0.743792712688446 80
1679511331122 0.7444603443145752 81
1679511331225 0.744269609451294 82
1679511331328 0.7444921135902405 83
1679511331432 0.7441583275794983 84
1679511331534 0.7446510791778564 85
1679511331635 0.7444921135902405 86
1679511331735 0.7447464466094971 87
1679511331849 0.7443331480026245 88
1679511331949 0.7443013787269592 89
1679511332050 0.7445080280303955 90
1679511332157 0.7447941303253174 91
1679511332259 0.7445874810218811 92
1679511332361 0.7446669936180115 93
1679511332470 0.7446829080581665 94
1679511332582 0.7445557117462158 95
1679511332684 0.7448577284812927 96
1679511332790 0.744905412197113 97
1679511332897 0.7451597452163696 98
1679511333004 0.7450326085090637 99
1679511333112 0.7453346252441406 100
1679511333213 0.7451279759407043 101
1679511333320 0.745223343372345 102
1679511333427 0.7454458475112915 103
1679511333530 0.7450166940689087 104
1679511333636 0.7455571293830872 105
1679511333735 0.7457478642463684 106
1679511333833 0.7457637786865234 107
1679511333935 0.7448100447654724 108
1679511334042 0.7458114624023438 109
1679511334153 0.7453823089599609 110
1679511334259 0.7454776763916016 111
1679511334359 0.7459386587142944 112
1679511334462 0.7456048130989075 113
1679511334571 0.7455889582633972 114
1679511334671 0.7456524968147278 115
1679511334777 0.7458750605583191 116
1679511334884 0.746002197265625 117
1679511334991 0.7460340261459351 118
1679511335096 0.7462883591651917 119
1679511335201 0.7460817098617554 120
1679511335304 0.7462088465690613 121
1679511335409 0.7460499405860901 122
1679511335519 0.7462724447250366 123
1679511335625 0.7455571293830872 124
1679511335726 0.7461453080177307 125
1679511335828 0.7457001805305481 126
1679511335932 0.7461134791374207 127
1679511336035 0.7462565302848816 128
1679511336139 0.746192991733551 129
1679511336240 0.7466380596160889 130
1679511336341 0.746161162853241 131
1679511336442 0.7465267777442932 132
1679511336546 0.7464154958724976 133
1679511336660 0.7465585470199585 134
1679511336761 0.7465267777442932 135
1679511336863 0.7466698288917542 136
1679511336968 0.7461134791374207 137
1679511337071 0.7469083070755005 138
1679511337176 0.7467651963233948 139
1679511337285 0.7462406754493713 140
1679511337389 0.7464154958724976 141
1679511337491 0.7468128800392151 142
1679511337595 0.7465903759002686 143
1679511337696 0.7464790940284729 144
1679511337800 0.7467334270477295 145
1679511337902 0.7460340261459351 146
1679511338004 0.7470354437828064 147
1679511338110 0.7466698288917542 148
1679511338215 0.7470036745071411 149
1679511338318 0.7464154958724976 150
1679511338421 0.7469083070755005 151
1679511338528 0.7469877600669861 152
1679511338629 0.7468923926353455 153
1679511338731 0.7474169731140137 154
1679511338832 0.7468923926353455 155
1679511338939 0.747289776802063 156
1679511339046 0.7473851442337036 157
1679511339154 0.7470354437828064 158
1679511339263 0.7474964261054993 159
1679511339367 0.747273862361908 160
1679511339467 0.7470672130584717 161
1679511339571 0.7470831274986267 162
1679511339674 0.7466857433319092 163
1679511339780 0.747464656829834 164
1679511339886 0.7470990419387817 165
1679511339995 0.747114896774292 166
1679511340110 0.7471784949302673 167
1679511340223 0.7477984428405762 168
1679511340330 0.7475123405456543 169
1679511340436 0.7475123405456543 170
1679511340537 0.7475123405456543 171
1679511340635 0.7475600242614746 172
1679511340741 0.7477666735649109 173
1679511340840 0.7476553916931152 174
1679511340939 0.7478461265563965 175
1679511341038 0.7477189898490906 176
1679511341136 0.7473374605178833 177
1679511341241 0.7478302121162415 178
1679511341341 0.7476713061332703 179
1679511341440 0.7477348446846008 180
1679511341538 0.7479574084281921 181
1679511341643 0.7481481432914734 182
1679511341750 0.7481481432914734 183
1679511341856 0.7479255795478821 184
1679511341964 0.7482911944389343 185
1679511342076 0.7478143572807312 186
1679511342192 0.7478302121162415 187
1679511342312 0.7483230233192444 188
1679511342435 0.7483230233192444 189
1679511342548 0.7481322288513184 190
1679511342669 0.7478461265563965 191
1679511342786 0.7480368614196777 192
1679511342890 0.7484819293022156 193
1679511342997 0.748259425163269 194
1679511343105 0.7482753396034241 195
1679511343207 0.748386561870575 196
1679511343311 0.748386561870575 197
1679511343414 0.7487362623214722 198
1679511343516 0.7478143572807312 199
1679511343621 0.7485296726226807 200
1679511343726 0.7478461265563965 201
1679511343830 0.7483707070350647 202
1679511343932 0.7483071088790894 203
1679511344053 0.7483707070350647 204
1679511344160 0.748243510723114 205
1679511344283 0.748259425163269 206
1679511344396 0.7490382790565491 207
1679511344512 0.7487680912017822 208
1679511344656 0.7483707070350647 209
1679511344775 0.7484978437423706 210
1679511344883 0.7485455274581909 211
1679511344987 0.7489270567893982 212
1679511345091 0.7484342455863953 213
1679511345207 0.7487204074859619 214
1679511345313 0.7487044930458069 215
1679511345419 0.7488316893577576 216
1679511345522 0.7489905953407288 217
1679511345622 0.7483707070350647 218
1679511345734 0.7487840056419373 219
1679511345843 0.748577356338501 220
1679511345954 0.7490224242210388 221
1679511346099 0.7487680912017822 222
1679511346261 0.748561441898346 223
1679511346368 0.749197244644165 224
1679511346481 0.7491813898086548 225
1679511346594 0.7489747405052185 226
1679511346702 0.7486568093299866 227
1679511346811 0.7489111423492432 228
1679511346912 0.7491018772125244 229
1679511347011 0.7490701079368591 230
1679511347110 0.7487521767616272 231
1679511347218 0.7492131590843201 232
1679511347339 0.7491495609283447 233
1679511347447 0.7494515776634216 234
1679511347561 0.7488475441932678 235
1679511347670 0.7489111423492432 236
1679511347777 0.7488952279090881 237
1679511347884 0.7490701079368591 238
1679511347990 0.7493085265159607 239
1679511348092 0.7486568093299866 240
1679511348193 0.7490541934967041 241
1679511348294 0.7491654753684998 242
1679511348401 0.7490541934967041 243
1679511348510 0.7493244409561157 244
1679511348611 0.749197244644165 245
1679511348714 0.749197244644165 246
1679511348820 0.7492131590843201 247
1679511348925 0.7489429116249084 248
1679511349029 0.7496105432510376 249
1679511349128 0.7490860223770142 250
1679511349232 0.7487998604774475 251
1679511349339 0.7494674921035767 252
1679511349445 0.7494674921035767 253
1679511349551 0.7489747405052185 254
1679511349668 0.7490701079368591 255
1679511349772 0.7496105432510376 256
1679511349876 0.7492449283599854 257
1679511349975 0.7487680912017822 258
1679511350074 0.7492131590843201 259
1679511350177 0.7489905953407288 260
1679511350283 0.7494674921035767 261
1679511350388 0.7494834065437317 262
1679511350490 0.749690055847168 263
1679511350594 0.749372124671936 264
1679511350698 0.7492290735244751 265
1679511350807 0.7492131590843201 266
1679511350911 0.7495469450950623 267
1679511351013 0.7497695088386536 268
1679511351115 0.749356210231781 269
1679511351218 0.7491654753684998 270
1679511351318 0.7494834065437317 271
1679511351422 0.7497377395629883 272
1679511351529 0.749372124671936 273
1679511351635 0.7492290735244751 274
1679511351748 0.7488793730735779 275
1679511351854 0.7492926120758057 276
1679511351965 0.7494834065437317 277
1679511352076 0.7488316893577576 278
1679511352179 0.7492767572402954 279
1679511352283 0.7494198083877563 280
1679511352393 0.7491495609283447 281
1679511352500 0.749197244644165 282
1679511352605 0.749515175819397 283
1679511352709 0.7493880391120911 284
1679511352812 0.7494992613792419 285
1679511352921 0.7492767572402954 286
1679511353022 0.7490860223770142 287
1679511353128 0.7491177916526794 288
1679511353229 0.7494198083877563 289
1679511353329 0.7490701079368591 290
1679511353429 0.7493880391120911 291
1679511353530 0.7495946884155273 292
1679511353633 0.7492767572402954 293
1679511353791 0.7494834065437317 294
1679511353901 0.7492926120758057 295
1679511354028 0.7497377395629883 296
1679511354169 0.7492767572402954 297
1679511354280 0.7491813898086548 298
1679511354407 0.7492926120758057 299
1679511354522 0.7495946884155273 300
1679511354622 0.7497695088386536 301
1679511354727 0.749690055847168 302
1679511354833 0.7497695088386536 303
1679511354946 0.7492767572402954 304
1679511355046 0.7499602437019348 305
1679511355153 0.7489429116249084 306
1679511355262 0.749531090259552 307
1679511355367 0.7493085265159607 308
1679511355474 0.7498489618301392 309
1679511355585 0.749531090259552 310
1679511355700 0.749356210231781 311
1679511355803 0.7493085265159607 312
1679511355908 0.7494198083877563 313
1679511356009 0.7490701079368591 314
1679511356110 0.7493085265159607 315
1679511356212 0.7498648762702942 316
1679511356313 0.7497535943984985 317
1679511356415 0.7500556111335754 318
1679511356516 0.7491813898086548 319
1679511356620 0.7493244409561157 320
1679511356732 0.7496264576911926 321
1679511356840 0.7494038939476013 322
1679511356949 0.7491177916526794 323
1679511357055 0.7497535943984985 324
1679511357156 0.7497535943984985 325
1679511357255 0.7499443888664246 326
1679511357358 0.7494674921035767 327
1679511357459 0.7496105432510376 328
1679511357565 0.7494834065437317 329
1679511357673 0.7495946884155273 330
1679511357778 0.7494198083877563 331
1679511357883 0.7494357228279114 332
1679511357987 0.7498967051506042 333
1679511358090 0.7494515776634216 334
1679511358193 0.7494674921035767 335
1679511358306 0.7494357228279114 336
1679511358453 0.749515175819397 337
1679511358563 0.7495469450950623 338
1679511358673 0.7501192092895508 339
1679511358778 0.7494992613792419 340
1679511358878 0.7495469450950623 341
1679511358977 0.7498331069946289 342
1679511359081 0.7498807907104492 343
1679511359180 0.7495946884155273 344
1679511359290 0.7496582269668579 345
1679511359393 0.749531090259552 346
1679511359495 0.7496582269668579 347
1679511359592 0.7500079274177551 348
1679511359695 0.7501351237297058 349
1679511359800 0.749690055847168 350
1679511359903 0.7501828074455261 351
1679511360009 0.7495946884155273 352
1679511360116 0.7499284744262695 353
1679511360220 0.7497059106826782 354
1679511360320 0.7497535943984985 355
1679511360423 0.7495469450950623 356
1679511360525 0.7500238418579102 357
1679511360626 0.7493403553962708 358
1679511360742 0.7495469450950623 359
1679511360848 0.7495469450950623 360
1679511360961 0.7494038939476013 361
1679511361065 0.749690055847168 362
1679511361168 0.7498012781143188 363
1679511361272 0.7500397562980652 364
1679511361375 0.7496105432510376 365
1679511361479 0.7493403553962708 366
1679511361584 0.7496741414070129 367
1679511361693 0.7496105432510376 368
1679511361797 0.7498171925544739 369
1679511361900 0.7500874400138855 370
1679511362003 0.7500874400138855 371
1679511362107 0.7501828074455261 372
1679511362207 0.7498012781143188 373
1679511362310 0.7493085265159607 374
1679511362422 0.749531090259552 375
1679511362539 0.7500715255737305 376
1679511362641 0.7500238418579102 377
1679511362742 0.7497535943984985 378
1679511362841 0.749531090259552 379
1679511362943 0.7497535943984985 380
1679511363054 0.7494515776634216 381
1679511363161 0.7495787739753723 382
1679511363265 0.7498331069946289 383
1679511363368 0.7500556111335754 384
1679511363471 0.7495469450950623 385
1679511363580 0.7497535943984985 386
1679511363690 0.7493880391120911 387
1679511363799 0.7500079274177551 388
1679511363906 0.7500238418579102 389
1679511364009 0.7497059106826782 390
1679511364110 0.7494674921035767 391
1679511364214 0.7499920725822449 392
1679511364318 0.7493880391120911 393
1679511364426 0.7495787739753723 394
1679511364532 0.7494992613792419 395
1679511364637 0.7497695088386536 396
1679511364741 0.7497854232788086 397
1679511364847 0.7496264576911926 398
1679511364952 0.7500079274177551 399
1679511365056 0.7498648762702942 400
1679511365161 0.7498648762702942 401
1679511365265 0.7498171925544739 402
1679511365374 0.7499125599861145 403
1679511365482 0.7497377395629883 404
1679511365586 0.7496582269668579 405
1679511365697 0.7503417730331421 406
1679511365799 0.7502145767211914 407
1679511365902 0.7501192092895508 408
1679511366019 0.7501510381698608 409
1679511366200 0.7497854232788086 410
1679511366307 0.7504530549049377 411
1679511366412 0.7494834065437317 412
1679511366519 0.7500397562980652 413
1679511366621 0.7498331069946289 414
1679511366724 0.7496264576911926 415
1679511366827 0.7495469450950623 416
1679511366930 0.7502464056015015 417
1679511367031 0.7498489618301392 418
1679511367156 0.7499602437019348 419
1679511367262 0.7498967051506042 420
1679511367362 0.7497059106826782 421
1679511367463 0.7500874400138855 422
1679511367563 0.7501351237297058 423
1679511367664 0.7498807907104492 424
1679511367765 0.7498489618301392 425
1679511367865 0.7499920725822449 426
1679511367973 0.7499602437019348 427
1679511368074 0.7499761581420898 428
1679511368176 0.7498012781143188 429
1679511368276 0.7501192092895508 430
1679511368375 0.7500238418579102 431
1679511368476 0.7501668930053711 432
1679511368592 0.7502464056015015 433
1679511368702 0.7498807907104492 434
1679511368812 0.7504053115844727 435
1679511368917 0.7501987218856812 436
1679511369020 0.7501828074455261 437
1679511369120 0.7500079274177551 438
1679511369230 0.7499284744262695 439
1679511369335 0.7497218251228333 440
1679511369444 0.7504053115844727 441
1679511369549 0.7500556111335754 442
1679511369659 0.7503417730331421 443
1679511369763 0.7500397562980652 444
1679511369866 0.7500715255737305 445
1679511369965 0.7505801916122437 446
1679511370077 0.7505007386207581 447
1679511370184 0.7499761581420898 448
1679511370288 0.7499284744262695 449
1679511370394 0.7500079274177551 450
1679511370495 0.7501032948493958 451
1679511370598 0.7503735423088074 452
1679511370701 0.750468909740448 453
1679511370801 0.750309944152832 454
1679511370902 0.7502781748771667 455
1679511371003 0.750643789768219 456
1679511371105 0.7505165934562683 457
1679511371214 0.7508186101913452 458
1679511371316 0.7502145767211914 459
1679511371420 0.7501192092895508 460
1679511371532 0.7503258585929871 461
1679511371635 0.7502781748771667 462
1679511371738 0.7502145767211914 463
1679511371846 0.7500874400138855 464
1679511371955 0.7507073879241943 465
1679511372060 0.7498012781143188 466
1679511372163 0.7505484223365784 467
1679511372266 0.7502781748771667 468
1679511372368 0.7502940893173218 469
1679511372470 0.7505165934562683 470
1679511372577 0.7501987218856812 471
1679511372687 0.7502940893173218 472
1679511372793 0.7505007386207581 473
1679511372901 0.7501668930053711 474
1679511373013 0.7502940893173218 475
1679511373119 0.7506755590438843 476
1679511373222 0.7500874400138855 477
1679511373324 0.7501351237297058 478
1679511373423 0.7502464056015015 479
1679511373528 0.7502622604370117 480
1679511373631 0.7502145767211914 481
1679511373735 0.7502304911613464 482
1679511373839 0.7503576278686523 483
1679511373946 0.7509458065032959 484
1679511374049 0.7507391571998596 485
1679511374148 0.7497695088386536 486
1679511374253 0.7506119608879089 487
1679511374361 0.7502622604370117 488
1679511374472 0.7505325078964233 489
1679511374574 0.7507073879241943 490
1679511374676 0.7504530549049377 491
1679511374780 0.7501828074455261 492
1679511374880 0.750484824180603 493
1679511374987 0.7505325078964233 494
1679511375092 0.7507868409156799 495
1679511375196 0.7502464056015015 496
1679511375309 0.7504053115844727 497
1679511375468 0.7507232427597046 498
1679511375588 0.7505642771720886 499
1679511375714 0.7501192092895508 500
1679511375865 0.7504053115844727 501
1679511375982 0.7504212260246277 502
1679511376091 0.7503576278686523 503
1679511376199 0.7509617209434509 504
1679511376306 0.7508345246315002 505
1679511376410 0.7505325078964233 506
1679511376510 0.7505642771720886 507
1679511376615 0.7503894567489624 508
1679511376719 0.7507709264755249 509
1679511376823 0.7505325078964233 510
1679511376928 0.7506596446037292 511
1679511377032 0.7503735423088074 512
1679511377139 0.7505642771720886 513
1679511377251 0.7506755590438843 514
1679511377363 0.7507709264755249 515
1679511377466 0.7505325078964233 516
1679511377568 0.7507709264755249 517
1679511377673 0.7505325078964233 518
1679511377777 0.7502622604370117 519
1679511377879 0.7506119608879089 520
1679511377985 0.7503735423088074 521
1679511378091 0.7507391571998596 522
1679511378196 0.7510411739349365 523
1679511378301 0.7505007386207581 524
1679511378404 0.7508504390716553 525
1679511378515 0.750484824180603 526
1679511378617 0.7503735423088074 527
1679511378722 0.7505165934562683 528
1679511378831 0.7505801916122437 529
1679511379000 0.7507709264755249 530
1679511379156 0.7501987218856812 531
1679511379261 0.7506914734840393 532
1679511379367 0.7507073879241943 533
1679511379511 0.7503894567489624 534
1679511379619 0.7503417730331421 535
1679511379726 0.7505007386207581 536
1679511379830 0.750627875328064 537
1679511379936 0.7508504390716553 538
1679511380036 0.750802755355835 539
1679511380149 0.7505961060523987 540
1679511380255 0.7502781748771667 541
1679511380359 0.7505165934562683 542
1679511380464 0.7505801916122437 543
1679511380572 0.7505642771720886 544
1679511380679 0.7506596446037292 545
1679511380783 0.750802755355835 546
1679511380890 0.750627875328064 547
1679511380995 0.7508504390716553 548
1679511381099 0.7507073879241943 549
1679511381203 0.7507391571998596 550
1679511381315 0.7508186101913452 551
1679511381425 0.7507709264755249 552
1679511381541 0.7505642771720886 553
1679511381647 0.750643789768219 554
1679511381761 0.7505007386207581 555
1679511381898 0.7507550716400146 556
1679511382020 0.7505484223365784 557
1679511382135 0.7508345246315002 558
1679511382246 0.7509617209434509 559
1679511382348 0.7504053115844727 560
1679511382452 0.7511683106422424 561
1679511382555 0.750802755355835 562
1679511382666 0.7508504390716553 563
1679511382770 0.7506596446037292 564
1679511382878 0.7505165934562683 565
1679511382985 0.7507391571998596 566
1679511383090 0.7511365413665771 567
1679511383203 0.7510570883750916 568
1679511383344 0.7509934902191162 569
1679511383527 0.7508981227874756 570
1679511383633 0.7510570883750916 571
1679511383740 0.7510252594947815 572
1679511383877 0.7507868409156799 573
1679511383991 0.7504371404647827 574
1679511384100 0.7505801916122437 575
1679511384206 0.7512478232383728 576
1679511384311 0.7509617209434509 577
1679511384414 0.7503894567489624 578
1679511384514 0.750802755355835 579
1679511384618 0.7508186101913452 580
1679511384721 0.7508981227874756 581
1679511384825 0.7505484223365784 582
1679511384929 0.7507391571998596 583
1679511385037 0.7507073879241943 584
1679511385146 0.7509617209434509 585
1679511385251 0.7508981227874756 586
1679511385353 0.7506914734840393 587
1679511385456 0.7508981227874756 588
1679511385562 0.7510570883750916 589
1679511385670 0.7510411739349365 590
1679511385777 0.7507073879241943 591
1679511385879 0.750643789768219 592
1679511385981 0.7511683106422424 593
1679511386083 0.750468909740448 594
1679511386188 0.7509934902191162 595
1679511386299 0.7505961060523987 596
1679511386402 0.7507709264755249 597
1679511386512 0.7507550716400146 598
1679511386623 0.7507868409156799 599
1679511386731 0.750802755355835 600
1679511386840 0.7510094046592712 601
1679511386985 0.7509617209434509 602
1679511387104 0.7508186101913452 603
1679511387213 0.7502622604370117 604
1679511387322 0.7514067888259888 605
1679511387427 0.7509458065032959 606
1679511387534 0.7510570883750916 607
1679511387640 0.7509775757789612 608
1679511387748 0.7510888576507568 609
1679511387847 0.7509775757789612 610
1679511387946 0.7508186101913452 611
1679511388046 0.7514703273773193 612
1679511388146 0.7514067888259888 613
1679511388252 0.7509617209434509 614
1679511388354 0.7507709264755249 615
1679511388453 0.7506119608879089 616
1679511388554 0.750643789768219 617
1679511388659 0.7509458065032959 618
1679511388766 0.7512637376785278 619
1679511388872 0.7510411739349365 620
1679511388981 0.750643789768219 621
1679511389085 0.7510570883750916 622
1679511389186 0.7509934902191162 623
1679511389285 0.7507391571998596 624
1679511389386 0.7507868409156799 625
1679511389492 0.750802755355835 626
1679511389597 0.750802755355835 627
1679511389700 0.7512637376785278 628
1679511389801 0.7509458065032959 629
1679511389902 0.751438558101654 630
1679511390005 0.7510888576507568 631
1679511390118 0.7512637376785278 632
1679511390223 0.7512637376785278 633
1679511390326 0.7513114213943481 634
1679511390427 0.7506914734840393 635
1679511390527 0.7509139776229858 636
1679511390631 0.750643789768219 637
1679511390733 0.7512478232383728 638
1679511390831 0.7508981227874756 639
1679511390938 0.7513908743858337 640
1679511391039 0.7509298920631409 641
1679511391141 0.7508186101913452 642
1679511391270 0.7510252594947815 643
1679511391379 0.7513591051101685 644
1679511391480 0.7511524558067322 645
1679511391586 0.7510570883750916 646
1679511391688 0.7512159943580627 647
1679511391791 0.7511365413665771 648
1679511391892 0.7513114213943481 649
1679511392001 0.7511365413665771 650
1679511392102 0.751422643661499 651
1679511392203 0.7510888576507568 652
1679511392309 0.7512637376785278 653
1679511392411 0.7505801916122437 654
1679511392510 0.7511524558067322 655
1679511392618 0.7511524558067322 656
1679511392724 0.7512159943580627 657
1679511392827 0.7507868409156799 658
1679511392934 0.7513591051101685 659
1679511393034 0.7508186101913452 660
1679511393133 0.7511047720909119 661
1679511393232 0.7507550716400146 662
1679511393344 0.7512478232383728 663
1679511393448 0.7513908743858337 664
1679511393556 0.7513114213943481 665
1679511393663 0.7511206269264221 666
1679511393763 0.7515498399734497 667
1679511393876 0.7510411739349365 668
1679511393978 0.7510252594947815 669
1679511394079 0.7512478232383728 670
1679511394179 0.7511842250823975 671
1679511394278 0.7510411739349365 672
1679511394379 0.750627875328064 673
1679511394480 0.7506914734840393 674
1679511394577 0.7508822083473206 675
1679511394682 0.7510094046592712 676
1679511394794 0.7508981227874756 677
1679511394899 0.7508662939071655 678
1679511394999 0.7512795925140381 679
1679511395099 0.7508345246315002 680
1679511395199 0.7511365413665771 681
1679511395305 0.7514544725418091 682
1679511395407 0.7512159943580627 683
1679511395505 0.7514703273773193 684
1679511395605 0.7513908743858337 685
1679511395705 0.7511842250823975 686
1679511395808 0.7511047720909119 687
1679511395916 0.7508186101913452 688
1679511396018 0.7514544725418091 689
1679511396116 0.7509934902191162 690
1679511396222 0.7508822083473206 691
1679511396325 0.7510411739349365 692
1679511396424 0.7511524558067322 693
1679511396522 0.7510094046592712 694
1679511396621 0.7508822083473206 695
1679511396723 0.7512478232383728 696
1679511396828 0.7512319087982178 697
1679511396930 0.7512637376785278 698
1679511397030 0.7514703273773193 699
1679511397129 0.7507232427597046 700
1679511397228 0.7517723441123962 701
1679511397327 0.7512955069541931 702
1679511397431 0.7514067888259888 703
1679511397536 0.7515180706977844 704
1679511397636 0.7509139776229858 705
1679511397747 0.7511683106422424 706
1679511397846 0.7508981227874756 707
1679511397948 0.7511047720909119 708
1679511398048 0.7513272762298584 709
1679511398149 0.7509617209434509 710
1679511398249 0.7514067888259888 711
1679511398348 0.7513749599456787 712
1679511398455 0.7514067888259888 713
1679511398555 0.7512637376785278 714
1679511398656 0.7512159943580627 715
1679511398765 0.7511842250823975 716
1679511398869 0.7512637376785278 717
1679511398980 0.7511842250823975 718
1679511399082 0.7510888576507568 719
1679511399184 0.7518518567085266 720
1679511399285 0.7511365413665771 721
1679511399385 0.7512001395225525 722
1679511399486 0.7514067888259888 723
1679511399587 0.7510252594947815 724
1679511399689 0.7511683106422424 725
1679511399803 0.7509775757789612 726
1679511399901 0.7513591051101685 727
1679511400006 0.7513908743858337 728
1679511400107 0.7511842250823975 729
1679511400208 0.7515657544136047 730
1679511400310 0.7517088055610657 731
1679511400412 0.7512795925140381 732
1679511400518 0.7513431906700134 733
1679511400618 0.7511683106422424 734
1679511400725 0.7513908743858337 735
1679511400825 0.751438558101654 736
1679511400930 0.7511206269264221 737
1679511401034 0.7514703273773193 738
1679511401133 0.7514703273773193 739
1679511401234 0.751422643661499 740
1679511401335 0.7509934902191162 741
1679511401441 0.7512001395225525 742
1679511401547 0.7509617209434509 743
1679511401661 0.7513591051101685 744
1679511401769 0.751422643661499 745
1679511401869 0.7512159943580627 746
1679511401970 0.7513749599456787 747
1679511402081 0.7515021562576294 748
1679511402208 0.7512795925140381 749
1679511402309 0.7513431906700134 750
1679511402409 0.7516292929649353 751
1679511402518 0.7511365413665771 752
1679511402632 0.75159752368927 753
1679511402738 0.751613438129425 754
1679511402842 0.7510252594947815 755
1679511402944 0.7508822083473206 756
1679511403046 0.7518359422683716 757
1679511403159 0.7515180706977844 758
1679511403259 0.7512955069541931 759
1679511403357 0.7508822083473206 760
1679511403458 0.7511683106422424 761
1679511403574 0.7512955069541931 762
1679511403690 0.7512795925140381 763
1679511403806 0.7513591051101685 764
1679511403917 0.7516611218452454 765
1679511404026 0.7518359422683716 766
1679511404142 0.7514544725418091 767
1679511404256 0.7512001395225525 768
1679511404368 0.7511047720909119 769
1679511404472 0.7514544725418091 770
1679511404587 0.7510888576507568 771
1679511404691 0.7511842250823975 772
1679511404799 0.7512955069541931 773
1679511404908 0.7515021562576294 774
1679511405013 0.7514703273773193 775
1679511405119 0.7513749599456787 776
1679511405219 0.751438558101654 777
1679511405322 0.7513591051101685 778
1679511405433 0.7513591051101685 779
1679511405535 0.7514862418174744 780
1679511405640 0.7514544725418091 781
1679511405740 0.7515657544136047 782
1679511405845 0.7510570883750916 783
1679511405950 0.7512795925140381 784
1679511406050 0.7514703273773193 785
1679511406155 0.751422643661499 786
1679511406267 0.7515657544136047 787
1679511406372 0.7513431906700134 788
1679511406488 0.7516452074050903 789
1679511406593 0.7512795925140381 790
1679511406700 0.7512319087982178 791
1679511406801 0.7513431906700134 792
1679511406901 0.75159752368927 793
1679511407003 0.7512478232383728 794
1679511407109 0.7515657544136047 795
1679511407221 0.7513749599456787 796
1679511407323 0.751438558101654 797
1679511407425 0.7517723441123962 798
1679511407532 0.7515339255332947 799
1679511407632 0.7515021562576294 800
1679511407732 0.7512637376785278 801
1679511407841 0.751422643661499 802
1679511407945 0.7516452074050903 803
1679511408063 0.7511206269264221 804
1679511408164 0.7515021562576294 805
1679511408265 0.751422643661499 806
1679511408365 0.7512955069541931 807
1679511408463 0.7520425915718079 808
1679511408568 0.7513431906700134 809
1679511408668 0.7519472241401672 810
1679511408769 0.7515180706977844 811
1679511408873 0.7515021562576294 812
1679511408980 0.7512159943580627 813
1679511409082 0.75159752368927 814
1679511409185 0.751438558101654 815
1679511409290 0.7513431906700134 816
1679511409399 0.75159752368927 817
1679511409503 0.7513114213943481 818
1679511409607 0.751613438129425 819
1679511409712 0.7512001395225525 820
1679511409814 0.751756489276886 821
1679511409923 0.7518836259841919 822
1679511410023 0.7518677711486816 823
1679511410126 0.7513749599456787 824
1679511410228 0.7515657544136047 825
1679511410331 0.7518041729927063 826
1679511410432 0.7511047720909119 827
1679511410537 0.7514544725418091 828
1679511410643 0.7514544725418091 829
1679511410744 0.7513749599456787 830
1679511410847 0.7515021562576294 831
1679511410949 0.7517882585525513 832
1679511411052 0.7514703273773193 833
1679511411154 0.7519631385803223 834
1679511411261 0.7515657544136047 835
1679511411365 0.7514862418174744 836
1679511411468 0.7518518567085266 837
1679511411568 0.7514544725418091 838
1679511411672 0.75159752368927 839
1679511411773 0.7518359422683716 840
1679511411873 0.7518995404243469 841
1679511411980 0.7518995404243469 842
1679511412085 0.7510252594947815 843
1679511412196 0.7514544725418091 844
1679511412295 0.7516769766807556 845
1679511412398 0.7518995404243469 846
1679511412504 0.751613438129425 847
1679511412605 0.7515339255332947 848
1679511412705 0.7518677711486816 849
1679511412805 0.7516452074050903 850
1679511412910 0.751915454864502 851
1679511413010 0.7516292929649353 852
1679511413119 0.751581609249115 853
1679511413222 0.7516611218452454 854
1679511413326 0.7514862418174744 855
1679511413427 0.751756489276886 856
1679511413528 0.7516928911209106 857
1679511413632 0.7510888576507568 858
1679511413740 0.7516452074050903 859
1679511413840 0.7518041729927063 860
1679511413955 0.7518995404243469 861
1679511414055 0.7515021562576294 862
1679511414160 0.7514703273773193 863
1679511414262 0.7512319087982178 864
1679511414363 0.7517088055610657 865
1679511414462 0.7513591051101685 866
1679511414566 0.7516928911209106 867
1679511414668 0.751613438129425 868
1679511414778 0.751756489276886 869
1679511414881 0.7516292929649353 870
1679511414986 0.7516611218452454 871
1679511415084 0.7516292929649353 872
1679511415184 0.7519313097000122 873
1679511415285 0.7515498399734497 874
1679511415387 0.7519949078559875 875
1679511415491 0.751438558101654 876
1679511415595 0.7519313097000122 877
1679511415699 0.7517723441123962 878
1679511415804 0.7521061897277832 879
1679511415904 0.7516452074050903 880
1679511416014 0.7523446083068848 881
1679511416115 0.7523128390312195 882
1679511416216 0.7520585060119629 883
1679511416321 0.7516928911209106 884
1679511416422 0.7511206269264221 885
1679511416530 0.7519949078559875 886
1679511416631 0.7518995404243469 887
1679511416737 0.751422643661499 888
1679511416845 0.7514067888259888 889
1679511416951 0.7518995404243469 890
1679511417055 0.7515339255332947 891
1679511417181 0.7518200874328613 892
1679511417286 0.7515498399734497 893
1679511417400 0.7518200874328613 894
1679511417499 0.7517246603965759 895
1679511417600 0.7516928911209106 896
1679511417705 0.7516611218452454 897
1679511417806 0.7518677711486816 898
1679511417905 0.7516769766807556 899
1679511418007 0.7519313097000122 900
1679511418112 0.751581609249115 901
1679511418222 0.7521221041679382 902
1679511418325 0.7516928911209106 903
1679511418434 0.7518995404243469 904
1679511418541 0.751613438129425 905
1679511418643 0.7516769766807556 906
1679511418743 0.7518200874328613 907
1679511418843 0.7517246603965759 908
1679511418943 0.7518200874328613 909
1679511419046 0.7517246603965759 910
1679511419148 0.7517088055610657 911
1679511419254 0.7518041729927063 912
1679511419358 0.7517882585525513 913
1679511419461 0.751613438129425 914
1679511419562 0.7519313097000122 915
1679511419662 0.7518995404243469 916
1679511419763 0.7516292929649353 917
1679511419867 0.7513272762298584 918
1679511419980 0.7518995404243469 919
1679511420090 0.7517246603965759 920
1679511420191 0.7516769766807556 921
1679511420294 0.7515339255332947 922
1679511420393 0.7520266771316528 923
1679511420494 0.751581609249115 924
1679511420593 0.7515180706977844 925
1679511420699 0.7521697878837585 926
1679511420799 0.7514703273773193 927
1679511420903 0.751581609249115 928
1679511421006 0.7521061897277832 929
1679511421112 0.7521061897277832 930
1679511421213 0.7518677711486816 931
1679511421313 0.7518518567085266 932
1679511421414 0.7518359422683716 933
1679511421514 0.7515180706977844 934
1679511421619 0.7518359422683716 935
1679511421728 0.7516611218452454 936
1679511421830 0.7516769766807556 937
1679511421936 0.7520425915718079 938
1679511422042 0.7518836259841919 939
1679511422146 0.7517246603965759 940
1679511422245 0.7517246603965759 941
1679511422346 0.7516769766807556 942
1679511422452 0.7521697878837585 943
1679511422553 0.751915454864502 944
1679511422662 0.7521856427192688 945
1679511422762 0.7514862418174744 946
1679511422868 0.7518041729927063 947
1679511422970 0.7516452074050903 948
1679511423072 0.7514703273773193 949
1679511423176 0.7519313097000122 950
1679511423284 0.7519313097000122 951
1679511423394 0.7520108222961426 952
1679511423495 0.7518041729927063 953
1679511423595 0.7520266771316528 954
1679511423699 0.7518041729927063 955
1679511423802 0.7518041729927063 956
1679511423908 0.7516928911209106 957
1679511424010 0.7515657544136047 958
1679511424119 0.7521856427192688 959
1679511424231 0.7522492408752441 960
1679511424334 0.751438558101654 961
1679511424436 0.7521856427192688 962
1679511424540 0.7517723441123962 963
1679511424640 0.751740574836731 964
1679511424741 0.7515021562576294 965
1679511424840 0.7520902752876282 966
1679511424952 0.7519313097000122 967
1679511425058 0.7515021562576294 968
1679511425157 0.7523446083068848 969
1679511425259 0.7518200874328613 970
1679511425363 0.7518677711486816 971
1679511425468 0.7518995404243469 972
1679511425568 0.7516611218452454 973
1679511425669 0.7519472241401672 974
1679511425788 0.7519472241401672 975
1679511425890 0.7520585060119629 976
1679511425991 0.7517088055610657 977
1679511426094 0.7519472241401672 978
1679511426205 0.7521221041679382 979
1679511426307 0.7516928911209106 980
1679511426409 0.7517723441123962 981
1679511426510 0.7520108222961426 982
1679511426624 0.7521379590034485 983
1679511426724 0.7518995404243469 984
1679511426828 0.7520108222961426 985
1679511426930 0.7523446083068848 986
1679511427034 0.7514544725418091 987
1679511427135 0.7517723441123962 988
1679511427234 0.7518518567085266 989
1679511427337 0.7518041729927063 990
1679511427445 0.751740574836731 991
1679511427546 0.7516769766807556 992
1679511427650 0.7520425915718079 993
1679511427752 0.751740574836731 994
1679511427853 0.751756489276886 995
1679511427953 0.7517088055610657 996
1679511428053 0.7518359422683716 997
1679511428161 0.7517246603965759 998
1679511428275 0.7517246603965759 999
