1679511322689 0.641739547252655 0
1679511322786 0.5962840914726257 1
1679511322885 0.5705286264419556 2
1679511322985 0.5525891780853271 3
1679511323090 0.5404708981513977 4
1679511323188 0.5329187512397766 5
1679511323287 0.5286634564399719 6
1679511323386 0.5262554883956909 7
1679511323485 0.524958610534668 8
1679511323603 0.5241360068321228 9
1679511323711 0.5235636234283447 10
1679511323813 0.5231506824493408 11
1679511323913 0.5227739810943604 12
1679511324014 0.5225037336349487 13
1679511324115 0.5222205519676208 14
1679511324216 0.5219409465789795 15
1679511324318 0.5217076539993286 16
1679511324422 0.521521806716919 17
1679511324522 0.5213114619255066 18
1679511324619 0.5211210250854492 19
1679511324719 0.5209206342697144 20
1679511324818 0.5207375884056091 21
1679511324918 0.520546019077301 22
1679511325018 0.5204501152038574 23
1679511325118 0.5203068852424622 24
1679511325217 0.5201918482780457 25
1679511325319 0.5200444459915161 26
1679511325420 0.5198981165885925 27
1679511325522 0.5198048949241638 28
1679511325623 0.5196688771247864 29
1679511325724 0.5195491313934326 30
1679511325824 0.5194446444511414 31
1679511325923 0.5193464756011963 32
1679511326026 0.5192177891731262 33
1679511326123 0.5191478133201599 34
1679511326225 0.5190606117248535 35
1679511326325 0.5189631581306458 36
1679511326427 0.5188437104225159 37
1679511326542 0.5187481641769409 38
1679511326645 0.5186948776245117 39
1679511326746 0.5185767412185669 40
1679511326846 0.5185135006904602 41
1679511326948 0.5184231996536255 42
1679511327053 0.5183591842651367 43
1679511327158 0.5183030962944031 44
1679511327268 0.5182211995124817 45
1679511327378 0.5181410312652588 46
1679511327492 0.5180928707122803 47
1679511327598 0.5179547667503357 48
1679511327710 0.5179259181022644 49
1679511327817 0.5178693532943726 50
1679511327923 0.5177890658378601 51
1679511328027 0.5177325010299683 52
1679511328129 0.5176648497581482 53
1679511328231 0.5176096558570862 54
1679511328332 0.5175179839134216 55
1679511328434 0.5174772143363953 56
1679511328536 0.5173875689506531 57
1679511328644 0.5173478126525879 58
1679511328751 0.5172770619392395 59
1679511328858 0.5172054171562195 60
1679511328975 0.5171447992324829 61
1679511329077 0.5170882344245911 62
1679511329179 0.5170528292655945 63
1679511329279 0.5169612765312195 64
1679511329380 0.5169269442558289 65
1679511329486 0.5168421864509583 66
1679511329594 0.5167840123176575 67
1679511329700 0.516738772392273 68
1679511329811 0.5166816711425781 69
1679511329917 0.5166210532188416 70
1679511330024 0.5165559649467468 71
1679511330129 0.5165162682533264 72
1679511330234 0.5164313912391663 73
1679511330337 0.5164027214050293 74
1679511330442 0.5163358449935913 75
1679511330584 0.51625657081604 76
1679511330693 0.5162172317504883 77
1679511330811 0.5161787271499634 78
1679511330915 0.5160946249961853 79
1679511331020 0.5160635709762573 80
1679511331122 0.5159839391708374 81
1679511331225 0.5159130692481995 82
1679511331328 0.5158774852752686 83
1679511331432 0.515823245048523 84
1679511331534 0.5157631039619446 85
1679511331635 0.5156910419464111 86
1679511331735 0.5156509280204773 87
1679511331849 0.5156260132789612 88
1679511331949 0.5155442357063293 89
1679511332050 0.515474259853363 90
1679511332157 0.5154330134391785 91
1679511332259 0.5153650641441345 92
1679511332361 0.5152873992919922 93
1679511332470 0.5152739882469177 94
1679511332582 0.5151957273483276 95
1679511332684 0.5151883959770203 96
1679511332790 0.5151064395904541 97
1679511332897 0.5150573253631592 98
1679511333004 0.5149725079536438 99
1679511333112 0.5149209499359131 100
1679511333213 0.5149016976356506 101
1679511333320 0.5148590803146362 102
1679511333427 0.5147862434387207 103
1679511333530 0.5147265195846558 104
1679511333636 0.5146879553794861 105
1679511333735 0.514646589756012 106
1679511333833 0.5145928263664246 107
1679511333935 0.5145065188407898 108
1679511334042 0.5144743919372559 109
1679511334153 0.5144370198249817 110
1679511334259 0.5143322348594666 111
1679511334359 0.5143246054649353 112
1679511334462 0.5142548084259033 113
1679511334571 0.5141941905021667 114
1679511334671 0.5141913294792175 115
1679511334777 0.5140543580055237 116
1679511334884 0.5140435695648193 117
1679511334991 0.5140002965927124 118
1679511335096 0.5139455199241638 119
1679511335201 0.5139043927192688 120
1679511335304 0.5138363242149353 121
1679511335409 0.5137840509414673 122
1679511335519 0.5137327909469604 123
1679511335625 0.5136947631835938 124
1679511335726 0.5136479735374451 125
1679511335828 0.5135844349861145 126
1679511335932 0.5135307312011719 127
1679511336035 0.5134950876235962 128
1679511336139 0.5134280323982239 129
1679511336240 0.513325035572052 130
1679511336341 0.51334148645401 131
1679511336442 0.513214647769928 132
1679511336546 0.5132372975349426 133
1679511336660 0.5132028460502625 134
1679511336761 0.5131396651268005 135
1679511336863 0.5131029486656189 136
1679511336968 0.513024091720581 137
1679511337071 0.5129918456077576 138
1679511337176 0.5129682421684265 139
1679511337285 0.5128965377807617 140
1679511337389 0.5128251910209656 141
1679511337491 0.5127531290054321 142
1679511337595 0.5127590298652649 143
1679511337696 0.5127248764038086 144
1679511337800 0.5126737356185913 145
1679511337902 0.5125874280929565 146
1679511338004 0.512618362903595 147
1679511338110 0.5124842524528503 148
1679511338215 0.5125031471252441 149
1679511338318 0.5124366879463196 150
1679511338421 0.5123864412307739 151
1679511338528 0.5123563408851624 152
1679511338629 0.5122876167297363 153
1679511338731 0.5123114585876465 154
1679511338832 0.5122323036193848 155
1679511338939 0.5121544599533081 156
1679511339046 0.5121460556983948 157
1679511339154 0.5120657086372375 158
1679511339263 0.5120174884796143 159
1679511339367 0.5120182037353516 160
1679511339467 0.5119558572769165 161
1679511339571 0.5119249224662781 162
1679511339674 0.5118232369422913 163
1679511339780 0.5118317008018494 164
1679511339886 0.5118000507354736 165
1679511339995 0.5117442607879639 166
1679511340110 0.5117035508155823 167
1679511340223 0.5116543769836426 168
1679511340330 0.5116167068481445 169
1679511340436 0.5115662813186646 170
1679511340537 0.5115423202514648 171
1679511340635 0.5114768743515015 172
1679511340741 0.5114110708236694 173
1679511340840 0.5113741755485535 174
1679511340939 0.5113944411277771 175
1679511341038 0.5113105773925781 176
1679511341136 0.5112802386283875 177
1679511341241 0.5111969113349915 178
1679511341341 0.5112501978874207 179
1679511341440 0.5111613273620605 180
1679511341538 0.5111340284347534 181
1679511341643 0.5110478401184082 182
1679511341750 0.5110441446304321 183
1679511341856 0.5110029578208923 184
1679511341964 0.5110042691230774 185
1679511342076 0.510918378829956 186
1679511342192 0.5108949542045593 187
1679511342312 0.5108862519264221 188
1679511342435 0.5107961297035217 189
1679511342548 0.5107406973838806 190
1679511342669 0.5107525587081909 191
1679511342786 0.5106894969940186 192
1679511342890 0.5106753706932068 193
1679511342997 0.5106566548347473 194
1679511343105 0.5106111168861389 195
1679511343207 0.5105850100517273 196
1679511343311 0.5105277895927429 197
1679511343414 0.5104872584342957 198
1679511343516 0.5104547739028931 199
1679511343621 0.510394275188446 200
1679511343726 0.5103912353515625 201
1679511343830 0.510405421257019 202
1679511343932 0.5103330016136169 203
1679511344053 0.5103045701980591 204
1679511344160 0.5102614164352417 205
1679511344283 0.51024329662323 206
1679511344396 0.5101372599601746 207
1679511344512 0.5101653933525085 208
1679511344656 0.5101161003112793 209
1679511344775 0.510080099105835 210
1679511344883 0.5100520849227905 211
1679511344987 0.5100237131118774 212
1679511345091 0.5099803805351257 213
1679511345207 0.5099698305130005 214
1679511345313 0.50995934009552 215
1679511345419 0.5099009871482849 216
1679511345522 0.5098747611045837 217
1679511345622 0.5098388195037842 218
1679511345734 0.5098112225532532 219
1679511345843 0.5098010897636414 220
1679511345954 0.5097491145133972 221
1679511346099 0.5097494721412659 222
1679511346261 0.5096192359924316 223
1679511346368 0.5096787810325623 224
1679511346481 0.5096105933189392 225
1679511346594 0.5095723867416382 226
1679511346702 0.509590208530426 227
1679511346811 0.5095893144607544 228
1679511346912 0.5094943046569824 229
1679511347011 0.5094826817512512 230
1679511347110 0.5094605684280396 231
1679511347218 0.5093703269958496 232
1679511347339 0.5094022154808044 233
1679511347447 0.5093448758125305 234
1679511347561 0.5093427300453186 235
1679511347670 0.509365975856781 236
1679511347777 0.5093311667442322 237
1679511347884 0.5092685222625732 238
1679511347990 0.509244441986084 239
1679511348092 0.5092251896858215 240
1679511348193 0.5092014670372009 241
1679511348294 0.5091227889060974 242
1679511348401 0.5091268420219421 243
1679511348510 0.5090957283973694 244
1679511348611 0.5090907216072083 245
1679511348714 0.5090817213058472 246
1679511348820 0.5090354681015015 247
1679511348925 0.5090168118476868 248
1679511349029 0.509012758731842 249
1679511349128 0.5089688301086426 250
1679511349232 0.508893609046936 251
1679511349339 0.5089520812034607 252
1679511349445 0.5088890194892883 253
1679511349551 0.5088170170783997 254
1679511349668 0.5088313221931458 255
1679511349772 0.5087938904762268 256
1679511349876 0.5087769031524658 257
1679511349975 0.5087801814079285 258
1679511350074 0.5087730288505554 259
1679511350177 0.5087120532989502 260
1679511350283 0.508689284324646 261
1679511350388 0.508690595626831 262
1679511350490 0.5086385607719421 263
1679511350594 0.5086764097213745 264
1679511350698 0.5086201429367065 265
1679511350807 0.5085925459861755 266
1679511350911 0.5085616707801819 267
1679511351013 0.5085271000862122 268
1679511351115 0.5085311532020569 269
1679511351218 0.5085178017616272 270
1679511351318 0.5084995031356812 271
1679511351422 0.5084533095359802 272
1679511351529 0.5084268450737 273
1679511351635 0.5084085464477539 274
1679511351748 0.5083559155464172 275
1679511351854 0.508349597454071 276
1679511351965 0.508352518081665 277
1679511352076 0.5083096623420715 278
1679511352179 0.5083343386650085 279
1679511352283 0.5082588195800781 280
1679511352393 0.5082741379737854 281
1679511352500 0.5082640051841736 282
1679511352605 0.5082200169563293 283
1679511352709 0.5081970691680908 284
1679511352812 0.508129894733429 285
1679511352921 0.5081605315208435 286
1679511353022 0.5081209540367126 287
1679511353128 0.50815349817276 288
1679511353229 0.5080939531326294 289
1679511353329 0.5080977082252502 290
1679511353429 0.5080662369728088 291
1679511353530 0.5080330967903137 292
1679511353633 0.5080114006996155 293
1679511353791 0.5080797076225281 294
1679511353901 0.5080177187919617 295
1679511354028 0.5079572200775146 296
1679511354169 0.5079764723777771 297
1679511354280 0.5079509615898132 298
1679511354407 0.5078774094581604 299
1679511354522 0.507903516292572 300
1679511354622 0.5078741312026978 301
1679511354727 0.5078957676887512 302
1679511354833 0.5078781843185425 303
1679511354946 0.5078541040420532 304
1679511355046 0.5078599452972412 305
1679511355153 0.5078200101852417 306
1679511355262 0.5078305006027222 307
1679511355367 0.507789671421051 308
1679511355474 0.5077384114265442 309
1679511355585 0.5077361464500427 310
1679511355700 0.5077521800994873 311
1679511355803 0.5076873302459717 312
1679511355908 0.5077221989631653 313
1679511356009 0.5076349973678589 314
1679511356110 0.5076703429222107 315
1679511356212 0.5076414942741394 316
1679511356313 0.5076379179954529 317
1679511356415 0.5075905919075012 318
1679511356516 0.5076326131820679 319
1679511356620 0.507590115070343 320
1679511356732 0.5075206160545349 321
1679511356840 0.507565438747406 322
1679511356949 0.5074726939201355 323
1679511357055 0.5075222253799438 324
1679511357156 0.5074957609176636 325
1679511357255 0.5075211524963379 326
1679511357358 0.5074639320373535 327
1679511357459 0.5073981285095215 328
1679511357565 0.5074350237846375 329
1679511357673 0.5074236392974854 330
1679511357778 0.5074216723442078 331
1679511357883 0.5073864459991455 332
1679511357987 0.5073262453079224 333
1679511358090 0.507364809513092 334
1679511358193 0.5073529481887817 335
1679511358306 0.5073294639587402 336
1679511358453 0.5073234438896179 337
1679511358563 0.5072734951972961 338
1679511358673 0.5072781443595886 339
1679511358778 0.5073032379150391 340
1679511358878 0.5072619318962097 341
1679511358977 0.5072595477104187 342
1679511359081 0.5072295069694519 343
1679511359180 0.5071989297866821 344
1679511359290 0.50722336769104 345
1679511359393 0.5071508288383484 346
1679511359495 0.5072051882743835 347
1679511359592 0.5071468353271484 348
1679511359695 0.5070920586585999 349
1679511359800 0.5071090459823608 350
1679511359903 0.5071264505386353 351
1679511360009 0.5071470141410828 352
1679511360116 0.5070888996124268 353
1679511360220 0.5070832371711731 354
1679511360320 0.5070710778236389 355
1679511360423 0.5070647597312927 356
1679511360525 0.5070641040802002 357
1679511360626 0.5069844722747803 358
1679511360742 0.5070380568504333 359
1679511360848 0.5069754123687744 360
1679511360961 0.5069970488548279 361
1679511361065 0.5069839954376221 362
1679511361168 0.5069840550422668 363
1679511361272 0.5069291591644287 364
1679511361375 0.5069442391395569 365
1679511361479 0.5069674253463745 366
1679511361584 0.5068915486335754 367
1679511361693 0.5068913102149963 368
1679511361797 0.5069411993026733 369
1679511361900 0.5068877339363098 370
1679511362003 0.5068225264549255 371
1679511362107 0.5068724751472473 372
1679511362207 0.5068450570106506 373
1679511362310 0.5067825317382812 374
1679511362422 0.506808340549469 375
1679511362539 0.506811797618866 376
1679511362641 0.5067986249923706 377
1679511362742 0.506757378578186 378
1679511362841 0.506762683391571 379
1679511362943 0.506806492805481 380
1679511363054 0.5067700743675232 381
1679511363161 0.5067217946052551 382
1679511363265 0.506674587726593 383
1679511363368 0.5066569447517395 384
1679511363471 0.5067247152328491 385
1679511363580 0.5066253542900085 386
1679511363690 0.506666898727417 387
1679511363799 0.5067009329795837 388
1679511363906 0.5066041350364685 389
1679511364009 0.5067046880722046 390
1679511364110 0.5066444277763367 391
1679511364214 0.5066439509391785 392
1679511364318 0.506596028804779 393
1679511364426 0.5066075325012207 394
1679511364532 0.5065866708755493 395
1679511364637 0.5065900683403015 396
1679511364741 0.5065692663192749 397
1679511364847 0.5065677762031555 398
1679511364952 0.5065337419509888 399
1679511365056 0.5065144300460815 400
1679511365161 0.5064623355865479 401
1679511365265 0.5065361261367798 402
1679511365374 0.5064774751663208 403
1679511365482 0.5064654350280762 404
1679511365586 0.5064577460289001 405
1679511365697 0.5064459443092346 406
1679511365799 0.5064560770988464 407
1679511365902 0.5064671039581299 408
1679511366019 0.5064672231674194 409
1679511366200 0.5063724517822266 410
1679511366307 0.5064039826393127 411
1679511366412 0.5064025521278381 412
1679511366519 0.5063871741294861 413
1679511366621 0.5063931941986084 414
1679511366724 0.5063462257385254 415
1679511366827 0.5063586831092834 416
1679511366930 0.5063527226448059 417
1679511367031 0.5062893033027649 418
1679511367156 0.506320595741272 419
1679511367262 0.5063015818595886 420
1679511367362 0.5063223242759705 421
1679511367463 0.506256103515625 422
1679511367563 0.5063246488571167 423
1679511367664 0.5062938332557678 424
1679511367765 0.5062794089317322 425
1679511367865 0.5062604546546936 426
1679511367973 0.5062600374221802 427
1679511368074 0.5062106251716614 428
1679511368176 0.5061993598937988 429
1679511368276 0.5062230229377747 430
1679511368375 0.5062357783317566 431
1679511368476 0.5061893463134766 432
1679511368592 0.5062028169631958 433
1679511368702 0.5062239766120911 434
1679511368812 0.506167471408844 435
1679511368917 0.5061397552490234 436
1679511369020 0.5061866641044617 437
1679511369120 0.5061424970626831 438
1679511369230 0.5061163306236267 439
1679511369335 0.5061349868774414 440
1679511369444 0.5061302781105042 441
1679511369549 0.5061458945274353 442
1679511369659 0.5060452222824097 443
1679511369763 0.5061202049255371 444
1679511369866 0.5060746073722839 445
1679511369965 0.5060798525810242 446
1679511370077 0.5060127973556519 447
1679511370184 0.506081759929657 448
1679511370288 0.506065309047699 449
1679511370394 0.5060580968856812 450
1679511370495 0.5060215592384338 451
1679511370598 0.5059871673583984 452
1679511370701 0.5060107707977295 453
1679511370801 0.5060147643089294 454
1679511370902 0.5059608817100525 455
1679511371003 0.5059695243835449 456
1679511371105 0.505961537361145 457
1679511371214 0.5060069561004639 458
1679511371316 0.5059778094291687 459
1679511371420 0.5058873295783997 460
1679511371532 0.5059680938720703 461
1679511371635 0.5059872269630432 462
1679511371738 0.505947470664978 463
1679511371846 0.5058948397636414 464
1679511371955 0.5058914422988892 465
1679511372060 0.5058725476264954 466
1679511372163 0.5059115290641785 467
1679511372266 0.5058720707893372 468
1679511372368 0.5058659911155701 469
1679511372470 0.5059157013893127 470
1679511372577 0.5058553218841553 471
1679511372687 0.505868673324585 472
1679511372793 0.5058323740959167 473
1679511372901 0.5058532357215881 474
1679511373013 0.5058573484420776 475
1679511373119 0.5058209300041199 476
1679511373222 0.5057981610298157 477
1679511373324 0.5058112740516663 478
1679511373423 0.5058170557022095 479
1679511373528 0.5057823061943054 480
1679511373631 0.5058046579360962 481
1679511373735 0.5057918429374695 482
1679511373839 0.5057758688926697 483
1679511373946 0.5057856440544128 484
1679511374049 0.5057862401008606 485
1679511374148 0.5057713985443115 486
1679511374253 0.5057766437530518 487
1679511374361 0.5057397484779358 488
1679511374472 0.5057675838470459 489
1679511374574 0.5057279467582703 490
1679511374676 0.5057272911071777 491
1679511374780 0.5056918859481812 492
1679511374880 0.5057353973388672 493
1679511374987 0.5057007670402527 494
1679511375092 0.5056484937667847 495
1679511375196 0.505687952041626 496
1679511375309 0.505652904510498 497
1679511375468 0.5056855082511902 498
1679511375588 0.5057097673416138 499
1679511375714 0.5056787729263306 500
1679511375865 0.5056266188621521 501
1679511375982 0.5056291222572327 502
1679511376091 0.5056233406066895 503
1679511376199 0.5056487917900085 504
1679511376306 0.5056210160255432 505
1679511376410 0.5056134462356567 506
1679511376510 0.5056108236312866 507
1679511376615 0.5055572986602783 508
1679511376719 0.505577802658081 509
1679511376823 0.505609393119812 510
1679511376928 0.5056217312812805 511
1679511377032 0.505600094795227 512
1679511377139 0.5055420994758606 513
1679511377251 0.5055968165397644 514
1679511377363 0.5055691599845886 515
1679511377466 0.5054950714111328 516
1679511377568 0.5055150985717773 517
1679511377673 0.5054946541786194 518
1679511377777 0.5055579543113708 519
1679511377879 0.5054880380630493 520
1679511377985 0.5055391788482666 521
1679511378091 0.5054744482040405 522
1679511378196 0.5055057406425476 523
1679511378301 0.5055142045021057 524
1679511378404 0.5055062174797058 525
1679511378515 0.5054972767829895 526
1679511378617 0.5054771304130554 527
1679511378722 0.5055118799209595 528
1679511378831 0.5054901242256165 529
1679511379000 0.5054177641868591 530
1679511379156 0.505496621131897 531
1679511379261 0.5054256319999695 532
1679511379367 0.5054740905761719 533
1679511379511 0.5054498910903931 534
1679511379619 0.5054582953453064 535
1679511379726 0.5053876638412476 536
1679511379830 0.5054576396942139 537
1679511379936 0.5054111480712891 538
1679511380036 0.5054180026054382 539
1679511380149 0.5053650140762329 540
1679511380255 0.5053873658180237 541
1679511380359 0.5054143667221069 542
1679511380464 0.5053591132164001 543
1679511380572 0.505389928817749 544
1679511380679 0.5053390860557556 545
1679511380783 0.505397379398346 546
1679511380890 0.5053390264511108 547
1679511380995 0.5053304433822632 548
1679511381099 0.5053145289421082 549
1679511381203 0.5052823424339294 550
1679511381315 0.5053771734237671 551
1679511381425 0.5053018927574158 552
1679511381541 0.505347490310669 553
1679511381647 0.505307137966156 554
1679511381761 0.5052762031555176 555
1679511381898 0.5053154230117798 556
1679511382020 0.5052963495254517 557
1679511382135 0.5053117275238037 558
1679511382246 0.5052536725997925 559
1679511382348 0.5052958130836487 560
1679511382452 0.5052667856216431 561
1679511382555 0.5052428245544434 562
1679511382666 0.5052579641342163 563
1679511382770 0.50527423620224 564
1679511382878 0.5052236914634705 565
1679511382985 0.505244791507721 566
1679511383090 0.5052832365036011 567
1679511383203 0.5052284598350525 568
1679511383344 0.505193293094635 569
1679511383527 0.5052019953727722 570
1679511383633 0.5051363706588745 571
1679511383740 0.5052688717842102 572
1679511383877 0.5052036046981812 573
1679511383991 0.5052196383476257 574
1679511384100 0.5051972270011902 575
1679511384206 0.5052163600921631 576
1679511384311 0.5052452683448792 577
1679511384414 0.5052098631858826 578
1679511384514 0.5052120089530945 579
1679511384618 0.5052052140235901 580
1679511384721 0.5051778554916382 581
1679511384825 0.5051673054695129 582
1679511384929 0.5051472783088684 583
1679511385037 0.5051987171173096 584
1679511385146 0.5051548480987549 585
1679511385251 0.5051256418228149 586
1679511385353 0.505142092704773 587
1679511385456 0.5051618218421936 588
1679511385562 0.5050270557403564 589
1679511385670 0.5051537752151489 590
1679511385777 0.5051771998405457 591
1679511385879 0.5051258206367493 592
1679511385981 0.5051069855690002 593
1679511386083 0.5050674080848694 594
1679511386188 0.505105197429657 595
1679511386299 0.5050734877586365 596
1679511386402 0.5051230192184448 597
1679511386512 0.5051032900810242 598
1679511386623 0.5050909519195557 599
1679511386731 0.5050652623176575 600
1679511386840 0.5050203204154968 601
1679511386985 0.5049946904182434 602
1679511387104 0.5050704479217529 603
1679511387213 0.5050601959228516 604
1679511387322 0.5049974918365479 605
1679511387427 0.5050312876701355 606
1679511387534 0.5049945116043091 607
1679511387640 0.5050538778305054 608
1679511387748 0.5050311088562012 609
1679511387847 0.5050316452980042 610
1679511387946 0.5049962401390076 611
1679511388046 0.5050227642059326 612
1679511388146 0.5050128102302551 613
1679511388252 0.5050205588340759 614
1679511388354 0.5049483776092529 615
1679511388453 0.5050026178359985 616
1679511388554 0.505016028881073 617
1679511388659 0.504952073097229 618
1679511388766 0.5049373507499695 619
1679511388872 0.504945695400238 620
1679511388981 0.5050081610679626 621
1679511389085 0.504888117313385 622
1679511389186 0.5049446225166321 623
1679511389285 0.5049472451210022 624
1679511389386 0.5049433708190918 625
1679511389492 0.5049271583557129 626
1679511389597 0.5048782229423523 627
1679511389700 0.5049635767936707 628
1679511389801 0.5049151182174683 629
1679511389902 0.5049076080322266 630
1679511390005 0.5048995018005371 631
1679511390118 0.5049457550048828 632
1679511390223 0.5049245357513428 633
1679511390326 0.504896342754364 634
1679511390427 0.5048317313194275 635
1679511390527 0.5049206018447876 636
1679511390631 0.5048983097076416 637
1679511390733 0.5048680901527405 638
1679511390831 0.504888653755188 639
1679511390938 0.5048887133598328 640
1679511391039 0.5048850774765015 641
1679511391141 0.5048795342445374 642
1679511391270 0.5048905611038208 643
1679511391379 0.5048824548721313 644
1679511391480 0.5048359036445618 645
1679511391586 0.5048460960388184 646
1679511391688 0.5048726201057434 647
1679511391791 0.5048224329948425 648
1679511391892 0.504826009273529 649
1679511392001 0.5047902464866638 650
1679511392102 0.5048402547836304 651
1679511392203 0.5048052668571472 652
1679511392309 0.5047981142997742 653
1679511392411 0.5048189163208008 654
1679511392510 0.5048055052757263 655
1679511392618 0.5047751069068909 656
1679511392724 0.5048031806945801 657
1679511392827 0.5048448443412781 658
1679511392934 0.5047934055328369 659
1679511393034 0.5048341155052185 660
1679511393133 0.504842221736908 661
1679511393232 0.5048316717147827 662
1679511393344 0.504798412322998 663
1679511393448 0.5047752857208252 664
1679511393556 0.5047287940979004 665
1679511393663 0.5047314763069153 666
1679511393763 0.5047155022621155 667
1679511393876 0.5047551989555359 668
1679511393978 0.5047094225883484 669
1679511394079 0.5047584772109985 670
1679511394179 0.5047639608383179 671
1679511394278 0.5047498345375061 672
1679511394379 0.5047565698623657 673
1679511394480 0.5047284960746765 674
1679511394577 0.5046976804733276 675
1679511394682 0.5047074556350708 676
1679511394794 0.5046824812889099 677
1679511394899 0.5047152042388916 678
1679511394999 0.5046897530555725 679
1679511395099 0.5047211050987244 680
1679511395199 0.504717230796814 681
1679511395305 0.5046762228012085 682
1679511395407 0.5047206282615662 683
1679511395505 0.5047191381454468 684
1679511395605 0.5046735405921936 685
1679511395705 0.5046942234039307 686
1679511395808 0.5046893954277039 687
1679511395916 0.5046491026878357 688
1679511396018 0.5047095417976379 689
1679511396116 0.504673182964325 690
1679511396222 0.5046972632408142 691
1679511396325 0.5046054720878601 692
1679511396424 0.5046530365943909 693
1679511396522 0.5046494603157043 694
1679511396621 0.504662275314331 695
1679511396723 0.5045788884162903 696
1679511396828 0.5046384930610657 697
1679511396930 0.5046547055244446 698
1679511397030 0.5046572089195251 699
1679511397129 0.504612922668457 700
1679511397228 0.5045492649078369 701
1679511397327 0.5046495199203491 702
1679511397431 0.504604697227478 703
1679511397536 0.5046074986457825 704
1679511397636 0.5046252608299255 705
1679511397747 0.5046146512031555 706
1679511397846 0.5045740604400635 707
1679511397948 0.5045892596244812 708
1679511398048 0.5046265125274658 709
1679511398149 0.5046229362487793 710
1679511398249 0.5045698881149292 711
1679511398348 0.504601240158081 712
1679511398455 0.504571259021759 713
1679511398555 0.5045546293258667 714
1679511398656 0.5045322775840759 715
1679511398765 0.5045784711837769 716
1679511398869 0.5045382380485535 717
1679511398980 0.5045986771583557 718
1679511399082 0.5045427680015564 719
1679511399184 0.5044839978218079 720
1679511399285 0.504582941532135 721
1679511399385 0.504523754119873 722
1679511399486 0.5045135021209717 723
1679511399587 0.5045241713523865 724
1679511399689 0.5045166611671448 725
1679511399803 0.504497230052948 726
1679511399901 0.5045459866523743 727
1679511400006 0.5045382976531982 728
1679511400107 0.5045196413993835 729
1679511400208 0.5045683979988098 730
1679511400310 0.5044602155685425 731
1679511400412 0.5045052170753479 732
1679511400518 0.5045509338378906 733
1679511400618 0.5044234991073608 734
1679511400725 0.5045282244682312 735
1679511400825 0.5044882297515869 736
1679511400930 0.5045040249824524 737
1679511401034 0.5044654011726379 738
1679511401133 0.5044743418693542 739
1679511401234 0.5044546127319336 740
1679511401335 0.5044771432876587 741
1679511401441 0.5044868588447571 742
1679511401547 0.504443883895874 743
1679511401661 0.5044718384742737 744
1679511401769 0.5044553875923157 745
1679511401869 0.5044035315513611 746
1679511401970 0.5044429898262024 747
1679511402081 0.5044854283332825 748
1679511402208 0.5044345855712891 749
1679511402309 0.504384458065033 750
1679511402409 0.5044268369674683 751
1679511402518 0.5044712424278259 752
1679511402632 0.504459023475647 753
1679511402738 0.5044463872909546 754
1679511402842 0.504423975944519 755
1679511402944 0.5043839812278748 756
1679511403046 0.5044337511062622 757
1679511403159 0.5043887495994568 758
1679511403259 0.5044069886207581 759
1679511403357 0.5044209957122803 760
1679511403458 0.5044336915016174 761
1679511403574 0.5043195486068726 762
1679511403690 0.5044146776199341 763
1679511403806 0.5043230056762695 764
1679511403917 0.5043509602546692 765
1679511404026 0.5043578147888184 766
1679511404142 0.5044117569923401 767
1679511404256 0.504330575466156 768
1679511404368 0.5043753981590271 769
1679511404472 0.5043726563453674 770
1679511404587 0.5044204592704773 771
1679511404691 0.5043586492538452 772
1679511404799 0.5043588280677795 773
1679511404908 0.5043935179710388 774
1679511405013 0.5043333768844604 775
1679511405119 0.5043478608131409 776
1679511405219 0.5043744444847107 777
1679511405322 0.5042567849159241 778
1679511405433 0.5043368339538574 779
1679511405535 0.5043487548828125 780
1679511405640 0.5043691396713257 781
1679511405740 0.5043234825134277 782
1679511405845 0.5043697357177734 783
1679511405950 0.504309892654419 784
1679511406050 0.5043814182281494 785
1679511406155 0.5043388605117798 786
1679511406267 0.5043333172798157 787
1679511406372 0.5042816996574402 788
1679511406488 0.5043292045593262 789
1679511406593 0.5043008923530579 790
1679511406700 0.5043054819107056 791
1679511406801 0.5043265223503113 792
1679511406901 0.5043056011199951 793
1679511407003 0.5042824149131775 794
1679511407109 0.5043373703956604 795
1679511407221 0.5043081641197205 796
1679511407323 0.5043227076530457 797
1679511407425 0.5042214393615723 798
1679511407532 0.50423264503479 799
1679511407632 0.504241406917572 800
1679511407732 0.5042892098426819 801
1679511407841 0.5042539238929749 802
1679511407945 0.5042621493339539 803
1679511408063 0.5041887164115906 804
1679511408164 0.5042858123779297 805
1679511408265 0.5042522549629211 806
1679511408365 0.5042333006858826 807
1679511408463 0.5042168498039246 808
1679511408568 0.5042463541030884 809
1679511408668 0.5042520761489868 810
1679511408769 0.5042638778686523 811
1679511408873 0.5042731165885925 812
1679511408980 0.5041944980621338 813
1679511409082 0.5042504072189331 814
1679511409185 0.5042555332183838 815
1679511409290 0.5042511820793152 816
1679511409399 0.5042217969894409 817
1679511409503 0.5042323470115662 818
1679511409607 0.5042679905891418 819
1679511409712 0.5042238235473633 820
1679511409814 0.5042015314102173 821
1679511409923 0.5042273998260498 822
1679511410023 0.5042030215263367 823
1679511410126 0.5042473673820496 824
1679511410228 0.5041952729225159 825
1679511410331 0.5041524767875671 826
1679511410432 0.504228949546814 827
1679511410537 0.504210889339447 828
1679511410643 0.504189133644104 829
1679511410744 0.5041936039924622 830
1679511410847 0.5041868686676025 831
1679511410949 0.5041337609291077 832
1679511411052 0.504183828830719 833
1679511411154 0.5041930675506592 834
1679511411261 0.5042057633399963 835
1679511411365 0.5041317343711853 836
1679511411468 0.5041552186012268 837
1679511411568 0.5041972994804382 838
1679511411672 0.5041285157203674 839
1679511411773 0.5042027235031128 840
1679511411873 0.5041946172714233 841
1679511411980 0.504127025604248 842
1679511412085 0.504144012928009 843
1679511412196 0.504111111164093 844
1679511412295 0.5041660666465759 845
1679511412398 0.5040891766548157 846
1679511412504 0.5041408538818359 847
1679511412605 0.5040996074676514 848
1679511412705 0.504131019115448 849
1679511412805 0.5041109919548035 850
1679511412910 0.5040543079376221 851
1679511413010 0.5041366815567017 852
1679511413119 0.5041472911834717 853
1679511413222 0.5041177868843079 854
1679511413326 0.5041148066520691 855
1679511413427 0.5040895938873291 856
1679511413528 0.5041260123252869 857
1679511413632 0.5041430592536926 858
1679511413740 0.5040790438652039 859
1679511413840 0.5041091442108154 860
1679511413955 0.5040932893753052 861
1679511414055 0.504069983959198 862
1679511414160 0.5040470957756042 863
1679511414262 0.5041094422340393 864
1679511414363 0.5040767788887024 865
1679511414462 0.5040664076805115 866
1679511414566 0.504052460193634 867
1679511414668 0.5040428042411804 868
1679511414778 0.5040990710258484 869
1679511414881 0.5041073560714722 870
1679511414986 0.5040819644927979 871
1679511415084 0.5040692090988159 872
1679511415184 0.5040569305419922 873
1679511415285 0.5040938258171082 874
1679511415387 0.5040197372436523 875
1679511415491 0.5039749145507812 876
1679511415595 0.5040320754051208 877
1679511415699 0.5040479302406311 878
1679511415804 0.5040513277053833 879
1679511415904 0.5040013194084167 880
1679511416014 0.5040808916091919 881
1679511416115 0.5040395259857178 882
1679511416216 0.5040615797042847 883
1679511416321 0.5040210485458374 884
1679511416422 0.5040541887283325 885
1679511416530 0.5040456056594849 886
1679511416631 0.5039737820625305 887
1679511416737 0.5039747953414917 888
1679511416845 0.5040029883384705 889
1679511416951 0.5039859414100647 890
1679511417055 0.5040537118911743 891
1679511417181 0.5039879083633423 892
1679511417286 0.5040417313575745 893
1679511417400 0.5039880275726318 894
1679511417499 0.5040395259857178 895
1679511417600 0.5040106177330017 896
1679511417705 0.5040267109870911 897
1679511417806 0.5040001273155212 898
1679511417905 0.5039944052696228 899
1679511418007 0.5039971470832825 900
1679511418112 0.5039929747581482 901
1679511418222 0.5039606094360352 902
1679511418325 0.5039938688278198 903
1679511418434 0.5038957595825195 904
1679511418541 0.5040202140808105 905
1679511418643 0.5040076375007629 906
1679511418743 0.5039377808570862 907
1679511418843 0.5039589405059814 908
1679511418943 0.5039424300193787 909
1679511419046 0.5039685368537903 910
1679511419148 0.5039322376251221 911
1679511419254 0.5039579272270203 912
1679511419358 0.503943920135498 913
1679511419461 0.5039913058280945 914
1679511419562 0.5039703845977783 915
1679511419662 0.5039451122283936 916
1679511419763 0.5039585828781128 917
1679511419867 0.5039313435554504 918
1679511419980 0.5039582848548889 919
1679511420090 0.5039432644844055 920
1679511420191 0.5039560794830322 921
1679511420294 0.5039292573928833 922
1679511420393 0.5039405822753906 923
1679511420494 0.5038870573043823 924
1679511420593 0.5039563179016113 925
1679511420699 0.503886878490448 926
1679511420799 0.503933846950531 927
1679511420903 0.5039597749710083 928
1679511421006 0.5039188861846924 929
1679511421112 0.5039187073707581 930
1679511421213 0.5038787722587585 931
1679511421313 0.5039039850234985 932
1679511421414 0.5038016438484192 933
1679511421514 0.5039216876029968 934
1679511421619 0.5038840174674988 935
1679511421728 0.5038952231407166 936
1679511421830 0.5038827061653137 937
1679511421936 0.5038629174232483 938
1679511422042 0.5039449334144592 939
1679511422146 0.5038888454437256 940
1679511422245 0.5039082169532776 941
1679511422346 0.5038986802101135 942
1679511422452 0.5039310455322266 943
1679511422553 0.5039255023002625 944
1679511422662 0.5038647651672363 945
1679511422762 0.5038493871688843 946
1679511422868 0.5039025545120239 947
1679511422970 0.503860592842102 948
1679511423072 0.5038647055625916 949
1679511423176 0.5038803219795227 950
1679511423284 0.5038756132125854 951
1679511423394 0.5038445591926575 952
1679511423495 0.5038261413574219 953
1679511423595 0.5038242936134338 954
1679511423699 0.5038551688194275 955
1679511423802 0.5038259625434875 956
1679511423908 0.5038391351699829 957
1679511424010 0.5037623643875122 958
1679511424119 0.5038902163505554 959
1679511424231 0.5037932991981506 960
1679511424334 0.5038190484046936 961
1679511424436 0.503852903842926 962
1679511424540 0.5038291215896606 963
1679511424640 0.5038266181945801 964
1679511424741 0.5038450360298157 965
1679511424840 0.503818929195404 966
1679511424952 0.5038455724716187 967
1679511425058 0.5038028359413147 968
1679511425157 0.5037296414375305 969
1679511425259 0.5038067698478699 970
1679511425363 0.5038374066352844 971
1679511425468 0.5038242340087891 972
1679511425568 0.5038436651229858 973
1679511425669 0.5038243532180786 974
1679511425788 0.5037514567375183 975
1679511425890 0.5037713646888733 976
1679511425991 0.5037720203399658 977
1679511426094 0.5038253664970398 978
1679511426205 0.5038639307022095 979
1679511426307 0.5037412047386169 980
1679511426409 0.5037978887557983 981
1679511426510 0.5037876963615417 982
1679511426624 0.5037834048271179 983
1679511426724 0.503717303276062 984
1679511426828 0.503727912902832 985
1679511426930 0.5037877559661865 986
1679511427034 0.5037733316421509 987
1679511427135 0.5038353800773621 988
1679511427234 0.5037298202514648 989
1679511427337 0.5038003325462341 990
1679511427445 0.5037463903427124 991
1679511427546 0.503768801689148 992
1679511427650 0.5037977695465088 993
1679511427752 0.5037701725959778 994
1679511427853 0.5037638545036316 995
1679511427953 0.5037773251533508 996
1679511428053 0.5037561058998108 997
1679511428161 0.5037466287612915 998
1679511428275 0.5037474632263184 999
