1679783679224 0.7050230503082275 0
1679783682392 0.7051025032997131 1
1679783685365 0.7051025032997131 2
1679783688512 0.7051025032997131 3
1679783695259 0.7049912810325623 0
1679783698387 0.7051025032997131 1
1679783701402 0.7051025032997131 2
1679783704669 0.7051025032997131 3
1679783707782 0.7051025032997131 4
1679783710806 0.7051025032997131 5
1679783713863 0.7051025032997131 6
1679783720326 0.7049753665924072 0
1679783723282 0.7051025032997131 1
1679783726262 0.7051025032997131 2
1679783729354 0.7051025032997131 3
1679783732315 0.7051025032997131 4
1679783735306 0.7051025032997131 5
1679783738441 0.7051025032997131 6
1679783745837 0.7046733498573303 0
1679783749402 0.7051025032997131 1
1679783753252 0.7051025032997131 2
1679783760570 0.7048323154449463 0
1679783764201 0.7051025032997131 1
1679783767710 0.7051025032997131 2
1679783775305 0.704768717288971 0
1679783779265 0.7051025032997131 1
1679783783107 0.7051025032997131 2
1679783790358 0.7051025032997131 0
1679783793813 0.7051025032997131 1
1679783797106 0.7051025032997131 2
1679783800395 0.7051025032997131 3
1679783803805 0.7051025032997131 4
1679783807313 0.7051025032997131 5
1679783810702 0.7051025032997131 6
1679783814242 0.7051025032997131 7
1679783817543 0.7051025032997131 8
1679783821012 0.7051025032997131 9
1679783827720 0.7046574354171753 0
1679783831188 0.7051025032997131 1
