1679783679224 2.291792154312134 0
1679783682392 1.9581977128982544 1
1679783685365 1.9482922554016113 2
1679783688512 1.9450891017913818 3
1679783695259 2.280632257461548 0
1679783698387 1.947776436805725 1
1679783701402 1.9434280395507812 2
1679783704669 1.9421530961990356 3
1679783707782 1.9431748390197754 4
1679783710806 1.9411019086837769 5
1679783713863 1.9399765729904175 6
1679783720326 2.293769359588623 0
1679783723282 1.9602622985839844 1
1679783726262 1.9440780878067017 2
1679783729354 1.9478768110275269 3
1679783732315 1.9374295473098755 4
1679783735306 1.9389387369155884 5
1679783738441 1.9449185132980347 6
1679783745837 33.753238677978516 0
1679783749402 6.283680438995361 1
1679783753252 6.3830790519714355 2
1679783760570 33.7780647277832 0
1679783764201 6.282792568206787 1
1679783767710 6.381091594696045 2
1679783775305 33.74470520019531 0
1679783779265 6.285310745239258 1
1679783783107 6.38693380355835 2
1679783790358 232.19125366210938 0
1679783793813 1.044267177581787 1
1679783797106 1.040305495262146 2
1679783800395 1.0360244512557983 3
1679783803805 1.0334892272949219 4
1679783807313 1.0320864915847778 5
1679783810702 1.029521107673645 6
1679783814242 1.0280580520629883 7
1679783817543 1.028447151184082 8
1679783821012 1.0301909446716309 9
1679783827720 231.90206909179688 0
1679783831188 1.0469318628311157 1
