1679511094866 0.7184390425682068 0
1679511094971 0.7377682328224182 1
1679511095074 0.7384835481643677 2
1679511095177 0.7400254607200623 3
1679511095281 0.7412176132202148 4
1679511095384 0.7408838272094727 5
1679511095488 0.7414560317993164 6
1679511095593 0.742680013179779 7
1679511095693 0.7413447499275208 8
1679511095797 0.742838978767395 9
1679511095902 0.7440470457077026 10
1679511096002 0.7440152764320374 11
1679511096107 0.7451438307762146 12
1679511096211 0.7449530959129333 13
1679511096314 0.745048463344574 14
1679511096419 0.7445716261863708 15
1679511096526 0.7459068298339844 16
1679511096629 0.7457956075668335 17
1679511096732 0.7460340261459351 18
1679511096837 0.7468287944793701 19
1679511096942 0.7468447089195251 20
1679511097044 0.7470831274986267 21
1679511097146 0.7472103238105774 22
1679511097249 0.7478461265563965 23
1679511097353 0.7480368614196777 24
1679511097456 0.7490382790565491 25
1679511097560 0.7485296726226807 26
1679511097661 0.7482753396034241 27
1679511097770 0.7489588260650635 28
1679511097876 0.748084545135498 29
1679511097979 0.7489588260650635 30
1679511098083 0.748561441898346 31
1679511098188 0.7487044930458069 32
1679511098299 0.7480527758598328 33
1679511098403 0.7490701079368591 34
1679511098505 0.7485932111740112 35
1679511098610 0.7489747405052185 36
1679511098712 0.7493085265159607 37
1679511098816 0.7490224242210388 38
1679511098929 0.7491018772125244 39
1679511099044 0.749690055847168 40
1679511099148 0.7502781748771667 41
1679511099257 0.7491495609283447 42
1679511099364 0.7501351237297058 43
1679511099467 0.7499602437019348 44
1679511099581 0.7490541934967041 45
1679511099685 0.7494198083877563 46
1679511099790 0.7502781748771667 47
1679511099891 0.749515175819397 48
1679511099997 0.7497059106826782 49
1679511100115 0.7497377395629883 50
1679511100222 0.7498331069946289 51
1679511100330 0.7499284744262695 52
1679511100435 0.7499602437019348 53
1679511100544 0.750309944152832 54
1679511100650 0.7509775757789612 55
1679511100754 0.7500556111335754 56
1679511100856 0.7505325078964233 57
1679511100961 0.7499443888664246 58
1679511101064 0.7498807907104492 59
1679511101172 0.7508345246315002 60
1679511101278 0.7497695088386536 61
1679511101382 0.7508822083473206 62
1679511101484 0.7500079274177551 63
1679511101590 0.7507391571998596 64
1679511101693 0.7503894567489624 65
1679511101802 0.7508822083473206 66
1679511101911 0.7499125599861145 67
1679511102015 0.7503894567489624 68
1679511102121 0.7506755590438843 69
1679511102227 0.7507391571998596 70
1679511102332 0.750643789768219 71
1679511102440 0.7513272762298584 72
1679511102554 0.7506914734840393 73
1679511102656 0.7504053115844727 74
1679511102758 0.7508186101913452 75
1679511102861 0.7506596446037292 76
1679511102965 0.750627875328064 77
1679511103069 0.7510094046592712 78
1679511103175 0.7510094046592712 79
1679511103278 0.750309944152832 80
1679511103381 0.7511047720909119 81
1679511103484 0.7512159943580627 82
1679511103588 0.7504371404647827 83
1679511103693 0.7522810101509094 84
1679511103798 0.7507232427597046 85
1679511103902 0.7512001395225525 86
1679511104007 0.7507391571998596 87
1679511104111 0.7513114213943481 88
1679511104215 0.7512319087982178 89
1679511104318 0.7512001395225525 90
1679511104429 0.7514067888259888 91
1679511104533 0.7511206269264221 92
1679511104642 0.7511524558067322 93
1679511104746 0.7506755590438843 94
1679511104849 0.7514544725418091 95
1679511104956 0.7514862418174744 96
1679511105065 0.7513431906700134 97
1679511105171 0.7518359422683716 98
1679511105282 0.7514703273773193 99
1679511105387 0.7516769766807556 100
1679511105491 0.7511206269264221 101
1679511105597 0.7514703273773193 102
1679511105703 0.7517882585525513 103
1679511105809 0.7509139776229858 104
1679511105914 0.7511524558067322 105
1679511106022 0.7520744204521179 106
1679511106127 0.7509458065032959 107
1679511106233 0.7512319087982178 108
1679511106342 0.7515339255332947 109
1679511106448 0.7519313097000122 110
1679511106553 0.7522333264350891 111
1679511106663 0.7525671720504761 112
1679511106764 0.751756489276886 113
1679511106868 0.7512319087982178 114
1679511106976 0.7515339255332947 115
1679511107082 0.7516292929649353 116
1679511107187 0.7519631385803223 117
1679511107294 0.7510094046592712 118
1679511107400 0.75159752368927 119
1679511107504 0.7508186101913452 120
1679511107610 0.7519472241401672 121
1679511107725 0.7517246603965759 122
1679511107831 0.7521697878837585 123
1679511107944 0.7515339255332947 124
1679511108050 0.7514067888259888 125
1679511108155 0.7518836259841919 126
1679511108259 0.7516452074050903 127
1679511108368 0.7512319087982178 128
1679511108473 0.7523286938667297 129
1679511108578 0.751581609249115 130
1679511108691 0.7523605227470398 131
1679511108796 0.7521856427192688 132
1679511108900 0.7521856427192688 133
1679511109007 0.751422643661499 134
1679511109112 0.7513431906700134 135
1679511109216 0.7511524558067322 136
1679511109324 0.7514544725418091 137
1679511109439 0.7523128390312195 138
1679511109553 0.7524241209030151 139
1679511109662 0.7515498399734497 140
1679511109769 0.7515180706977844 141
1679511109869 0.7523128390312195 142
1679511109967 0.7514544725418091 143
1679511110073 0.7519472241401672 144
1679511110173 0.7517246603965759 145
1679511110274 0.7522015571594238 146
1679511110373 0.7524082064628601 147
1679511110472 0.7517246603965759 148
1679511110579 0.7520585060119629 149
1679511110684 0.7524241209030151 150
1679511110789 0.7527579069137573 151
1679511110893 0.7522333264350891 152
1679511110991 0.752710223197937 153
1679511111089 0.752710223197937 154
1679511111189 0.7523128390312195 155
1679511111291 0.7524558901786804 156
1679511111395 0.7521538734436035 157
1679511111494 0.7524399757385254 158
1679511111592 0.7528055906295776 159
1679511111691 0.7519472241401672 160
1679511111791 0.7525035738945007 161
1679511111892 0.7523922920227051 162
1679511111990 0.7523922920227051 163
1679511112090 0.752726137638092 164
1679511112191 0.7522810101509094 165
1679511112291 0.7518518567085266 166
1679511112393 0.7521379590034485 167
1679511112488 0.7522810101509094 168
1679511112592 0.7527738213539124 169
1679511112695 0.7524718046188354 170
1679511112798 0.752885103225708 171
1679511112900 0.752551257610321 172
1679511112997 0.7518836259841919 173
1679511113096 0.7527896761894226 174
1679511113196 0.7529645562171936 175
1679511113293 0.752726137638092 176
1679511113394 0.7531235218048096 177
1679511113493 0.7532029747962952 178
1679511113592 0.7524399757385254 179
1679511113692 0.7531871199607849 180
1679511113790 0.7517088055610657 181
1679511113892 0.752535343170166 182
1679511113994 0.7533460259437561 183
1679511114093 0.7527738213539124 184
1679511114193 0.7522810101509094 185
1679511114295 0.7529168725013733 186
1679511114395 0.7525671720504761 187
1679511114496 0.7522969245910645 188
1679511114599 0.7525671720504761 189
1679511114700 0.752726137638092 190
1679511114811 0.7529486417770386 191
1679511114912 0.7534096240997314 192
1679511115009 0.7524399757385254 193
1679511115123 0.7526784539222717 194
1679511115225 0.752853274345398 195
1679511115325 0.7533937096595764 196
1679511115424 0.7532348036766052 197
1679511115526 0.752885103225708 198
1679511115625 0.752885103225708 199
1679511115721 0.7522969245910645 200
1679511115819 0.7529486417770386 201
1679511115920 0.753663957118988 202
1679511116018 0.7532029747962952 203
1679511116118 0.7535685896873474 204
1679511116222 0.752885103225708 205
1679511116324 0.7532029747962952 206
1679511116425 0.7526148557662964 207
1679511116526 0.752726137638092 208
1679511116629 0.7530440092086792 209
1679511116729 0.7529486417770386 210
1679511116832 0.7529486417770386 211
1679511116947 0.7524241209030151 212
1679511117046 0.7529168725013733 213
1679511117145 0.752694308757782 214
1679511117244 0.7535685896873474 215
1679511117343 0.7531552910804749 216
1679511117444 0.7526307702064514 217
1679511117544 0.7532665729522705 218
1679511117646 0.7532665729522705 219
1679511117747 0.7518200874328613 220
1679511117846 0.7536003589630127 221
1679511117945 0.7530440092086792 222
1679511118048 0.752869188785553 223
1679511118151 0.7527419924736023 224
1679511118256 0.753663957118988 225
1679511118358 0.7530122399330139 226
1679511118455 0.7532824873924255 227
1679511118553 0.7530122399330139 228
1679511118651 0.7533142566680908 229
1679511118753 0.7534255385398865 230
1679511118857 0.7532188892364502 231
1679511118955 0.7536321878433228 232
1679511119061 0.7534573078155518 233
1679511119164 0.7532983422279358 234
1679511119265 0.7535845041275024 235
1679511119367 0.753648042678833 236
1679511119464 0.7532188892364502 237
1679511119564 0.7534573078155518 238
1679511119669 0.7527579069137573 239
1679511119771 0.7538706064224243 240
1679511119870 0.7528373599052429 241
1679511119972 0.7534255385398865 242
1679511120071 0.7535049915313721 243
1679511120170 0.7529486417770386 244
1679511120276 0.753822922706604 245
1679511120378 0.7534255385398865 246
1679511120480 0.7534414529800415 247
1679511120580 0.7537593245506287 248
1679511120685 0.7530122399330139 249
1679511120787 0.7529804706573486 250
1679511120894 0.7532665729522705 251
1679511121002 0.7534414529800415 252
1679511121121 0.7530599236488342 253
1679511121238 0.7537752389907837 254
1679511121342 0.7532188892364502 255
1679511121447 0.7533778548240662 256
1679511121551 0.7536957263946533 257
1679511121659 0.7538546919822693 258
1679511121765 0.7535049915313721 259
1679511121875 0.753822922706604 260
1679511121978 0.7540613412857056 261
1679511122082 0.7540931701660156 262
1679511122185 0.7535368204116821 263
1679511122290 0.7535049915313721 264
1679511122395 0.7537911534309387 265
1679511122503 0.75398188829422 266
1679511122603 0.7535845041275024 267
1679511122701 0.7533460259437561 268
1679511122801 0.7533619403839111 269
1679511122904 0.753822922706604 270
1679511123004 0.7530599236488342 271
1679511123106 0.7543633580207825 272
1679511123205 0.7530599236488342 273
1679511123305 0.7538706064224243 274
1679511123404 0.7537116408348083 275
1679511123502 0.7543792724609375 276
1679511123602 0.752869188785553 277
1679511123700 0.7536162734031677 278
1679511123799 0.7534414529800415 279
1679511123897 0.7541567087173462 280
1679511123997 0.7532188892364502 281
1679511124098 0.7537752389907837 282
1679511124198 0.7532983422279358 283
1679511124307 0.7541726231575012 284
1679511124406 0.753838837146759 285
1679511124505 0.7542203068733215 286
1679511124606 0.7538546919822693 287
1679511124705 0.7539182901382446 288
1679511124803 0.753028154373169 289
1679511124909 0.7541885375976562 290
1679511125006 0.7541885375976562 291
1679511125104 0.7543792724609375 292
1679511125200 0.7535209059715271 293
1679511125303 0.7539659738540649 294
1679511125403 0.7530758380889893 295
1679511125504 0.754919707775116 296
1679511125602 0.7539342045783997 297
1679511125700 0.7541567087173462 298
1679511125800 0.7541090250015259 299
1679511125900 0.7537911534309387 300
1679511126010 0.7543315887451172 301
1679511126110 0.7541567087173462 302
1679511126208 0.7541408538818359 303
1679511126310 0.7541408538818359 304
1679511126414 0.7541090250015259 305
1679511126512 0.7543156743049622 306
1679511126612 0.7541567087173462 307
1679511126717 0.7536162734031677 308
1679511126815 0.7539500594139099 309
1679511126917 0.7536798715591431 310
1679511127022 0.7540772557258606 311
1679511127120 0.7542998194694519 312
1679511127219 0.7535685896873474 313
1679511127319 0.7540613412857056 314
1679511127419 0.7545859217643738 315
1679511127518 0.7535209059715271 316
1679511127615 0.7538865208625793 317
1679511127716 0.7542998194694519 318
1679511127817 0.7545541524887085 319
1679511127917 0.753997802734375 320
1679511128015 0.7540454864501953 321
1679511128117 0.75398188829422 322
1679511128217 0.7543475031852722 323
1679511128319 0.7541249394416809 324
1679511128419 0.7548084855079651 325
1679511128519 0.7546812891960144 326
1679511128617 0.7547607421875 327
1679511128718 0.7544905543327332 328
1679511128819 0.7537911534309387 329
1679511128922 0.7540295720100403 330
1679511129028 0.7541726231575012 331
1679511129125 0.7544905543327332 332
1679511129224 0.7541567087173462 333
1679511129332 0.7546336054801941 334
1679511129432 0.7537116408348083 335
1679511129531 0.7539659738540649 336
1679511129630 0.754935622215271 337
1679511129729 0.7542521357536316 338
1679511129831 0.753648042678833 339
1679511129930 0.7543475031852722 340
1679511130031 0.7540931701660156 341
1679511130133 0.7546972036361694 342
1679511130231 0.7542203068733215 343
1679511130329 0.7543951869010925 344
1679511130430 0.7544905543327332 345
1679511130528 0.7542203068733215 346
1679511130633 0.7541885375976562 347
1679511130732 0.7544428706169128 348
1679511130837 0.753997802734375 349
1679511130937 0.7539023756980896 350
1679511131040 0.7541885375976562 351
1679511131136 0.7547607421875 352
1679511131239 0.7537275552749634 353
1679511131342 0.7545541524887085 354
1679511131442 0.7542362213134766 355
1679511131546 0.7545541524887085 356
1679511131648 0.7549038529396057 357
1679511131749 0.7546812891960144 358
1679511131851 0.7541408538818359 359
1679511131949 0.7546653747558594 360
1679511132045 0.7544428706169128 361
1679511132144 0.7543156743049622 362
1679511132253 0.7549673914909363 363
1679511132358 0.7546495199203491 364
1679511132460 0.754776656627655 365
1679511132560 0.7543951869010925 366
1679511132662 0.7547448873519897 367
1679511132768 0.7546176910400391 368
1679511132870 0.7546495199203491 369
1679511132976 0.754776656627655 370
1679511133087 0.7541885375976562 371
1679511133201 0.7548879384994507 372
1679511133312 0.754776656627655 373
1679511133417 0.7541567087173462 374
1679511133524 0.7551422715187073 375
1679511133624 0.7548084855079651 376
1679511133727 0.7546018362045288 377
1679511133839 0.7546812891960144 378
1679511133960 0.7547925710678101 379
1679511134067 0.7546018362045288 380
1679511134181 0.7550786733627319 381
1679511134292 0.7546336054801941 382
1679511134406 0.7545541524887085 383
1679511134514 0.7548084855079651 384
1679511134625 0.7544428706169128 385
1679511134734 0.7550150752067566 386
1679511134851 0.7548720240592957 387
1679511134961 0.7543475031852722 388
1679511135075 0.7555714249610901 389
1679511135182 0.7542998194694519 390
1679511135286 0.7548084855079651 391
1679511135395 0.7544269561767578 392
1679511135498 0.7558575868606567 393
1679511135606 0.7538865208625793 394
1679511135710 0.7542679905891418 395
1679511135820 0.7551740407943726 396
1679511135932 0.7545541524887085 397
1679511136041 0.7548561692237854 398
1679511136144 0.7546495199203491 399
1679511136251 0.7548879384994507 400
1679511136362 0.7549038529396057 401
1679511136468 0.7545700073242188 402
1679511136576 0.7544269561767578 403
1679511136682 0.7546336054801941 404
1679511136789 0.7545541524887085 405
1679511136894 0.7544110417366028 406
1679511137001 0.7546495199203491 407
1679511137114 0.7548879384994507 408
1679511137218 0.7543951869010925 409
1679511137326 0.7540931701660156 410
1679511137434 0.7547925710678101 411
1679511137540 0.7550469040870667 412
1679511137646 0.7553966045379639 413
1679511137761 0.755094587802887 414
1679511137872 0.7547925710678101 415
1679511137980 0.754776656627655 416
1679511138087 0.7536162734031677 417
1679511138197 0.7545223236083984 418
1679511138306 0.7554283738136292 419
1679511138414 0.7547448873519897 420
1679511138526 0.7545859217643738 421
1679511138634 0.7551899552345276 422
1679511138741 0.7545064091682434 423
1679511138846 0.7547607421875 424
1679511138953 0.7552376389503479 425
1679511139058 0.754776656627655 426
1679511139175 0.754776656627655 427
1679511139288 0.7550786733627319 428
1679511139395 0.755110502243042 429
1679511139503 0.7546336054801941 430
1679511139611 0.7548084855079651 431
1679511139718 0.7550627589225769 432
1679511139826 0.7553330063819885 433
1679511139930 0.7551899552345276 434
1679511140035 0.7545382380485535 435
1679511140142 0.7548084855079651 436
1679511140247 0.754919707775116 437
1679511140354 0.7554919719696045 438
1679511140463 0.7553330063819885 439
1679511140567 0.7556509375572205 440
1679511140677 0.7556509375572205 441
1679511140779 0.7548243403434753 442
1679511140888 0.7548561692237854 443
1679511140994 0.7550786733627319 444
1679511141100 0.754935622215271 445
1679511141207 0.7543951869010925 446
1679511141311 0.7551581859588623 447
1679511141417 0.7547289729118347 448
1679511141528 0.7552217245101929 449
1679511141641 0.7552535533905029 450
1679511141754 0.7550627589225769 451
1679511141863 0.7552376389503479 452
1679511141983 0.7558575868606567 453
1679511142093 0.7547448873519897 454
1679511142202 0.7557622194290161 455
1679511142310 0.7553489208221436 456
1679511142419 0.7554125189781189 457
1679511142528 0.7546653747558594 458
1679511142639 0.7543633580207825 459
1679511142750 0.7549833059310913 460
1679511142861 0.7555237412452698 461
1679511142970 0.755110502243042 462
1679511143085 0.7548243403434753 463
1679511143196 0.7551581859588623 464
1679511143315 0.7552853226661682 465
1679511143425 0.7552853226661682 466
1679511143535 0.7554602026939392 467
1679511143643 0.7552535533905029 468
1679511143758 0.7549038529396057 469
1679511143865 0.7551899552345276 470
1679511143974 0.7546653747558594 471
1679511144085 0.7553170919418335 472
1679511144196 0.7556350231170654 473
1679511144307 0.7555078864097595 474
1679511144416 0.7552694082260132 475
1679511144523 0.7557622194290161 476
1679511144634 0.7546812891960144 477
1679511144741 0.7556827068328857 478
1679511144848 0.7557145357131958 479
1679511144960 0.7546972036361694 480
1679511145117 0.7553330063819885 481
1679511145235 0.7553012371063232 482
1679511145344 0.7553170919418335 483
1679511145451 0.7550150752067566 484
1679511145558 0.7556827068328857 485
1679511145663 0.7556032538414001 486
1679511145771 0.7551263570785522 487
1679511145879 0.7543633580207825 488
1679511145986 0.7550469040870667 489
1679511146106 0.7551581859588623 490
1679511146222 0.7547448873519897 491
1679511146376 0.7550786733627319 492
1679511146491 0.7551899552345276 493
1679511146599 0.7557463049888611 494
1679511146709 0.7547448873519897 495
1679511146821 0.7553806900978088 496
1679511146926 0.7546495199203491 497
1679511147034 0.7551899552345276 498
1679511147145 0.7563026547431946 499
1679511147251 0.7565410733222961 500
1679511147367 0.7551263570785522 501
1679511147472 0.7556827068328857 502
1679511147579 0.7552535533905029 503
1679511147684 0.7560800909996033 504
1679511147790 0.7558416724205017 505
1679511147896 0.7548084855079651 506
1679511148002 0.7550150752067566 507
1679511148110 0.7554919719696045 508
1679511148216 0.7558099031448364 509
1679511148324 0.7554602026939392 510
1679511148432 0.7557939887046814 511
1679511148545 0.7560165524482727 512
1679511148651 0.7559847235679626 513
1679511148755 0.7558257579803467 514
1679511148860 0.7557780742645264 515
1679511148964 0.7559529542922974 516
1679511149069 0.7559211850166321 517
1679511149176 0.7558416724205017 518
1679511149279 0.756048321723938 519
1679511149387 0.7549038529396057 520
1679511149495 0.7559370398521423 521
1679511149600 0.7554442882537842 522
1679511149716 0.7559529542922974 523
1679511149824 0.755905270576477 524
1679511149931 0.7556509375572205 525
1679511150038 0.7562390565872192 526
1679511150148 0.7553330063819885 527
1679511150259 0.755889356136322 528
1679511150364 0.7558257579803467 529
1679511150473 0.7555237412452698 530
1679511150581 0.7555714249610901 531
1679511150691 0.755730390548706 532
1679511150808 0.7553806900978088 533
1679511150922 0.7553648352622986 534
1679511151030 0.7565410733222961 535
1679511151147 0.7563503384590149 536
1679511151257 0.7555555701255798 537
1679511151363 0.7561596035957336 538
1679511151469 0.7559211850166321 539
1679511151578 0.7566046714782715 540
1679511151690 0.7561755180358887 541
1679511151801 0.7555714249610901 542
1679511151905 0.755889356136322 543
1679511152013 0.7559688687324524 544
1679511152129 0.7566523551940918 545
1679511152238 0.7551740407943726 546
1679511152355 0.7560165524482727 547
1679511152472 0.7562390565872192 548
1679511152587 0.7563026547431946 549
1679511152699 0.7556827068328857 550
1679511152807 0.7553489208221436 551
1679511152917 0.7557463049888611 552
1679511153028 0.7558257579803467 553
1679511153141 0.7557145357131958 554
1679511153250 0.7557939887046814 555
1679511153370 0.7551422715187073 556
1679511153478 0.7561277747154236 557
1679511153584 0.7551422715187073 558
1679511153693 0.7563503384590149 559
1679511153805 0.7563503384590149 560
1679511153919 0.7564139366149902 561
1679511154026 0.7569066882133484 562
1679511154135 0.755889356136322 563
1679511154246 0.7557780742645264 564
1679511154355 0.7559211850166321 565
1679511154475 0.7559211850166321 566
1679511154581 0.7560800909996033 567
1679511154689 0.756064236164093 568
1679511154796 0.7562708854675293 569
1679511154904 0.7562390565872192 570
1679511155011 0.7559370398521423 571
1679511155119 0.7558257579803467 572
1679511155226 0.7557463049888611 573
1679511155332 0.7558257579803467 574
1679511155440 0.7555078864097595 575
1679511155546 0.756032407283783 576
1679511155662 0.7554283738136292 577
1679511155767 0.7557622194290161 578
1679511155875 0.7564933896064758 579
1679511155979 0.7556032538414001 580
1679511156083 0.7561277747154236 581
1679511156189 0.7562708854675293 582
1679511156293 0.7561755180358887 583
1679511156401 0.7555078864097595 584
1679511156506 0.755730390548706 585
1679511156612 0.7557463049888611 586
1679511156729 0.756048321723938 587
1679511156838 0.7565252184867859 588
1679511156943 0.7564616203308105 589
1679511157053 0.7559370398521423 590
1679511157160 0.7563503384590149 591
1679511157268 0.7565729022026062 592
1679511157375 0.7555873394012451 593
1679511157483 0.7562708854675293 594
1679511157589 0.7564457058906555 595
1679511157699 0.7552535533905029 596
1679511157812 0.7560960054397583 597
1679511157918 0.7564297914505005 598
1679511158029 0.7563503384590149 599
1679511158140 0.755905270576477 600
1679511158246 0.7565093040466309 601
1679511158358 0.7560800909996033 602
1679511158466 0.7556668519973755 603
1679511158573 0.7559211850166321 604
1679511158679 0.756207287311554 605
1679511158786 0.756048321723938 606
1679511158914 0.7557780742645264 607
1679511159027 0.7563662528991699 608
1679511159137 0.7562390565872192 609
1679511159247 0.7562549710273743 610
1679511159360 0.7563662528991699 611
1679511159475 0.755889356136322 612
1679511159592 0.7564139366149902 613
1679511159702 0.7556509375572205 614
1679511159810 0.7569384574890137 615
1679511159920 0.7564616203308105 616
1679511160037 0.7559847235679626 617
1679511160151 0.7570497393608093 618
1679511160264 0.7567000389099121 619
1679511160375 0.7563344240188599 620
1679511160486 0.7559370398521423 621
1679511160594 0.7556350231170654 622
1679511160699 0.7563344240188599 623
1679511160805 0.7562708854675293 624
1679511160913 0.7564139366149902 625
1679511161030 0.756223201751709 626
1679511161141 0.7566205859184265 627
1679511161253 0.7552694082260132 628
1679511161403 0.756032407283783 629
1679511161516 0.7561436891555786 630
1679511161622 0.7561277747154236 631
1679511161731 0.7567954063415527 632
1679511161836 0.7563503384590149 633
1679511161943 0.7558099031448364 634
1679511162050 0.7563026547431946 635
1679511162168 0.7566841244697571 636
1679511162275 0.7563026547431946 637
1679511162378 0.7564616203308105 638
1679511162484 0.7561277747154236 639
1679511162590 0.7565569877624512 640
1679511162704 0.756032407283783 641
1679511162809 0.755889356136322 642
1679511162917 0.7565252184867859 643
1679511163025 0.7565410733222961 644
1679511163131 0.756843090057373 645
1679511163242 0.7560960054397583 646
1679511163352 0.7558099031448364 647
1679511163465 0.7567954063415527 648
1679511163576 0.7560165524482727 649
1679511163684 0.7563821077346802 650
1679511163791 0.7556668519973755 651
1679511163901 0.7564775347709656 652
1679511164013 0.7562549710273743 653
1679511164124 0.7561596035957336 654
1679511164243 0.7565252184867859 655
1679511164354 0.7565887570381165 656
1679511164462 0.755889356136322 657
1679511164569 0.756048321723938 658
1679511164675 0.7569066882133484 659
1679511164781 0.7559529542922974 660
1679511164885 0.7562867403030396 661
1679511164990 0.7564297914505005 662
1679511165094 0.7563821077346802 663
1679511165204 0.75714510679245 664
1679511165311 0.7562390565872192 665
1679511165420 0.7564775347709656 666
1679511165529 0.7567954063415527 667
1679511165645 0.7563662528991699 668
1679511165756 0.7568113207817078 669
1679511165867 0.7565410733222961 670
1679511165981 0.7564933896064758 671
1679511166094 0.7563980221748352 672
1679511166216 0.7568749189376831 673
1679511166329 0.7566364407539368 674
1679511166435 0.7564933896064758 675
1679511166543 0.757002055644989 676
1679511166654 0.7562390565872192 677
1679511166763 0.7566523551940918 678
1679511166871 0.7569543719291687 679
1679511166983 0.756064236164093 680
1679511167093 0.7568272352218628 681
1679511167213 0.757017970085144 682
1679511167319 0.7566841244697571 683
1679511167427 0.7568113207817078 684
1679511167537 0.7566046714782715 685
1679511167656 0.7565252184867859 686
1679511167768 0.7563662528991699 687
1679511167887 0.7559529542922974 688
1679511167993 0.7570338845252991 689
1679511168103 0.756048321723938 690
1679511168220 0.7565887570381165 691
1679511168327 0.7563980221748352 692
1679511168436 0.75717693567276 693
1679511168544 0.7574789524078369 694
1679511168656 0.7565887570381165 695
1679511168766 0.7567477226257324 696
1679511168877 0.7569702863693237 697
1679511168981 0.7563980221748352 698
1679511169092 0.7569702863693237 699
1679511169208 0.7566841244697571 700
1679511169325 0.757017970085144 701
1679511169435 0.7567795515060425 702
1679511169544 0.7570338845252991 703
1679511169658 0.7557939887046814 704
1679511169768 0.7561755180358887 705
1679511169889 0.7571133375167847 706
1679511169996 0.75714510679245 707
1679511170104 0.7565093040466309 708
1679511170220 0.7570338845252991 709
1679511170334 0.7564297914505005 710
1679511170443 0.7570338845252991 711
1679511170548 0.7566841244697571 712
1679511170656 0.7567159533500671 713
1679511170764 0.7561755180358887 714
1679511170873 0.7571133375167847 715
1679511170982 0.7572404742240906 716
1679511171096 0.7566364407539368 717
1679511171215 0.7569543719291687 718
1679511171332 0.7572404742240906 719
1679511171439 0.7566205859184265 720
1679511171551 0.7565410733222961 721
1679511171662 0.7565569877624512 722
1679511171780 0.7564933896064758 723
1679511171895 0.7567318677902222 724
1679511172003 0.7574948072433472 725
1679511172112 0.7573994398117065 726
1679511172229 0.7567318677902222 727
1679511172342 0.7576856017112732 728
1679511172457 0.757319986820221 729
1679511172566 0.7572563886642456 730
1679511172678 0.7573994398117065 731
1679511172783 0.756223201751709 732
1679511172888 0.7568272352218628 733
1679511172993 0.756064236164093 734
1679511173097 0.75717693567276 735
1679511173212 0.7565729022026062 736
1679511173316 0.757002055644989 737
1679511173425 0.7572723031044006 738
1679511173531 0.7570656538009644 739
1679511173635 0.7575902342796326 740
1679511173747 0.7560960054397583 741
1679511173855 0.7575266361236572 742
1679511173965 0.7569543719291687 743
1679511174073 0.7570815682411194 744
1679511174187 0.7571292519569397 745
1679511174295 0.7570815682411194 746
1679511174401 0.7566205859184265 747
1679511174508 0.7574471235275269 748
1679511174613 0.756843090057373 749
1679511174723 0.7568590044975281 750
1679511174828 0.7574630379676819 751
1679511174938 0.7572563886642456 752
1679511175050 0.7574630379676819 753
1679511175158 0.7566682696342468 754
1679511175267 0.7573994398117065 755
1679511175374 0.7568907737731934 756
1679511175484 0.7577491402626038 757
1679511175591 0.7577332854270935 758
1679511175696 0.7563344240188599 759
1679511175811 0.7578127384185791 760
1679511175916 0.7570497393608093 761
1679511176029 0.757335901260376 762
1679511176133 0.7560960054397583 763
1679511176240 0.7566682696342468 764
1679511176414 0.7564775347709656 765
1679511176525 0.7575425505638123 766
1679511176633 0.7569702863693237 767
1679511176739 0.7573994398117065 768
1679511176848 0.7569543719291687 769
1679511176962 0.7566364407539368 770
1679511177067 0.7566205859184265 771
1679511177175 0.7567795515060425 772
1679511177281 0.7577968239784241 773
1679511177390 0.7569702863693237 774
1679511177501 0.757161021232605 775
1679511177606 0.7572404742240906 776
1679511177711 0.7569226026535034 777
1679511177823 0.7574153542518616 778
1679511177937 0.7580353021621704 779
1679511178047 0.7576537728309631 780
1679511178156 0.7577968239784241 781
1679511178265 0.7572563886642456 782
1679511178374 0.7570815682411194 783
1679511178482 0.7572882175445557 784
1679511178589 0.7568907737731934 785
1679511178693 0.7573835849761963 786
1679511178813 0.7570974230766296 787
1679511178921 0.7570338845252991 788
1679511179033 0.757335901260376 789
1679511179142 0.7567159533500671 790
1679511179247 0.7572723031044006 791
1679511179352 0.7570815682411194 792
1679511179460 0.7573040723800659 793
1679511179572 0.7567318677902222 794
1679511179688 0.7579399347305298 795
1679511179794 0.7566364407539368 796
1679511179904 0.7569066882133484 797
1679511180015 0.757002055644989 798
1679511180121 0.7573676705360413 799
1679511180226 0.7571927905082703 800
1679511180332 0.7573835849761963 801
1679511180442 0.75717693567276 802
1679511180555 0.7573994398117065 803
1679511180658 0.7578763365745544 804
1679511180764 0.7574630379676819 805
1679511180871 0.7572723031044006 806
1679511180981 0.7575266361236572 807
1679511181090 0.7574312686920166 808
1679511181195 0.7572246193885803 809
1679511181304 0.757017970085144 810
1679511181417 0.757002055644989 811
1679511181532 0.7570497393608093 812
1679511181639 0.7574789524078369 813
1679511181746 0.7565887570381165 814
1679511181860 0.7572087049484253 815
1679511181971 0.757161021232605 816
1679511182089 0.7569226026535034 817
1679511182194 0.7573040723800659 818
1679511182312 0.7580034732818604 819
1679511182420 0.758130669593811 820
1679511182529 0.7576220035552979 821
1679511182635 0.7572723031044006 822
1679511182746 0.758289635181427 823
1679511182854 0.7568907737731934 824
1679511182962 0.7578445672988892 825
1679511183072 0.7576220035552979 826
1679511183181 0.7577968239784241 827
1679511183288 0.7574471235275269 828
1679511183396 0.7575902342796326 829
1679511183513 0.75717693567276 830
1679511183620 0.7577809691429138 831
1679511183731 0.7575902342796326 832
1679511183842 0.7573040723800659 833
1679511183955 0.7568749189376831 834
1679511184068 0.7571927905082703 835
1679511184175 0.7586870193481445 836
1679511184280 0.7582101225852966 837
1679511184387 0.758130669593811 838
1679511184498 0.75795578956604 839
1679511184610 0.7571927905082703 840
1679511184717 0.7578604221343994 841
1679511184823 0.7578286528587341 842
1679511184938 0.7573517560958862 843
1679511185042 0.7574312686920166 844
1679511185164 0.7575584053993225 845
1679511185279 0.7578445672988892 846
1679511185388 0.7568590044975281 847
1679511185497 0.7569226026535034 848
1679511185607 0.7579240202903748 849
1679511185724 0.7574630379676819 850
1679511185834 0.7573994398117065 851
1679511185952 0.7580511569976807 852
1679511186067 0.7566523551940918 853
1679511186175 0.7572246193885803 854
1679511186283 0.7577173709869385 855
1679511186389 0.7577173709869385 856
1679511186510 0.7574948072433472 857
1679511186620 0.7573994398117065 858
1679511186729 0.7573040723800659 859
1679511186839 0.7575743198394775 860
1679511186949 0.7579081058502197 861
1679511187058 0.7572404742240906 862
1679511187164 0.7571292519569397 863
1679511187274 0.7583850026130676 864
1679511187386 0.7586393356323242 865
1679511187496 0.7577173709869385 866
1679511187604 0.7573835849761963 867
1679511187710 0.7570497393608093 868
1679511187818 0.7586552500724792 869
1679511187926 0.7583690881729126 870
1679511188037 0.758130669593811 871
1679511188141 0.7577650547027588 872
1679511188255 0.7576220035552979 873
1679511188362 0.7580670714378357 874
1679511188468 0.7573676705360413 875
1679511188574 0.7575425505638123 876
1679511188680 0.758114755153656 877
1679511188789 0.7575902342796326 878
1679511188898 0.7579399347305298 879
1679511189009 0.7575266361236572 880
1679511189116 0.7585757374763489 881
1679511189226 0.7580034732818604 882
1679511189331 0.7576537728309631 883
1679511189438 0.7577650547027588 884
1679511189544 0.7573994398117065 885
1679511189652 0.7578763365745544 886
1679511189758 0.756986141204834 887
1679511189863 0.7586234211921692 888
1679511189980 0.7583214044570923 889
1679511190092 0.7580829858779907 890
1679511190204 0.7574153542518616 891
1679511190309 0.7578127384185791 892
1679511190414 0.7577491402626038 893
1679511190523 0.7575266361236572 894
1679511190632 0.7576220035552979 895
1679511190744 0.7577809691429138 896
1679511190857 0.7575902342796326 897
1679511190973 0.7575266361236572 898
1679511191080 0.7580511569976807 899
1679511191196 0.7581465840339661 900
1679511191309 0.7577809691429138 901
1679511191424 0.7582260370254517 902
1679511191531 0.7580829858779907 903
1679511191641 0.7583531737327576 904
1679511191755 0.7575107216835022 905
1679511191866 0.7575743198394775 906
1679511191973 0.7577173709869385 907
1679511192083 0.757335901260376 908
1679511192192 0.7576856017112732 909
1679511192296 0.7576856017112732 910
1679511192404 0.7580034732818604 911
1679511192514 0.7583690881729126 912
1679511192619 0.7580193877220154 913
1679511192724 0.7587029337882996 914
1679511192830 0.7578604221343994 915
1679511192939 0.7585598230361938 916
1679511193044 0.7577809691429138 917
1679511193153 0.7582419514656067 918
1679511193265 0.7582101225852966 919
1679511193372 0.758289635181427 920
1679511193477 0.758448600769043 921
1679511193588 0.7580193877220154 922
1679511193696 0.7579240202903748 923
1679511193807 0.75795578956604 924
1679511193915 0.7577332854270935 925
1679511194020 0.7583054900169373 926
1679511194145 0.7586075067520142 927
1679511194262 0.7582101225852966 928
1679511194371 0.7580034732818604 929
1679511194479 0.7584803700447083 930
1679511194589 0.7577491402626038 931
1679511194695 0.758273720741272 932
1679511194800 0.757319986820221 933
1679511194914 0.7585280537605286 934
1679511195022 0.7583373188972473 935
1679511195127 0.7575425505638123 936
1679511195237 0.7588141560554504 937
1679511195343 0.7586711049079895 938
1679511195452 0.7577809691429138 939
1679511195559 0.758448600769043 940
1679511195663 0.7583850026130676 941
1679511195775 0.758273720741272 942
1679511195883 0.7574789524078369 943
1679511195990 0.7580670714378357 944
1679511196101 0.7579240202903748 945
1679511196210 0.7578127384185791 946
1679511196315 0.7574471235275269 947
1679511196425 0.7578127384185791 948
1679511196537 0.7579876184463501 949
1679511196648 0.7578445672988892 950
1679511196757 0.758114755153656 951
1679511196864 0.7579717040061951 952
1679511196971 0.7584644556045532 953
1679511197076 0.7582101225852966 954
1679511197184 0.7577173709869385 955
1679511197301 0.758114755153656 956
1679511197407 0.7585598230361938 957
1679511197515 0.7585598230361938 958
1679511197624 0.7583850026130676 959
1679511197732 0.7580989003181458 960
1679511197840 0.7580034732818604 961
1679511197947 0.7584167718887329 962
1679511198062 0.7582101225852966 963
1679511198174 0.7579240202903748 964
1679511198280 0.7577332854270935 965
1679511198387 0.7578286528587341 966
1679511198495 0.7588300704956055 967
1679511198603 0.7584803700447083 968
1679511198710 0.7576060891151428 969
1679511198821 0.7586393356323242 970
1679511198927 0.7588459849357605 971
1679511199038 0.7583214044570923 972
1679511199149 0.7581465840339661 973
1679511199257 0.7588141560554504 974
1679511199366 0.7583531737327576 975
1679511199476 0.7584009170532227 976
1679511199591 0.759243369102478 977
1679511199701 0.7587506175041199 978
1679511199809 0.7587187886238098 979
1679511199918 0.7578763365745544 980
1679511200027 0.7584009170532227 981
1679511200135 0.7585757374763489 982
1679511200271 0.75795578956604 983
1679511200397 0.7579399347305298 984
1679511200518 0.7584326863288879 985
1679511200623 0.759243369102478 986
1679511200730 0.7577809691429138 987
1679511200843 0.7579717040061951 988
1679511200949 0.7586075067520142 989
1679511201057 0.7587029337882996 990
1679511201167 0.7589413523674011 991
1679511201273 0.758130669593811 992
1679511201378 0.7587506175041199 993
1679511201490 0.7587823867797852 994
1679511201599 0.7586870193481445 995
1679511201712 0.7586234211921692 996
1679511201828 0.7583690881729126 997
1679511201951 0.758289635181427 998
1679511202060 0.7578763365745544 999
