1679511094866 0.5657460689544678 0
1679511094971 0.5245569944381714 1
1679511095074 0.5222400426864624 2
1679511095177 0.5211839079856873 3
1679511095281 0.5200807452201843 4
1679511095384 0.5195913910865784 5
1679511095488 0.5186840891838074 6
1679511095593 0.5183461308479309 7
1679511095693 0.5179957151412964 8
1679511095797 0.5171443819999695 9
1679511095902 0.5166341662406921 10
1679511096002 0.5161579847335815 11
1679511096107 0.5160163640975952 12
1679511096211 0.5152857303619385 13
1679511096314 0.5149298906326294 14
1679511096419 0.514817476272583 15
1679511096526 0.514640748500824 16
1679511096629 0.5139597654342651 17
1679511096732 0.5129252076148987 18
1679511096837 0.5127652883529663 19
1679511096942 0.512320339679718 20
1679511097044 0.5121320486068726 21
1679511097146 0.5115029811859131 22
1679511097249 0.5115472078323364 23
1679511097353 0.5106794834136963 24
1679511097456 0.5106651782989502 25
1679511097560 0.5104501843452454 26
1679511097661 0.5103296637535095 27
1679511097770 0.51015305519104 28
1679511097876 0.5101735591888428 29
1679511097979 0.5096859931945801 30
1679511098083 0.5095014572143555 31
1679511098188 0.5094339847564697 32
1679511098299 0.5094369053840637 33
1679511098403 0.5089519023895264 34
1679511098505 0.5089304447174072 35
1679511098610 0.5085129737854004 36
1679511098712 0.5091730952262878 37
1679511098816 0.5082781314849854 38
1679511098929 0.5085694789886475 39
1679511099044 0.5082055330276489 40
1679511099148 0.5079318284988403 41
1679511099257 0.5081185102462769 42
1679511099364 0.50751793384552 43
1679511099467 0.5078157186508179 44
1679511099581 0.5075348019599915 45
1679511099685 0.5071778297424316 46
1679511099790 0.5072797536849976 47
1679511099891 0.5071914792060852 48
1679511099997 0.5076343417167664 49
1679511100115 0.5069897174835205 50
1679511100222 0.5071873664855957 51
1679511100330 0.5071771740913391 52
1679511100435 0.5068610310554504 53
1679511100544 0.5068112015724182 54
1679511100650 0.5070342421531677 55
1679511100754 0.5068306922912598 56
1679511100856 0.5068992972373962 57
1679511100961 0.5067166686058044 58
1679511101064 0.5066931247711182 59
1679511101172 0.5061325430870056 60
1679511101278 0.5068384408950806 61
1679511101382 0.50656658411026 62
1679511101484 0.5065998435020447 63
1679511101590 0.5061880946159363 64
1679511101693 0.5070360898971558 65
1679511101802 0.5058613419532776 66
1679511101911 0.5062705874443054 67
1679511102015 0.5065363049507141 68
1679511102121 0.505581796169281 69
1679511102227 0.5058910250663757 70
1679511102332 0.5056385397911072 71
1679511102440 0.5058405995368958 72
1679511102554 0.505908191204071 73
1679511102656 0.5059525370597839 74
1679511102758 0.5057153105735779 75
1679511102861 0.5057988166809082 76
1679511102965 0.5061274170875549 77
1679511103069 0.5052304863929749 78
1679511103175 0.5054658651351929 79
1679511103278 0.5058459043502808 80
1679511103381 0.5055083632469177 81
1679511103484 0.5053800344467163 82
1679511103588 0.5052821040153503 83
1679511103693 0.5053809285163879 84
1679511103798 0.505288302898407 85
1679511103902 0.5052746534347534 86
1679511104007 0.5052478909492493 87
1679511104111 0.5053173899650574 88
1679511104215 0.5053909420967102 89
1679511104318 0.5049816966056824 90
1679511104429 0.5049866437911987 91
1679511104533 0.5052489042282104 92
1679511104642 0.505312442779541 93
1679511104746 0.5051812529563904 94
1679511104849 0.5048173666000366 95
1679511104956 0.5050391554832458 96
1679511105065 0.5050083994865417 97
1679511105171 0.5053509473800659 98
1679511105282 0.5048745274543762 99
1679511105387 0.5051912665367126 100
1679511105491 0.504676878452301 101
1679511105597 0.5050008296966553 102
1679511105703 0.5047717094421387 103
1679511105809 0.5050302147865295 104
1679511105914 0.504651665687561 105
1679511106022 0.5048838257789612 106
1679511106127 0.5048334002494812 107
1679511106233 0.5048398971557617 108
1679511106342 0.5045191645622253 109
1679511106448 0.5046418905258179 110
1679511106553 0.5042740702629089 111
1679511106663 0.504676878452301 112
1679511106764 0.504469633102417 113
1679511106868 0.5042914152145386 114
1679511106976 0.5043036341667175 115
1679511107082 0.5042408108711243 116
1679511107187 0.5044435858726501 117
1679511107294 0.5049856305122375 118
1679511107400 0.5046468377113342 119
1679511107504 0.5044528841972351 120
1679511107610 0.5041011571884155 121
1679511107725 0.5040925741195679 122
1679511107831 0.5042311549186707 123
1679511107944 0.5040484666824341 124
1679511108050 0.5044857263565063 125
1679511108155 0.504302978515625 126
1679511108259 0.504389762878418 127
1679511108368 0.5040556192398071 128
1679511108473 0.503887414932251 129
1679511108578 0.5037873983383179 130
1679511108691 0.5040229558944702 131
1679511108796 0.504059374332428 132
1679511108900 0.5039096474647522 133
1679511109007 0.5042808055877686 134
1679511109112 0.5040205121040344 135
1679511109216 0.5044848918914795 136
1679511109324 0.5040513873100281 137
1679511109439 0.5041659474372864 138
1679511109553 0.5039047002792358 139
1679511109662 0.503715455532074 140
1679511109769 0.503699779510498 141
1679511109869 0.5039281249046326 142
1679511109967 0.503815233707428 143
1679511110073 0.5039379000663757 144
1679511110173 0.503891110420227 145
1679511110274 0.5038420557975769 146
1679511110373 0.5037394165992737 147
1679511110472 0.5035191178321838 148
1679511110579 0.5039421916007996 149
1679511110684 0.5036457180976868 150
1679511110789 0.5035744905471802 151
1679511110893 0.5035495162010193 152
1679511110991 0.5035517811775208 153
1679511111089 0.5034449696540833 154
1679511111189 0.5033824443817139 155
1679511111291 0.503556489944458 156
1679511111395 0.5033672451972961 157
1679511111494 0.5033182501792908 158
1679511111592 0.5032294988632202 159
1679511111691 0.503592312335968 160
1679511111791 0.5033853054046631 161
1679511111892 0.5035150647163391 162
1679511111990 0.5035305619239807 163
1679511112090 0.5040910243988037 164
1679511112191 0.503108561038971 165
1679511112291 0.5030567646026611 166
1679511112393 0.5037838816642761 167
1679511112488 0.5032429099082947 168
1679511112592 0.5031814575195312 169
1679511112695 0.5036580562591553 170
1679511112798 0.5033264756202698 171
1679511112900 0.5029592514038086 172
1679511112997 0.5032333135604858 173
1679511113096 0.5030055046081543 174
1679511113196 0.5029649138450623 175
1679511113293 0.5031836032867432 176
1679511113394 0.502842366695404 177
1679511113493 0.5029997229576111 178
1679511113592 0.5032342672348022 179
1679511113692 0.5032207369804382 180
1679511113790 0.502758800983429 181
1679511113892 0.5030730366706848 182
1679511113994 0.5029907822608948 183
1679511114093 0.503191351890564 184
1679511114193 0.5030592679977417 185
1679511114295 0.502732515335083 186
1679511114395 0.5025647282600403 187
1679511114496 0.5033907890319824 188
1679511114599 0.5030044913291931 189
1679511114700 0.5028293132781982 190
1679511114811 0.503081202507019 191
1679511114912 0.5030200481414795 192
1679511115009 0.5033055543899536 193
1679511115123 0.5028373003005981 194
1679511115225 0.5028975009918213 195
1679511115325 0.5029215216636658 196
1679511115424 0.5031132698059082 197
1679511115526 0.502813994884491 198
1679511115625 0.5029303431510925 199
1679511115721 0.5026414394378662 200
1679511115819 0.5026657581329346 201
1679511115920 0.502601146697998 202
1679511116018 0.502393364906311 203
1679511116118 0.502724289894104 204
1679511116222 0.5026004910469055 205
1679511116324 0.5027360916137695 206
1679511116425 0.5027046203613281 207
1679511116526 0.502732515335083 208
1679511116629 0.5026203989982605 209
1679511116729 0.5026395916938782 210
1679511116832 0.5025061964988708 211
1679511116947 0.502775251865387 212
1679511117046 0.5027134418487549 213
1679511117145 0.502590000629425 214
1679511117244 0.5026842951774597 215
1679511117343 0.5025237798690796 216
1679511117444 0.5021042823791504 217
1679511117544 0.5020918846130371 218
1679511117646 0.502250611782074 219
1679511117747 0.5028271079063416 220
1679511117846 0.5022020936012268 221
1679511117945 0.5021659135818481 222
1679511118048 0.5025102496147156 223
1679511118151 0.5022355914115906 224
1679511118256 0.5024549961090088 225
1679511118358 0.5023788213729858 226
1679511118455 0.5022426247596741 227
1679511118553 0.5021693110466003 228
1679511118651 0.5022629499435425 229
1679511118753 0.5019328594207764 230
1679511118857 0.5024666786193848 231
1679511118955 0.5022047758102417 232
1679511119061 0.5020872950553894 233
1679511119164 0.502082347869873 234
1679511119265 0.5019688010215759 235
1679511119367 0.5018201470375061 236
1679511119464 0.5023966431617737 237
1679511119564 0.5021454691886902 238
1679511119669 0.5021458864212036 239
1679511119771 0.5022299885749817 240
1679511119870 0.5021011829376221 241
1679511119972 0.5019519329071045 242
1679511120071 0.5022873282432556 243
1679511120170 0.5021010041236877 244
1679511120276 0.5019893646240234 245
1679511120378 0.50188148021698 246
1679511120480 0.5021354556083679 247
1679511120580 0.5018908977508545 248
1679511120685 0.5023013949394226 249
1679511120787 0.5021291375160217 250
1679511120894 0.5019696354866028 251
1679511121002 0.5017462372779846 252
1679511121121 0.5018033981323242 253
1679511121238 0.501900851726532 254
1679511121342 0.501680850982666 255
1679511121447 0.5017926692962646 256
1679511121551 0.5017577409744263 257
1679511121659 0.5018094778060913 258
1679511121765 0.501892626285553 259
1679511121875 0.501724362373352 260
1679511121978 0.5015406012535095 261
1679511122082 0.5018486380577087 262
1679511122185 0.5017456412315369 263
1679511122290 0.5018920302391052 264
1679511122395 0.5017386078834534 265
1679511122503 0.5018106698989868 266
1679511122603 0.5018565058708191 267
1679511122701 0.5016155242919922 268
1679511122801 0.501663327217102 269
1679511122904 0.5014910697937012 270
1679511123004 0.5019574761390686 271
1679511123106 0.5013357400894165 272
1679511123205 0.5017520189285278 273
1679511123305 0.5012530088424683 274
1679511123404 0.5015967488288879 275
1679511123502 0.5014929175376892 276
1679511123602 0.5015578866004944 277
1679511123700 0.5013790130615234 278
1679511123799 0.5017606616020203 279
1679511123897 0.5014490485191345 280
1679511123997 0.5014297366142273 281
1679511124098 0.5014888048171997 282
1679511124198 0.5015203356742859 283
1679511124307 0.5013015270233154 284
1679511124406 0.5014325380325317 285
1679511124505 0.5015270113945007 286
1679511124606 0.5016713738441467 287
1679511124705 0.5012398958206177 288
1679511124803 0.5012498497962952 289
1679511124909 0.5013054013252258 290
1679511125006 0.501204252243042 291
1679511125104 0.5009751319885254 292
1679511125200 0.5016346573829651 293
1679511125303 0.5017288327217102 294
1679511125403 0.5013375878334045 295
1679511125504 0.5010802149772644 296
1679511125602 0.5012131929397583 297
1679511125700 0.5012175440788269 298
1679511125800 0.5012307167053223 299
1679511125900 0.5012033581733704 300
1679511126010 0.5011815428733826 301
1679511126110 0.500928521156311 302
1679511126208 0.5009015202522278 303
1679511126310 0.5011537671089172 304
1679511126414 0.5009771585464478 305
1679511126512 0.5014334917068481 306
1679511126612 0.5011751055717468 307
1679511126717 0.5009932518005371 308
1679511126815 0.5008696913719177 309
1679511126917 0.5009588599205017 310
1679511127022 0.5008485317230225 311
1679511127120 0.5008083581924438 312
1679511127219 0.5013575553894043 313
1679511127319 0.5011877417564392 314
1679511127419 0.5008982419967651 315
1679511127518 0.5010656714439392 316
1679511127615 0.500732421875 317
1679511127716 0.5005040168762207 318
1679511127817 0.5008665919303894 319
1679511127917 0.5010406374931335 320
1679511128015 0.500859260559082 321
1679511128117 0.500462532043457 322
1679511128217 0.5007744431495667 323
1679511128319 0.5006331205368042 324
1679511128419 0.5006700158119202 325
1679511128519 0.5007662773132324 326
1679511128617 0.500544011592865 327
1679511128718 0.5004987716674805 328
1679511128819 0.5007420182228088 329
1679511128922 0.5005320906639099 330
1679511129028 0.5005501508712769 331
1679511129125 0.500691294670105 332
1679511129224 0.5009315013885498 333
1679511129332 0.5003606081008911 334
1679511129432 0.500536322593689 335
1679511129531 0.5005630850791931 336
1679511129630 0.5006422400474548 337
1679511129729 0.5006734728813171 338
1679511129831 0.5005576014518738 339
1679511129930 0.5006536841392517 340
1679511130031 0.5007215142250061 341
1679511130133 0.5004032254219055 342
1679511130231 0.5003233551979065 343
1679511130329 0.5005278587341309 344
1679511130430 0.5001267790794373 345
1679511130528 0.5003457069396973 346
1679511130633 0.5003782510757446 347
1679511130732 0.5002227425575256 348
1679511130837 0.5000994205474854 349
1679511130937 0.5003635883331299 350
1679511131040 0.5004287958145142 351
1679511131136 0.5000745058059692 352
1679511131239 0.5004782676696777 353
1679511131342 0.5000870823860168 354
1679511131442 0.5002652406692505 355
1679511131546 0.5002257227897644 356
1679511131648 0.5000876784324646 357
1679511131749 0.5005776286125183 358
1679511131851 0.5001929402351379 359
1679511131949 0.5000911951065063 360
1679511132045 0.5000602006912231 361
1679511132144 0.5003830790519714 362
1679511132253 0.49991002678871155 363
1679511132358 0.5006572008132935 364
1679511132460 0.5001272559165955 365
1679511132560 0.4999808371067047 366
1679511132662 0.49984949827194214 367
1679511132768 0.5000977516174316 368
1679511132870 0.5001533627510071 369
1679511132976 0.499945729970932 370
1679511133087 0.49977582693099976 371
1679511133201 0.5000889301300049 372
1679511133312 0.4996947944164276 373
1679511133417 0.4999357759952545 374
1679511133524 0.49996721744537354 375
1679511133624 0.49965333938598633 376
1679511133727 0.5000385046005249 377
1679511133839 0.49987050890922546 378
1679511133960 0.5001397728919983 379
1679511134067 0.500104546546936 380
1679511134181 0.4997701346874237 381
1679511134292 0.4997808337211609 382
1679511134406 0.49962690472602844 383
1679511134514 0.4996107220649719 384
1679511134625 0.5000381469726562 385
1679511134734 0.4997403919696808 386
1679511134851 0.4995715320110321 387
1679511134961 0.499745637178421 388
1679511135075 0.49987727403640747 389
1679511135182 0.4998578131198883 390
1679511135286 0.4994141757488251 391
1679511135395 0.4996662437915802 392
1679511135498 0.4997599422931671 393
1679511135606 0.49962368607521057 394
1679511135710 0.49968138337135315 395
1679511135820 0.49988874793052673 396
1679511135932 0.4998394548892975 397
1679511136041 0.49971503019332886 398
1679511136144 0.49949607253074646 399
1679511136251 0.4995103180408478 400
1679511136362 0.4993494749069214 401
1679511136468 0.4994580149650574 402
1679511136576 0.49967432022094727 403
1679511136682 0.49939146637916565 404
1679511136789 0.4996618926525116 405
1679511136894 0.4995547831058502 406
1679511137001 0.49982357025146484 407
1679511137114 0.49951738119125366 408
1679511137218 0.4992453455924988 409
1679511137326 0.49957138299942017 410
1679511137434 0.49971941113471985 411
1679511137540 0.49916842579841614 412
1679511137646 0.4993858337402344 413
1679511137761 0.49932149052619934 414
1679511137872 0.49931955337524414 415
1679511137980 0.49943292140960693 416
1679511138087 0.4992942810058594 417
1679511138197 0.499290406703949 418
1679511138306 0.49906232953071594 419
1679511138414 0.4993690550327301 420
1679511138526 0.49963483214378357 421
1679511138634 0.4993285834789276 422
1679511138741 0.49920910596847534 423
1679511138846 0.4994814395904541 424
1679511138953 0.49964258074760437 425
1679511139058 0.49903759360313416 426
1679511139175 0.4989627003669739 427
1679511139288 0.49899882078170776 428
1679511139395 0.4990394711494446 429
1679511139503 0.49936869740486145 430
1679511139611 0.49939262866973877 431
1679511139718 0.49931493401527405 432
1679511139826 0.4991653859615326 433
1679511139930 0.4989771246910095 434
1679511140035 0.49888360500335693 435
1679511140142 0.49923259019851685 436
1679511140247 0.4992965757846832 437
1679511140354 0.4989250898361206 438
1679511140463 0.4991501569747925 439
1679511140567 0.49878138303756714 440
1679511140677 0.4988531768321991 441
1679511140779 0.49907878041267395 442
1679511140888 0.4993147552013397 443
1679511140994 0.4989805817604065 444
1679511141100 0.4989345371723175 445
1679511141207 0.4989986717700958 446
1679511141311 0.4990147054195404 447
1679511141417 0.499316543340683 448
1679511141528 0.49900171160697937 449
1679511141641 0.4987678527832031 450
1679511141754 0.4989796578884125 451
1679511141863 0.49875253438949585 452
1679511141983 0.49868494272232056 453
1679511142093 0.49850353598594666 454
1679511142202 0.49873751401901245 455
1679511142310 0.49895039200782776 456
1679511142419 0.4985632002353668 457
1679511142528 0.4987075924873352 458
1679511142639 0.49929556250572205 459
1679511142750 0.49857306480407715 460
1679511142861 0.4990290701389313 461
1679511142970 0.49871981143951416 462
1679511143085 0.49892351031303406 463
1679511143196 0.4985184967517853 464
1679511143315 0.4986448884010315 465
1679511143425 0.4986027181148529 466
1679511143535 0.49859362840652466 467
1679511143643 0.49840641021728516 468
1679511143758 0.4987984895706177 469
1679511143865 0.49866607785224915 470
1679511143974 0.49873271584510803 471
1679511144085 0.49829763174057007 472
1679511144196 0.4983838200569153 473
1679511144307 0.4985558092594147 474
1679511144416 0.49865657091140747 475
1679511144523 0.4986293613910675 476
1679511144634 0.4984210729598999 477
1679511144741 0.4981192946434021 478
1679511144848 0.4984606206417084 479
1679511144960 0.4984668493270874 480
1679511145117 0.4984996020793915 481
1679511145235 0.4984338879585266 482
1679511145344 0.4980161786079407 483
1679511145451 0.49846214056015015 484
1679511145558 0.49890226125717163 485
1679511145663 0.4988974332809448 486
1679511145771 0.4983094334602356 487
1679511145879 0.49849361181259155 488
1679511145986 0.4982393980026245 489
1679511146106 0.49837642908096313 490
1679511146222 0.498464435338974 491
1679511146376 0.4980660080909729 492
1679511146491 0.4983285069465637 493
1679511146599 0.49852731823921204 494
1679511146709 0.49850988388061523 495
1679511146821 0.4981296956539154 496
1679511146926 0.4984060227870941 497
1679511147034 0.49838635325431824 498
1679511147145 0.4981258809566498 499
1679511147251 0.49814364314079285 500
1679511147367 0.49795326590538025 501
1679511147472 0.49825969338417053 502
1679511147579 0.49836599826812744 503
1679511147684 0.49820464849472046 504
1679511147790 0.4979793429374695 505
1679511147896 0.4977932870388031 506
1679511148002 0.4979753792285919 507
1679511148110 0.49823886156082153 508
1679511148216 0.4983733892440796 509
1679511148324 0.4979757070541382 510
1679511148432 0.49856024980545044 511
1679511148545 0.4984889328479767 512
1679511148651 0.49817022681236267 513
1679511148755 0.49805355072021484 514
1679511148860 0.4978228211402893 515
1679511148964 0.49824589490890503 516
1679511149069 0.4978034198284149 517
1679511149176 0.49770134687423706 518
1679511149279 0.49781715869903564 519
1679511149387 0.4980553984642029 520
1679511149495 0.4979895353317261 521
1679511149600 0.49787530303001404 522
1679511149716 0.49779966473579407 523
1679511149824 0.49778643250465393 524
1679511149931 0.49792933464050293 525
1679511150038 0.49779054522514343 526
1679511150148 0.4979819059371948 527
1679511150259 0.4978385269641876 528
1679511150364 0.4978289306163788 529
1679511150473 0.4975965619087219 530
1679511150581 0.49806448817253113 531
1679511150691 0.4981035888195038 532
1679511150808 0.4974525272846222 533
1679511150922 0.49744826555252075 534
1679511151030 0.4974624514579773 535
1679511151147 0.4977628290653229 536
1679511151257 0.49780336022377014 537
1679511151363 0.49763959646224976 538
1679511151469 0.4979991316795349 539
1679511151578 0.497498095035553 540
1679511151690 0.4976732134819031 541
1679511151801 0.4975894093513489 542
1679511151905 0.4976556599140167 543
1679511152013 0.498098760843277 544
1679511152129 0.4972940981388092 545
1679511152238 0.4976702630519867 546
1679511152355 0.49747931957244873 547
1679511152472 0.49734577536582947 548
1679511152587 0.49724575877189636 549
1679511152699 0.49778130650520325 550
1679511152807 0.4975106716156006 551
1679511152917 0.49754267930984497 552
1679511153028 0.49737972021102905 553
1679511153141 0.49714869260787964 554
1679511153250 0.4973529577255249 555
1679511153370 0.4974527955055237 556
1679511153478 0.49773266911506653 557
1679511153584 0.49748462438583374 558
1679511153693 0.4976060688495636 559
1679511153805 0.4974324107170105 560
1679511153919 0.4971783757209778 561
1679511154026 0.49756255745887756 562
1679511154135 0.497403085231781 563
1679511154246 0.4977453351020813 564
1679511154355 0.4974556267261505 565
1679511154475 0.49705207347869873 566
1679511154581 0.49741053581237793 567
1679511154689 0.4975203275680542 568
1679511154796 0.4975105822086334 569
1679511154904 0.49723467230796814 570
1679511155011 0.497244268655777 571
1679511155119 0.4976275861263275 572
1679511155226 0.49706369638442993 573
1679511155332 0.4973856210708618 574
1679511155440 0.4972730278968811 575
1679511155546 0.4969196617603302 576
1679511155662 0.4979199171066284 577
1679511155767 0.4973185658454895 578
1679511155875 0.4970903694629669 579
1679511155979 0.4973072409629822 580
1679511156083 0.49689802527427673 581
1679511156189 0.4972636103630066 582
1679511156293 0.49741247296333313 583
1679511156401 0.49716562032699585 584
1679511156506 0.49715545773506165 585
1679511156612 0.4970740079879761 586
1679511156729 0.4973510503768921 587
1679511156838 0.4967816472053528 588
1679511156943 0.4971696436405182 589
1679511157053 0.4969954788684845 590
1679511157160 0.49672451615333557 591
1679511157268 0.4969802498817444 592
1679511157375 0.49699053168296814 593
1679511157483 0.4968147873878479 594
1679511157589 0.49684959650039673 595
1679511157699 0.4966711103916168 596
1679511157812 0.4974643290042877 597
1679511157918 0.4970640242099762 598
1679511158029 0.4969395399093628 599
1679511158140 0.4970346987247467 600
1679511158246 0.496892511844635 601
1679511158358 0.49672931432724 602
1679511158466 0.4971890449523926 603
1679511158573 0.49692845344543457 604
1679511158679 0.49686047434806824 605
1679511158786 0.4969407320022583 606
1679511158914 0.4968162178993225 607
1679511159027 0.49664634466171265 608
1679511159137 0.49677804112434387 609
1679511159247 0.4968965947628021 610
1679511159360 0.4967409670352936 611
1679511159475 0.496620237827301 612
1679511159592 0.49674853682518005 613
1679511159702 0.4968307614326477 614
1679511159810 0.4969201683998108 615
1679511159920 0.49670174717903137 616
1679511160037 0.49668213725090027 617
1679511160151 0.4966435730457306 618
1679511160264 0.49636954069137573 619
1679511160375 0.49667903780937195 620
1679511160486 0.4967189431190491 621
1679511160594 0.49692076444625854 622
1679511160699 0.4964137375354767 623
1679511160805 0.4964945614337921 624
1679511160913 0.49632471799850464 625
1679511161030 0.4974503219127655 626
1679511161141 0.4963492751121521 627
1679511161253 0.4965289235115051 628
1679511161403 0.49650225043296814 629
1679511161516 0.4969029724597931 630
1679511161622 0.49684762954711914 631
1679511161731 0.49674153327941895 632
1679511161836 0.49637433886528015 633
1679511161943 0.4965806305408478 634
1679511162050 0.4963949918746948 635
1679511162168 0.4965602159500122 636
1679511162275 0.4965053200721741 637
1679511162378 0.4962243139743805 638
1679511162484 0.4967198967933655 639
1679511162590 0.4967610836029053 640
1679511162704 0.49666762351989746 641
1679511162809 0.4967370331287384 642
1679511162917 0.4964428246021271 643
1679511163025 0.4961957335472107 644
1679511163131 0.4962329566478729 645
1679511163242 0.49636271595954895 646
1679511163352 0.4964092969894409 647
1679511163465 0.49643656611442566 648
1679511163576 0.49684008955955505 649
1679511163684 0.49608537554740906 650
1679511163791 0.4965118169784546 651
1679511163901 0.49603962898254395 652
1679511164013 0.49662137031555176 653
1679511164124 0.4966186583042145 654
1679511164243 0.49652883410453796 655
1679511164354 0.49591895937919617 656
1679511164462 0.4965501129627228 657
1679511164569 0.4961000978946686 658
1679511164675 0.4960595667362213 659
1679511164781 0.49609535932540894 660
1679511164885 0.4962792694568634 661
1679511164990 0.4965309500694275 662
1679511165094 0.4961840510368347 663
1679511165204 0.4960797429084778 664
1679511165311 0.4960222542285919 665
1679511165420 0.4959738254547119 666
1679511165529 0.4958844780921936 667
1679511165645 0.4961318373680115 668
1679511165756 0.4959413707256317 669
1679511165867 0.49613723158836365 670
1679511165981 0.4959389269351959 671
1679511166094 0.49598875641822815 672
1679511166216 0.49609875679016113 673
1679511166329 0.4957151710987091 674
1679511166435 0.4959864914417267 675
1679511166543 0.4959510564804077 676
1679511166654 0.49585285782814026 677
1679511166763 0.4958679676055908 678
1679511166871 0.49555322527885437 679
1679511166983 0.49613070487976074 680
1679511167093 0.49578309059143066 681
1679511167213 0.4959251284599304 682
1679511167319 0.4960372745990753 683
1679511167427 0.49578535556793213 684
1679511167537 0.49576205015182495 685
1679511167656 0.49577638506889343 686
1679511167768 0.4959084391593933 687
1679511167887 0.49614933133125305 688
1679511167993 0.4960385859012604 689
1679511168103 0.49604302644729614 690
1679511168220 0.49561312794685364 691
1679511168327 0.49578264355659485 692
1679511168436 0.49589481949806213 693
1679511168544 0.49585968255996704 694
1679511168656 0.49559593200683594 695
1679511168766 0.49558186531066895 696
1679511168877 0.49602705240249634 697
1679511168981 0.49556422233581543 698
1679511169092 0.49586883187294006 699
1679511169208 0.4955907166004181 700
1679511169325 0.4956393241882324 701
1679511169435 0.4956554174423218 702
1679511169544 0.49578747153282166 703
1679511169658 0.4959101378917694 704
1679511169768 0.495556503534317 705
1679511169889 0.4956413507461548 706
1679511169996 0.4954648017883301 707
1679511170104 0.4956362843513489 708
1679511170220 0.4952048063278198 709
1679511170334 0.49593085050582886 710
1679511170443 0.4956054985523224 711
1679511170548 0.49553143978118896 712
1679511170656 0.4950602054595947 713
1679511170764 0.4953943192958832 714
1679511170873 0.495853066444397 715
1679511170982 0.495761513710022 716
1679511171096 0.49543705582618713 717
1679511171215 0.49574440717697144 718
1679511171332 0.4952491223812103 719
1679511171439 0.4960508644580841 720
1679511171551 0.4957227110862732 721
1679511171662 0.49566736817359924 722
1679511171780 0.49555328488349915 723
1679511171895 0.49511846899986267 724
1679511172003 0.4953901469707489 725
1679511172112 0.49547168612480164 726
1679511172229 0.49544575810432434 727
1679511172342 0.4952751696109772 728
1679511172457 0.49527212977409363 729
1679511172566 0.49510473012924194 730
1679511172678 0.49534082412719727 731
1679511172783 0.4958590269088745 732
1679511172888 0.4954015910625458 733
1679511172993 0.4952943027019501 734
1679511173097 0.49540477991104126 735
1679511173212 0.49508136510849 736
1679511173316 0.49503058195114136 737
1679511173425 0.495046466588974 738
1679511173531 0.4954419732093811 739
1679511173635 0.4951476752758026 740
1679511173747 0.4954017102718353 741
1679511173855 0.49519285559654236 742
1679511173965 0.49486520886421204 743
1679511174073 0.4950737953186035 744
1679511174187 0.4950931966304779 745
1679511174295 0.49540993571281433 746
1679511174401 0.49506744742393494 747
1679511174508 0.4952150881290436 748
1679511174613 0.4954349100589752 749
1679511174723 0.4951704442501068 750
1679511174828 0.4954398274421692 751
1679511174938 0.49530139565467834 752
1679511175050 0.4948609173297882 753
1679511175158 0.49503982067108154 754
1679511175267 0.4949926733970642 755
1679511175374 0.494984894990921 756
1679511175484 0.4949483871459961 757
1679511175591 0.49495381116867065 758
1679511175696 0.49508512020111084 759
1679511175811 0.49516674876213074 760
1679511175916 0.4948575794696808 761
1679511176029 0.4951487183570862 762
1679511176133 0.4949372708797455 763
1679511176240 0.4956287145614624 764
1679511176414 0.4947598874568939 765
1679511176525 0.4951520562171936 766
1679511176633 0.4948720335960388 767
1679511176739 0.49497702717781067 768
1679511176848 0.49481865763664246 769
1679511176962 0.4950425326824188 770
1679511177067 0.4948868453502655 771
1679511177175 0.4947982132434845 772
1679511177281 0.49480140209198 773
1679511177390 0.49498212337493896 774
1679511177501 0.49490225315093994 775
1679511177606 0.49490469694137573 776
1679511177711 0.49479344487190247 777
1679511177823 0.4946603775024414 778
1679511177937 0.4946838319301605 779
1679511178047 0.4946001172065735 780
1679511178156 0.4946695864200592 781
1679511178265 0.4948258101940155 782
1679511178374 0.49490997195243835 783
1679511178482 0.49460262060165405 784
1679511178589 0.49533843994140625 785
1679511178693 0.49516576528549194 786
1679511178813 0.49474507570266724 787
1679511178921 0.4950036406517029 788
1679511179033 0.49457913637161255 789
1679511179142 0.4950142502784729 790
1679511179247 0.4946027100086212 791
1679511179352 0.49457570910453796 792
1679511179460 0.4947676360607147 793
1679511179572 0.4946562945842743 794
1679511179688 0.49476030468940735 795
1679511179794 0.4951445758342743 796
1679511179904 0.4946530759334564 797
1679511180015 0.4946712255477905 798
1679511180121 0.4945531487464905 799
1679511180226 0.49460652470588684 800
1679511180332 0.49430596828460693 801
1679511180442 0.49451127648353577 802
1679511180555 0.49456551671028137 803
1679511180658 0.49447381496429443 804
1679511180764 0.4948330521583557 805
1679511180871 0.4945604205131531 806
1679511180981 0.494215190410614 807
1679511181090 0.49464014172554016 808
1679511181195 0.4946432113647461 809
1679511181304 0.49438372254371643 810
1679511181417 0.4945324659347534 811
1679511181532 0.4945361912250519 812
1679511181639 0.4943450093269348 813
1679511181746 0.494697630405426 814
1679511181860 0.494454950094223 815
1679511181971 0.4945767819881439 816
1679511182089 0.4943438768386841 817
1679511182194 0.494454026222229 818
1679511182312 0.49426549673080444 819
1679511182420 0.4943620562553406 820
1679511182529 0.49449196457862854 821
1679511182635 0.4944225549697876 822
1679511182746 0.4943181872367859 823
1679511182854 0.49459752440452576 824
1679511182962 0.4945527911186218 825
1679511183072 0.494475781917572 826
1679511183181 0.4942011833190918 827
1679511183288 0.49412670731544495 828
1679511183396 0.4941624402999878 829
1679511183513 0.49432799220085144 830
1679511183620 0.4939573109149933 831
1679511183731 0.49395814538002014 832
1679511183842 0.4941723346710205 833
1679511183955 0.49449393153190613 834
1679511184068 0.4943401515483856 835
1679511184175 0.4941868484020233 836
1679511184280 0.4943612515926361 837
1679511184387 0.49407392740249634 838
1679511184498 0.49408531188964844 839
1679511184610 0.4941290020942688 840
1679511184717 0.49411648511886597 841
1679511184823 0.4945281147956848 842
1679511184938 0.4942837357521057 843
1679511185042 0.49374350905418396 844
1679511185164 0.4941021203994751 845
1679511185279 0.49436554312705994 846
1679511185388 0.4939085841178894 847
1679511185497 0.49415677785873413 848
1679511185607 0.49443519115448 849
1679511185724 0.4938899278640747 850
1679511185834 0.4942503869533539 851
1679511185952 0.49409663677215576 852
1679511186067 0.49409177899360657 853
1679511186175 0.49415323138237 854
1679511186283 0.4937520921230316 855
1679511186389 0.4942752420902252 856
1679511186510 0.4941301941871643 857
1679511186620 0.4940471649169922 858
1679511186729 0.493839830160141 859
1679511186839 0.49403804540634155 860
1679511186949 0.49354496598243713 861
1679511187058 0.4941698908805847 862
1679511187164 0.49394509196281433 863
1679511187274 0.49397072196006775 864
1679511187386 0.4937478303909302 865
1679511187496 0.49400126934051514 866
1679511187604 0.4942612648010254 867
1679511187710 0.4937591254711151 868
1679511187818 0.49382469058036804 869
1679511187926 0.4937305450439453 870
1679511188037 0.4937531352043152 871
1679511188141 0.49365949630737305 872
1679511188255 0.49383777379989624 873
1679511188362 0.49408721923828125 874
1679511188468 0.493996262550354 875
1679511188574 0.4935958981513977 876
1679511188680 0.4934292435646057 877
1679511188789 0.49368947744369507 878
1679511188898 0.4936564266681671 879
1679511189009 0.49397939443588257 880
1679511189116 0.4938667416572571 881
1679511189226 0.49374523758888245 882
1679511189331 0.49368444085121155 883
1679511189438 0.4938093423843384 884
1679511189544 0.49377021193504333 885
1679511189652 0.4934457242488861 886
1679511189758 0.4938184320926666 887
1679511189863 0.4934488534927368 888
1679511189980 0.49407142400741577 889
1679511190092 0.49383294582366943 890
1679511190204 0.4937545955181122 891
1679511190309 0.49373623728752136 892
1679511190414 0.4936046004295349 893
1679511190523 0.49396973848342896 894
1679511190632 0.49345558881759644 895
1679511190744 0.49339038133621216 896
1679511190857 0.49329063296318054 897
1679511190973 0.49360379576683044 898
1679511191080 0.49320563673973083 899
1679511191196 0.4933878183364868 900
1679511191309 0.4936031401157379 901
1679511191424 0.49373283982276917 902
1679511191531 0.49351242184638977 903
1679511191641 0.49323129653930664 904
1679511191755 0.49347391724586487 905
1679511191866 0.4937632083892822 906
1679511191973 0.4936412572860718 907
1679511192083 0.4934595823287964 908
1679511192192 0.49350935220718384 909
1679511192296 0.4935480058193207 910
1679511192404 0.4934937357902527 911
1679511192514 0.493389368057251 912
1679511192619 0.4936720132827759 913
1679511192724 0.4935199022293091 914
1679511192830 0.49354249238967896 915
1679511192939 0.4933418035507202 916
1679511193044 0.4937160611152649 917
1679511193153 0.49307429790496826 918
1679511193265 0.49296700954437256 919
1679511193372 0.49320465326309204 920
1679511193477 0.4932287633419037 921
1679511193588 0.4932883083820343 922
1679511193696 0.49299004673957825 923
1679511193807 0.4934619665145874 924
1679511193915 0.49346885085105896 925
1679511194020 0.4932546615600586 926
1679511194145 0.4934476912021637 927
1679511194262 0.4933311939239502 928
1679511194371 0.4929673969745636 929
1679511194479 0.4932369589805603 930
1679511194589 0.49339571595191956 931
1679511194695 0.4930805265903473 932
1679511194800 0.49328646063804626 933
1679511194914 0.4932352602481842 934
1679511195022 0.4931725561618805 935
1679511195127 0.49306097626686096 936
1679511195237 0.4929128885269165 937
1679511195343 0.49308452010154724 938
1679511195452 0.49344414472579956 939
1679511195559 0.4929761290550232 940
1679511195663 0.4928930997848511 941
1679511195775 0.49329614639282227 942
1679511195883 0.4931919276714325 943
1679511195990 0.4930552542209625 944
1679511196101 0.49309343099594116 945
1679511196210 0.49284300208091736 946
1679511196315 0.49347159266471863 947
1679511196425 0.4931519031524658 948
1679511196537 0.4927920401096344 949
1679511196648 0.4933174252510071 950
1679511196757 0.4931016266345978 951
1679511196864 0.4933006167411804 952
1679511196971 0.4928789734840393 953
1679511197076 0.49330955743789673 954
1679511197184 0.4936596155166626 955
1679511197301 0.49312156438827515 956
1679511197407 0.49299898743629456 957
1679511197515 0.4930547773838043 958
1679511197624 0.49318593740463257 959
1679511197732 0.4930907189846039 960
1679511197840 0.49291738867759705 961
1679511197947 0.4924986958503723 962
1679511198062 0.4931774437427521 963
1679511198174 0.49253425002098083 964
1679511198280 0.49306878447532654 965
1679511198387 0.4928373694419861 966
1679511198495 0.4931531250476837 967
1679511198603 0.49259552359580994 968
1679511198710 0.4927574098110199 969
1679511198821 0.4925687909126282 970
1679511198927 0.4926624894142151 971
1679511199038 0.49322131276130676 972
1679511199149 0.49275654554367065 973
1679511199257 0.4927562475204468 974
1679511199366 0.4928780198097229 975
1679511199476 0.49302467703819275 976
1679511199591 0.4925420880317688 977
1679511199701 0.4925095736980438 978
1679511199809 0.49261218309402466 979
1679511199918 0.4925835132598877 980
1679511200027 0.4925116002559662 981
1679511200135 0.492586612701416 982
1679511200271 0.49287545680999756 983
1679511200397 0.4930464029312134 984
1679511200518 0.49265146255493164 985
1679511200623 0.49246248602867126 986
1679511200730 0.4927244186401367 987
1679511200843 0.4927390515804291 988
1679511200949 0.4926888346672058 989
1679511201057 0.4925956428050995 990
1679511201167 0.4924927055835724 991
1679511201273 0.4927891194820404 992
1679511201378 0.49258342385292053 993
1679511201490 0.4921787977218628 994
1679511201599 0.49281805753707886 995
1679511201712 0.4927966892719269 996
1679511201828 0.49285298585891724 997
1679511201951 0.4923563301563263 998
1679511202060 0.49268633127212524 999
