1679841103898 0.7048481702804565 0
1679841103953 0.7049594521522522 1
1679841104010 0.7049753665924072 2
1679841104069 0.7049753665924072 3
1679841104125 0.7050548195838928 4
1679841104174 0.7050707340240479 5
1679841104226 0.7049594521522522 6
1679841104280 0.7051343321800232 7
1679841104340 0.7050389647483826 8
1679841104393 0.7050230503082275 9
1679841104447 0.7050707340240479 10
1679841104503 0.7050230503082275 11
1679841104562 0.7049276828765869 12
1679841104632 0.7051025032997131 13
1679841104689 0.7050230503082275 14
1679841104744 0.7050389647483826 15
1679841104800 0.7050230503082275 16
1679841104854 0.7049753665924072 17
1679841104906 0.7050071358680725 18
1679841104965 0.7051025032997131 19
1679841105030 0.7050707340240479 20
1679841105088 0.7051025032997131 21
1679841105151 0.7050548195838928 22
1679841105209 0.7050866484642029 23
1679841105262 0.7050230503082275 24
1679841105324 0.7049753665924072 25
1679841105368 0.7049753665924072 26
1679841105415 0.7051184177398682 27
1679841105469 0.7050866484642029 28
1679841105512 0.7051343321800232 29
1679841105566 0.7051501870155334 30
1679841105611 0.7050389647483826 31
1679841105663 0.7050548195838928 32
1679841105753 0.7050548195838928 33
1679841105812 0.7050866484642029 34
1679841105861 0.7050548195838928 35
1679841105922 0.7051184177398682 36
1679841105979 0.7049912810325623 37
1679841106032 0.7050866484642029 38
1679841106088 0.7051025032997131 39
1679841106152 0.7050707340240479 40
1679841106209 0.7050707340240479 41
1679841106263 0.7050389647483826 42
1679841106318 0.7050866484642029 43
1679841106371 0.7050866484642029 44
1679841106421 0.7051025032997131 45
1679841106476 0.7051025032997131 46
1679841106540 0.7051025032997131 47
1679841106592 0.7050707340240479 48
1679841106645 0.7050707340240479 49
1679841106703 0.7051025032997131 50
1679841106757 0.7050866484642029 51
1679841106812 0.7050707340240479 52
1679841106869 0.7051025032997131 53
1679841106926 0.7050707340240479 54
1679841106987 0.7051184177398682 55
1679841107043 0.7050707340240479 56
1679841107108 0.7050548195838928 57
1679841107164 0.7050707340240479 58
1679841107218 0.7051184177398682 59
1679841107270 0.7050707340240479 60
1679841107325 0.7050866484642029 61
1679841107381 0.7050548195838928 62
1679841107440 0.7051025032997131 63
1679841107500 0.7050866484642029 64
1679841107574 0.7051025032997131 65
1679841107634 0.7050866484642029 66
1679841107689 0.7051025032997131 67
1679841107749 0.7051184177398682 68
1679841107811 0.7051025032997131 69
1679841107870 0.7051025032997131 70
1679841107928 0.7050866484642029 71
1679841107989 0.7051501870155334 72
1679841108057 0.7051025032997131 73
1679841108128 0.7051343321800232 74
1679841108187 0.7051025032997131 75
1679841108241 0.7051025032997131 76
1679841108303 0.7051025032997131 77
1679841108362 0.7051025032997131 78
1679841108471 0.7051184177398682 79
1679841108530 0.7050707340240479 80
1679841108592 0.7051025032997131 81
1679841108650 0.7051184177398682 82
1679841108712 0.7051184177398682 83
1679841108822 0.7050866484642029 84
1679841108877 0.7051025032997131 85
1679841108940 0.7050707340240479 86
1679841108996 0.7050707340240479 87
1679841109052 0.7050707340240479 88
1679841109114 0.7050866484642029 89
1679841109178 0.7051025032997131 90
1679841109233 0.7051184177398682 91
1679841109288 0.7051184177398682 92
1679841109342 0.7051025032997131 93
1679841109401 0.7050707340240479 94
1679841109458 0.7051025032997131 95
1679841109513 0.7051025032997131 96
1679841109568 0.7050866484642029 97
1679841109623 0.7051025032997131 98
1679841109682 0.7051025032997131 99
