1679841103898 42.82524871826172 0
1679841103953 41.57770919799805 1
1679841104010 40.348976135253906 2
1679841104069 39.143394470214844 3
1679841104125 37.957149505615234 4
1679841104174 36.79203796386719 5
1679841104226 35.64866638183594 6
1679841104280 34.52501678466797 7
1679841104340 33.4244384765625 8
1679841104393 32.344024658203125 9
1679841104447 31.283557891845703 10
1679841104503 30.244707107543945 11
1679841104562 29.223798751831055 12
1679841104632 28.224084854125977 13
1679841104689 27.243436813354492 14
1679841104744 26.283611297607422 15
1679841104800 25.34372901916504 16
1679841104854 24.423629760742188 17
1679841104906 23.523941040039062 18
1679841104965 22.6429500579834 19
1679841105030 21.780658721923828 20
1679841105088 20.939184188842773 21
1679841105151 20.116071701049805 22
1679841105209 19.312332153320312 23
1679841105262 18.527509689331055 24
1679841105324 17.76160430908203 25
1679841105368 17.014057159423828 26
1679841105415 16.28499984741211 27
1679841105469 15.575504302978516 28
1679841105512 14.884078025817871 29
1679841105566 14.20875358581543 30
1679841105611 13.553135871887207 31
1679841105663 12.914518356323242 32
1679841105753 12.294723510742188 33
1679841105812 11.69271183013916 34
1679841105861 11.10579776763916 35
1679841105922 10.537847518920898 36
1679841105979 9.98868465423584 37
1679841106032 9.45474910736084 38
1679841106088 8.937432289123535 39
1679841106152 8.437056541442871 40
1679841106209 7.954879283905029 41
1679841106263 7.488854885101318 42
1679841106318 7.040780067443848 43
1679841106371 6.60802698135376 44
1679841106421 6.193823337554932 45
1679841106476 5.796387672424316 46
1679841106540 5.4140543937683105 47
1679841106592 5.049055099487305 48
1679841106645 4.699061393737793 49
1679841106703 4.366302490234375 50
1679841106757 4.0492072105407715 51
1679841106812 3.7466516494750977 52
1679841106869 3.4609715938568115 53
1679841106926 3.1900532245635986 54
1679841106987 2.93485164642334 55
1679841107043 2.6950223445892334 56
1679841107108 2.4710888862609863 57
1679841107164 2.2634828090667725 58
1679841107218 2.0696120262145996 59
1679841107270 1.8900139331817627 60
1679841107325 1.7257493734359741 61
1679841107381 1.5766117572784424 62
1679841107440 1.4416826963424683 63
1679841107500 1.3220893144607544 64
1679841107574 1.216713786125183 65
1679841107634 1.1259385347366333 66
1679841107689 1.0491701364517212 67
1679841107749 0.9880156517028809 68
1679841107811 0.9419552087783813 69
1679841107870 0.909622848033905 70
1679841107928 0.8865548372268677 71
1679841107989 0.8640199303627014 72
1679841108057 0.844569981098175 73
1679841108128 0.8249639868736267 74
1679841108187 0.806771457195282 75
1679841108241 0.7894549369812012 76
1679841108303 0.7720876932144165 77
1679841108362 0.756428599357605 78
1679841108471 0.7421522736549377 79
1679841108530 0.7275000214576721 80
1679841108592 0.7140914797782898 81
1679841108650 0.701791524887085 82
1679841108712 0.6900692582130432 83
1679841108822 0.6796285510063171 84
1679841108877 0.6693156361579895 85
1679841108940 0.6602391600608826 86
1679841108996 0.6526134014129639 87
1679841109052 0.6457247734069824 88
1679841109114 0.6392141580581665 89
1679841109178 0.6341065764427185 90
1679841109233 0.6282609105110168 91
1679841109288 0.6248087882995605 92
1679841109342 0.6218319535255432 93
1679841109401 0.6202697157859802 94
1679841109458 0.6189929246902466 95
1679841109513 0.6182079315185547 96
1679841109568 0.6185911893844604 97
1679841109623 0.618163526058197 98
1679841109682 0.6182340383529663 99
