1679489576180 0.689175009727478 0
1679489576285 0.7051025032997131 1
1679489576388 0.7051025032997131 2
1679489576487 0.7271181344985962 3
1679489576587 0.7347480654716492 4
1679489576689 0.7359402179718018 5
1679489576800 0.7367985844612122 6
1679489576900 0.7370688319206238 7
1679489577001 0.7376569509506226 8
1679489577103 0.738706111907959 9
1679489577209 0.7384835481643677 10
1679489577318 0.7389445304870605 11
1679489577419 0.7389762997627258 12
1679489577524 0.7392942309379578 13
1679489577625 0.7395326495170593 14
1679489577725 0.73965984582901 15
1679489577828 0.7399459481239319 16
1679489577930 0.7396757006645203 17
1679489578038 0.7396916151046753 18
1679489578140 0.7399777173995972 19
1679489578243 0.7400254607200623 20
1679489578345 0.7402002811431885 21
1679489578447 0.7405658960342407 22
1679489578547 0.7405818104743958 23
1679489578649 0.740597665309906 24
1679489578756 0.7406453490257263 25
1679489578862 0.7410268783569336 26
1679489578964 0.740772545337677 27
1679489579064 0.7408519983291626 28
1679489579165 0.7413765788078308 29
1679489579267 0.7406612634658813 30
1679489579368 0.7413606643676758 31
1679489579479 0.7413924932479858 32
1679489579581 0.7416468262672424 33
1679489579684 0.7414719462394714 34
1679489579789 0.7412493824958801 35
1679489579891 0.7412652969360352 36
1679489579992 0.7416626811027527 37
1679489580097 0.7419170141220093 38
1679489580201 0.7414401769638062 39
1679489580304 0.7422667145729065 40
1679489580408 0.7422031760215759 41
1679489580507 0.7422031760215759 42
1679489580611 0.7422667145729065 43
1679489580710 0.7422985434532166 44
1679489580810 0.741726279258728 45
1679489580915 0.7427912950515747 46
1679489581016 0.7423939108848572 47
1679489581116 0.7425051927566528 48
1679489581218 0.7422190308570862 49
1679489581324 0.742838978767395 50
1679489581425 0.742664098739624 51
1679489581526 0.7429184317588806 52
1679489581629 0.7423620820045471 53
1679489581731 0.7426164150238037 54
1679489581831 0.7429184317588806 55
1679489581935 0.7429025769233704 56
1679489582037 0.7433635592460632 57
1679489582140 0.7430456280708313 58
1679489582241 0.7429502606391907 59
1679489582341 0.7433635592460632 60
1679489582448 0.743156909942627 61
1679489582555 0.7434589266777039 62
1679489582655 0.7430456280708313 63
1679489582760 0.7433317303657532 64
1679489582860 0.7431727647781372 65
1679489582963 0.7433794140815735 66
1679489583063 0.7439834475517273 67
1679489583164 0.7432840466499329 68
1679489583266 0.7441583275794983 69
1679489583368 0.7435702085494995 70
1679489583474 0.7436655759811401 71
1679489583575 0.7439834475517273 72
1679489583677 0.7435860633850098 73
1679489583779 0.7436496615409851 74
1679489583883 0.7441424131393433 75
1679489583983 0.743967592716217 76
1679489584086 0.743951678276062 77
1679489584190 0.7440152764320374 78
1679489584291 0.7440152764320374 79
1679489584398 0.7443172931671143 80
1679489584501 0.7446987628936768 81
1679489584605 0.7446351647377014 82
1679489584707 0.7443808913230896 83
1679489584814 0.7443808913230896 84
1679489584920 0.7444762587547302 85
1679489585029 0.7441583275794983 86
1679489585133 0.7447305917739868 87
1679489585238 0.7444444298744202 88
1679489585344 0.7445874810218811 89
1679489585447 0.7446669936180115 90
1679489585550 0.7447146773338318 91
1679489585657 0.7445557117462158 92
1679489585758 0.7449213266372681 93
1679489585857 0.7445716261863708 94
1679489585960 0.7443967461585999 95
1679489586062 0.7446987628936768 96
1679489586165 0.7451120615005493 97
1679489586269 0.7443967461585999 98
1679489586371 0.7451915144920349 99
