1679489576180 0.6494528651237488 0
1679489576285 0.6016849875450134 1
1679489576388 0.5742881298065186 2
1679489576487 0.5547187328338623 3
1679489576587 0.5417779088020325 4
1679489576689 0.5336657762527466 5
1679489576800 0.5291009545326233 6
1679489576900 0.5265686511993408 7
1679489577001 0.5251509547233582 8
1679489577103 0.5242931246757507 9
1679489577209 0.5236961245536804 10
1679489577318 0.5232915878295898 11
1679489577419 0.5229290723800659 12
1679489577524 0.5226184725761414 13
1679489577625 0.522340714931488 14
1679489577725 0.5220909118652344 15
1679489577828 0.5218576192855835 16
1679489577930 0.5216470956802368 17
1679489578038 0.5214262008666992 18
1679489578140 0.5212463736534119 19
1679489578243 0.5210665464401245 20
1679489578345 0.5209310054779053 21
1679489578447 0.5207371711730957 22
1679489578547 0.5205932855606079 23
1679489578649 0.5204596519470215 24
1679489578756 0.5202645063400269 25
1679489578862 0.5201743841171265 26
1679489578964 0.5200766921043396 27
1679489579064 0.5198841691017151 28
1679489579165 0.5198149085044861 29
1679489579267 0.5196703672409058 30
1679489579368 0.5195749998092651 31
1679489579479 0.5194593071937561 32
1679489579581 0.5193312168121338 33
1679489579684 0.5192625522613525 34
1679489579789 0.5191459059715271 35
1679489579891 0.5190585851669312 36
1679489579992 0.518974781036377 37
1679489580097 0.5188796520233154 38
1679489580201 0.5187751054763794 39
1679489580304 0.5186418890953064 40
1679489580408 0.5186632871627808 41
1679489580507 0.518500030040741 42
1679489580611 0.5184319019317627 43
1679489580710 0.51838618516922 44
1679489580810 0.5182608366012573 45
1679489580915 0.5182018280029297 46
1679489581016 0.5181164145469666 47
1679489581116 0.5180674195289612 48
1679489581218 0.5179951786994934 49
1679489581324 0.5179192423820496 50
1679489581425 0.5178288817405701 51
1679489581526 0.5177966356277466 52
1679489581629 0.5177209973335266 53
1679489581731 0.5176359415054321 54
1679489581831 0.5176027417182922 55
1679489581935 0.5175237059593201 56
1679489582037 0.5174612402915955 57
1679489582140 0.5174163579940796 58
1679489582241 0.5173279643058777 59
1679489582341 0.517259955406189 60
1679489582448 0.5171939730644226 61
1679489582555 0.5171661376953125 62
1679489582655 0.5170838832855225 63
1679489582760 0.517035186290741 64
1679489582860 0.5169752240180969 65
1679489582963 0.5168942213058472 66
1679489583063 0.5168253183364868 67
1679489583164 0.5167847871780396 68
1679489583266 0.5166940093040466 69
1679489583368 0.5166740417480469 70
1679489583474 0.5166089534759521 71
1679489583575 0.5165534019470215 72
1679489583677 0.5164992809295654 73
1679489583779 0.5164242386817932 74
1679489583883 0.5163589715957642 75
1679489583983 0.5163111090660095 76
1679489584086 0.5162544846534729 77
1679489584190 0.5162185430526733 78
1679489584291 0.5161579251289368 79
1679489584398 0.5160699486732483 80
1679489584501 0.5160033702850342 81
1679489584605 0.5159718990325928 82
1679489584707 0.5158724784851074 83
1679489584814 0.5158784985542297 84
1679489584920 0.5158066153526306 85
1679489585029 0.5157541036605835 86
1679489585133 0.5157036781311035 87
1679489585238 0.5156483054161072 88
1679489585344 0.5155811309814453 89
1679489585447 0.5155116319656372 90
1679489585550 0.5155025124549866 91
1679489585657 0.5154080390930176 92
1679489585758 0.5153570175170898 93
1679489585857 0.5153048634529114 94
1679489585960 0.515237033367157 95
1679489586062 0.5152136087417603 96
1679489586165 0.5151650309562683 97
1679489586269 0.5151099562644958 98
1679489586371 0.5150532126426697 99
