1679513085666 0.7132570147514343 0
1679513085799 0.736130952835083 1
1679513085928 0.7373072504997253 2
1679513086051 0.7380861639976501 3
1679513086174 0.7381179332733154 4
1679513086304 0.7387378811836243 5
1679513086429 0.7388968467712402 6
1679513086552 0.7403751611709595 7
1679513086676 0.7397075295448303 8
1679513086804 0.7409632802009583 9
1679513086934 0.7412016987800598 10
1679513087058 0.7405499815940857 11
1679513087182 0.7408202290534973 12
1679513087310 0.7402956485748291 13
1679513087444 0.7404228448867798 14
1679513087581 0.7413606643676758 15
1679513087714 0.7413447499275208 16
1679513087847 0.7419488430023193 17
1679513087976 0.7417580485343933 18
1679513088108 0.7422508597373962 19
1679513088234 0.7419965267181396 20
1679513088362 0.7410268783569336 21
1679513088487 0.7410904169082642 22
1679513088619 0.7424574494361877 23
1679513088757 0.7416468262672424 24
1679513088894 0.7419488430023193 25
1679513089033 0.7423143982887268 26
1679513089157 0.7419010996818542 27
1679513089280 0.7420759797096252 28
1679513089404 0.742997944355011 29
1679513089532 0.7418057322502136 30
1679513089661 0.7427912950515747 31
1679513089785 0.7419806122779846 32
1679513089910 0.7421872615814209 33
1679513090033 0.7424415946006775 34
1679513090165 0.7421554327011108 35
1679513090290 0.742838978767395 36
1679513090421 0.7423620820045471 37
1679513090551 0.7420123815536499 38
1679513090677 0.7417898774147034 39
1679513090806 0.7425687313079834 40
1679513090932 0.7426164150238037 41
1679513091057 0.7424097657203674 42
1679513091189 0.742680013179779 43
1679513091318 0.7424097657203674 44
1679513091445 0.7431250810623169 45
1679513091572 0.7427595257759094 46
1679513091704 0.742838978767395 47
1679513091832 0.742997944355011 48
1679513091959 0.7424574494361877 49
1679513092086 0.74285489320755 50
1679513092213 0.7426959276199341 51
1679513092353 0.7424097657203674 52
1679513092486 0.7433953285217285 53
1679513092612 0.7432363629341125 54
1679513092802 0.7432840466499329 55
1679513092930 0.7427276968955994 56
1679513093058 0.7436178922653198 57
1679513093182 0.7427912950515747 58
1679513093306 0.7433476448059082 59
1679513093428 0.7434906959533691 60
1679513093557 0.743776798248291 61
1679513093683 0.7437609434127808 62
1679513093807 0.7431092262268066 63
1679513093929 0.743951678276062 64
1679513094056 0.7429343461990356 65
1679513094181 0.7434270977973938 66
1679513094306 0.7436337471008301 67
1679513094468 0.7444444298744202 68
1679513094597 0.743951678276062 69
1679513094739 0.7428866624832153 70
1679513094864 0.7440152764320374 71
1679513094987 0.7450166940689087 72
1679513095116 0.7437291145324707 73
1679513095241 0.743967592716217 74
1679513095373 0.7444126605987549 75
1679513095500 0.7440788149833679 76
1679513095632 0.7442854642868042 77
1679513095771 0.7445080280303955 78
1679513095900 0.7445080280303955 79
1679513096028 0.7445557117462158 80
1679513096156 0.7452710270881653 81
1679513096283 0.7452551126480103 82
1679513096410 0.7449690103530884 83
1679513096538 0.7447941303253174 84
1679513096667 0.745223343372345 85
1679513096796 0.7450007796287537 86
1679513096923 0.7449690103530884 87
1679513097049 0.7447782754898071 88
1679513097178 0.7456843256950378 89
1679513097307 0.7457001805305481 90
1679513097435 0.7454617619514465 91
1679513097562 0.7448577284812927 92
1679513097687 0.7453346252441406 93
1679513097820 0.7455730438232422 94
1679513097944 0.7459863424301147 95
1679513098068 0.7457956075668335 96
1679513098193 0.7458114624023438 97
1679513098318 0.7457001805305481 98
1679513098441 0.7454617619514465 99
1679513098571 0.7458114624023438 100
1679513098696 0.746177077293396 101
1679513098819 0.7462247610092163 102
1679513098947 0.7460817098617554 103
1679513099075 0.74601811170578 104
1679513099203 0.7466698288917542 105
1679513099332 0.7456207275390625 106
1679513099462 0.7456048130989075 107
1679513099588 0.7462088465690613 108
1679513099714 0.7463837265968323 109
1679513099844 0.7459545135498047 110
1679513099972 0.7463201284408569 111
1679513100138 0.7458273768424988 112
1679513100304 0.7462247610092163 113
1679513100434 0.7462247610092163 114
1679513100567 0.7465585470199585 115
1679513100716 0.7472261786460876 116
1679513100847 0.7468447089195251 117
1679513100976 0.7473533749580383 118
1679513101105 0.7466062903404236 119
1679513101232 0.7465585470199585 120
1679513101362 0.7467811107635498 121
1679513101485 0.7478302121162415 122
1679513101610 0.747273862361908 123
1679513101740 0.7464790940284729 124
1679513101874 0.7470672130584717 125
1679513102003 0.7469083070755005 126
1679513102135 0.7474805116653442 127
1679513102263 0.7469400763511658 128
1679513102387 0.7471626400947571 129
1679513102516 0.7473851442337036 130
1679513102645 0.7470672130584717 131
1679513102768 0.7475600242614746 132
1679513102897 0.7477507591247559 133
1679513103027 0.7480050921440125 134
1679513103153 0.7474805116653442 135
1679513103279 0.7478778958320618 136
1679513103404 0.7478461265563965 137
1679513103530 0.7467970252037048 138
1679513103659 0.7477189898490906 139
1679513103787 0.7473692297935486 140
1679513103913 0.7473533749580383 141
1679513104034 0.7473215460777283 142
1679513104158 0.7482276558876038 143
1679513104282 0.747448742389679 144
1679513104407 0.7478620409965515 145
1679513104530 0.7475917935371399 146
1679513104665 0.7480050921440125 147
1679513104794 0.7481481432914734 148
1679513104917 0.7481640577316284 149
1679513105039 0.7473851442337036 150
1679513105166 0.7481004595756531 151
1679513105296 0.7479733228683472 152
1679513105421 0.7482117414474487 153
1679513105550 0.7481958270072937 154
1679513105678 0.7475758790969849 155
1679513105805 0.7484660744667053 156
1679513105936 0.748561441898346 157
1679513106062 0.7483707070350647 158
1679513106186 0.7477825284004211 159
1679513106317 0.7482753396034241 160
1679513106443 0.7478938102722168 161
1679513106569 0.7483071088790894 162
1679513106696 0.748259425163269 163
1679513106821 0.7482753396034241 164
1679513106948 0.7485455274581909 165
1679513107077 0.7486250400543213 166
1679513107204 0.7483388781547546 167
1679513107332 0.7486568093299866 168
1679513107465 0.7483388781547546 169
1679513107599 0.7482753396034241 170
1679513107776 0.7483071088790894 171
1679513107909 0.7481322288513184 172
1679513108037 0.7484978437423706 173
1679513108170 0.7489429116249084 174
1679513108298 0.748243510723114 175
1679513108426 0.7483071088790894 176
1679513108552 0.7481958270072937 177
1679513108679 0.74840247631073 178
1679513108804 0.7481322288513184 179
1679513108929 0.7489588260650635 180
1679513109054 0.7490382790565491 181
1679513109180 0.7485455274581909 182
1679513109308 0.7483547925949097 183
1679513109431 0.7479891777038574 184
1679513109555 0.7483071088790894 185
1679513109678 0.7484819293022156 186
1679513109803 0.7487204074859619 187
1679513109932 0.7481640577316284 188
1679513110055 0.7490382790565491 189
1679513110180 0.7489747405052185 190
1679513110327 0.7488952279090881 191
1679513110452 0.7486885786056519 192
1679513110577 0.7483547925949097 193
1679513110709 0.7490382790565491 194
1679513110834 0.748561441898346 195
1679513110955 0.7486727237701416 196
1679513111080 0.749515175819397 197
1679513111209 0.7488634586334229 198
1679513111334 0.7488157749176025 199
1679513111457 0.749531090259552 200
1679513111583 0.748243510723114 201
1679513111705 0.7486250400543213 202
1679513111830 0.749356210231781 203
1679513111953 0.7498171925544739 204
1679513112080 0.7488475441932678 205
1679513112210 0.7491495609283447 206
1679513112337 0.7491813898086548 207
1679513112467 0.7489270567893982 208
1679513112599 0.7490701079368591 209
1679513112731 0.7490860223770142 210
1679513112865 0.7488475441932678 211
1679513112999 0.7484978437423706 212
1679513113133 0.7492926120758057 213
1679513113262 0.7485932111740112 214
1679513113386 0.7486727237701416 215
1679513113515 0.7491177916526794 216
1679513113639 0.7486250400543213 217
1679513113762 0.7488316893577576 218
1679513113884 0.7490860223770142 219
1679513114015 0.7491813898086548 220
1679513114146 0.7490382790565491 221
1679513114272 0.7490541934967041 222
1679513114397 0.7488475441932678 223
1679513114526 0.7490701079368591 224
1679513114652 0.7493244409561157 225
1679513114779 0.7490701079368591 226
1679513114906 0.7488793730735779 227
1679513115033 0.749531090259552 228
1679513115162 0.749197244644165 229
1679513115289 0.7499284744262695 230
1679513115417 0.7489270567893982 231
1679513115543 0.7491018772125244 232
1679513115671 0.7496741414070129 233
1679513115801 0.7492608428001404 234
1679513115931 0.7490860223770142 235
1679513116057 0.7494357228279114 236
1679513116186 0.7494834065437317 237
1679513116317 0.749356210231781 238
1679513116446 0.7496741414070129 239
1679513116577 0.7495787739753723 240
1679513116767 0.7491018772125244 241
1679513116944 0.7491337060928345 242
1679513117079 0.7494834065437317 243
1679513117216 0.7488157749176025 244
1679513117341 0.7494674921035767 245
1679513117469 0.749197244644165 246
1679513117592 0.7490224242210388 247
1679513117713 0.7494357228279114 248
1679513117838 0.7491495609283447 249
1679513117960 0.7489905953407288 250
1679513118089 0.7488952279090881 251
1679513118213 0.7497059106826782 252
1679513118340 0.7489588260650635 253
1679513118470 0.749515175819397 254
1679513118597 0.7493244409561157 255
1679513118722 0.7492608428001404 256
1679513118846 0.749515175819397 257
1679513118968 0.7491177916526794 258
1679513119094 0.7493403553962708 259
1679513119222 0.7495469450950623 260
1679513119345 0.7490541934967041 261
1679513119470 0.7493403553962708 262
1679513119602 0.7491177916526794 263
1679513119726 0.749531090259552 264
1679513119851 0.7488475441932678 265
1679513119981 0.7489747405052185 266
1679513120111 0.7494198083877563 267
1679513120238 0.7494992613792419 268
1679513120361 0.7492449283599854 269
1679513120488 0.7492131590843201 270
1679513120617 0.749197244644165 271
1679513120745 0.7492608428001404 272
1679513120872 0.7493403553962708 273
1679513121040 0.7492449283599854 274
1679513121162 0.7491654753684998 275
1679513121288 0.7494674921035767 276
1679513121421 0.7496105432510376 277
1679513121548 0.7490224242210388 278
1679513121675 0.7495946884155273 279
1679513121868 0.749372124671936 280
1679513121998 0.749372124671936 281
1679513122177 0.7492131590843201 282
1679513122307 0.7500397562980652 283
1679513122431 0.7491495609283447 284
1679513122558 0.7494834065437317 285
1679513122683 0.7493880391120911 286
1679513122807 0.7491177916526794 287
1679513122935 0.7492767572402954 288
1679513123056 0.7493880391120911 289
1679513123180 0.7498012781143188 290
1679513123307 0.749197244644165 291
1679513123434 0.7496741414070129 292
1679513123558 0.749515175819397 293
1679513123679 0.7495469450950623 294
1679513123801 0.749197244644165 295
1679513123926 0.7492290735244751 296
1679513124061 0.7494198083877563 297
1679513124192 0.749356210231781 298
1679513124324 0.7494992613792419 299
1679513124447 0.7500238418579102 300
1679513124573 0.749531090259552 301
1679513124700 0.7494674921035767 302
1679513124825 0.7494674921035767 303
1679513124953 0.7495469450950623 304
1679513125085 0.749197244644165 305
1679513125209 0.7491495609283447 306
1679513125338 0.7490065097808838 307
1679513125467 0.7498331069946289 308
1679513125590 0.7497695088386536 309
1679513125755 0.7494038939476013 310
1679513125886 0.7492608428001404 311
1679513126048 0.7489905953407288 312
1679513126171 0.7496582269668579 313
1679513126301 0.7499761581420898 314
1679513126425 0.7494515776634216 315
1679513126550 0.7494992613792419 316
1679513126676 0.7494515776634216 317
1679513126807 0.749356210231781 318
1679513126932 0.7490541934967041 319
1679513127058 0.7497535943984985 320
1679513127182 0.749690055847168 321
1679513127305 0.7498331069946289 322
1679513127439 0.7498648762702942 323
1679513127566 0.7494992613792419 324
1679513127691 0.7497695088386536 325
1679513127815 0.7496423721313477 326
1679513127938 0.749531090259552 327
1679513128062 0.7496423721313477 328
1679513128185 0.7493403553962708 329
1679513128327 0.7493244409561157 330
1679513128453 0.749690055847168 331
1679513128581 0.7494992613792419 332
1679513128706 0.7492290735244751 333
1679513128834 0.7498331069946289 334
1679513128959 0.7494992613792419 335
1679513129091 0.749531090259552 336
1679513129219 0.7494992613792419 337
1679513129347 0.7496105432510376 338
1679513129471 0.7498012781143188 339
1679513129600 0.7498171925544739 340
1679513129725 0.749531090259552 341
1679513129851 0.7497695088386536 342
1679513129981 0.7489905953407288 343
1679513130109 0.7493880391120911 344
1679513130242 0.7490224242210388 345
1679513130375 0.7495946884155273 346
1679513130511 0.7496582269668579 347
1679513130637 0.7495787739753723 348
1679513130760 0.7494992613792419 349
1679513130881 0.7498331069946289 350
1679513131009 0.7488316893577576 351
1679513131134 0.7496741414070129 352
1679513131259 0.7497535943984985 353
1679513131384 0.7493403553962708 354
1679513131507 0.7498648762702942 355
1679513131635 0.749515175819397 356
1679513131764 0.7494834065437317 357
1679513131894 0.7498171925544739 358
1679513132023 0.749515175819397 359
1679513132149 0.7494992613792419 360
1679513132279 0.7493403553962708 361
1679513132404 0.7496264576911926 362
1679513132532 0.7497059106826782 363
1679513132665 0.7496423721313477 364
1679513132789 0.7496105432510376 365
1679513132912 0.7495628595352173 366
1679513133039 0.7499602437019348 367
1679513133161 0.7497695088386536 368
1679513133288 0.7500874400138855 369
1679513133412 0.7492449283599854 370
1679513133536 0.7496264576911926 371
1679513133661 0.7492926120758057 372
1679513133788 0.7499125599861145 373
1679513133916 0.7497218251228333 374
1679513134042 0.7497218251228333 375
1679513134167 0.7498331069946289 376
1679513134291 0.7494992613792419 377
1679513134425 0.7501987218856812 378
1679513134556 0.7496741414070129 379
1679513134685 0.7497059106826782 380
1679513134816 0.7494992613792419 381
1679513134943 0.7498489618301392 382
1679513135069 0.7498967051506042 383
1679513135195 0.7494834065437317 384
1679513135323 0.7498331069946289 385
1679513135451 0.7495469450950623 386
1679513135579 0.7494038939476013 387
1679513135710 0.7496423721313477 388
1679513135838 0.7498171925544739 389
1679513135966 0.7496582269668579 390
1679513136092 0.7496582269668579 391
1679513136220 0.7501828074455261 392
1679513136359 0.7499284744262695 393
1679513136484 0.7493403553962708 394
1679513136608 0.7500874400138855 395
1679513136732 0.7501351237297058 396
1679513136857 0.7498489618301392 397
1679513136980 0.7498489618301392 398
1679513137105 0.749690055847168 399
1679513137231 0.7499125599861145 400
1679513137357 0.7494515776634216 401
1679513137484 0.7497377395629883 402
1679513137608 0.7502304911613464 403
1679513137756 0.7493403553962708 404
1679513137884 0.7495946884155273 405
1679513138010 0.7499920725822449 406
1679513138139 0.7501510381698608 407
1679513138266 0.7502622604370117 408
1679513138394 0.749515175819397 409
1679513138519 0.7497695088386536 410
1679513138644 0.7498012781143188 411
1679513138772 0.7499125599861145 412
1679513138895 0.749515175819397 413
1679513139018 0.7500397562980652 414
1679513139144 0.7495628595352173 415
1679513139266 0.7499284744262695 416
1679513139390 0.7499443888664246 417
1679513139514 0.7496582269668579 418
1679513139643 0.7499125599861145 419
1679513139768 0.7496741414070129 420
1679513139891 0.7500238418579102 421
1679513140014 0.7494674921035767 422
1679513140144 0.7499761581420898 423
1679513140274 0.7501351237297058 424
1679513140400 0.7501987218856812 425
1679513140530 0.7499125599861145 426
1679513140655 0.7498807907104492 427
1679513140782 0.749690055847168 428
1679513140904 0.7499602437019348 429
1679513141034 0.7500397562980652 430
1679513141164 0.7496582269668579 431
1679513141290 0.7498807907104492 432
1679513141416 0.7500238418579102 433
1679513141542 0.7501668930053711 434
1679513141667 0.749690055847168 435
1679513141793 0.7502622604370117 436
1679513141921 0.7499761581420898 437
1679513142047 0.7500874400138855 438
1679513142177 0.7498331069946289 439
1679513142300 0.7495787739753723 440
1679513142424 0.7496423721313477 441
1679513142558 0.7505642771720886 442
1679513142684 0.7505325078964233 443
1679513142814 0.7495787739753723 444
1679513142943 0.7498967051506042 445
1679513143071 0.7499761581420898 446
1679513143202 0.7502304911613464 447
1679513143334 0.7500874400138855 448
1679513143464 0.7499602437019348 449
1679513143602 0.7497535943984985 450
1679513143730 0.7501032948493958 451
1679513143859 0.7500715255737305 452
1679513144044 0.7496264576911926 453
1679513144179 0.7504371404647827 454
1679513144310 0.7504212260246277 455
1679513144442 0.750484824180603 456
1679513144619 0.750627875328064 457
1679513144763 0.7498648762702942 458
1679513144890 0.7504053115844727 459
1679513145018 0.7501351237297058 460
1679513145144 0.7500079274177551 461
1679513145269 0.7497377395629883 462
1679513145406 0.7505007386207581 463
1679513145533 0.7500556111335754 464
1679513145658 0.7497695088386536 465
1679513145781 0.7502622604370117 466
1679513145905 0.7505484223365784 467
1679513146027 0.7502145767211914 468
1679513146151 0.7502622604370117 469
1679513146277 0.7499602437019348 470
1679513146405 0.7502622604370117 471
1679513146537 0.7500238418579102 472
1679513146660 0.750309944152832 473
1679513146783 0.7506755590438843 474
1679513146911 0.7503417730331421 475
1679513147040 0.7497535943984985 476
1679513147187 0.7496741414070129 477
1679513147318 0.7501987218856812 478
1679513147445 0.749690055847168 479
1679513147571 0.7501351237297058 480
1679513147698 0.7501668930053711 481
1679513147827 0.7502464056015015 482
1679513147958 0.7499284744262695 483
1679513148089 0.7501828074455261 484
1679513148220 0.7504371404647827 485
1679513148351 0.7501192092895508 486
1679513148479 0.7499920725822449 487
1679513148611 0.7498648762702942 488
1679513148745 0.7499443888664246 489
1679513148871 0.7497854232788086 490
1679513148994 0.7503894567489624 491
1679513149124 0.7498967051506042 492
1679513149253 0.7498171925544739 493
1679513149379 0.7499761581420898 494
1679513149506 0.7500874400138855 495
1679513149669 0.7500715255737305 496
1679513149804 0.7504371404647827 497
1679513149932 0.7505325078964233 498
1679513150059 0.7501351237297058 499
1679513150184 0.7501032948493958 500
1679513150309 0.7500397562980652 501
1679513150439 0.7497218251228333 502
1679513150568 0.7505165934562683 503
1679513150700 0.7503417730331421 504
1679513150830 0.7498967051506042 505
1679513150959 0.7504053115844727 506
1679513151088 0.7504053115844727 507
1679513151214 0.7506755590438843 508
1679513151343 0.7503735423088074 509
1679513151466 0.7505961060523987 510
1679513151588 0.7505961060523987 511
1679513151713 0.7502940893173218 512
1679513151837 0.7501351237297058 513
1679513151969 0.7503894567489624 514
1679513152129 0.7504212260246277 515
1679513152261 0.7503894567489624 516
1679513152389 0.7501510381698608 517
1679513152512 0.7504530549049377 518
1679513152642 0.7497218251228333 519
1679513152799 0.7503258585929871 520
1679513152926 0.7505801916122437 521
1679513153053 0.7498489618301392 522
1679513153178 0.7501668930053711 523
1679513153302 0.750643789768219 524
1679513153432 0.7499125599861145 525
1679513153556 0.7505165934562683 526
1679513153683 0.7501668930053711 527
1679513153813 0.7507391571998596 528
1679513153942 0.7501192092895508 529
1679513154070 0.7501351237297058 530
1679513154196 0.7505801916122437 531
1679513154327 0.7508186101913452 532
1679513154453 0.7501192092895508 533
1679513154581 0.7506914734840393 534
1679513154708 0.7502464056015015 535
1679513154834 0.7508345246315002 536
1679513154960 0.7499602437019348 537
1679513155086 0.7501828074455261 538
1679513155210 0.7499920725822449 539
1679513155345 0.7501192092895508 540
1679513155470 0.7507073879241943 541
1679513155624 0.7502145767211914 542
1679513155750 0.7505325078964233 543
1679513155878 0.750484824180603 544
1679513156004 0.7502781748771667 545
1679513156128 0.7503576278686523 546
1679513156256 0.7500556111335754 547
1679513156384 0.7508662939071655 548
1679513156513 0.7507709264755249 549
1679513156637 0.7507868409156799 550
1679513156781 0.7502940893173218 551
1679513156906 0.7506119608879089 552
1679513157033 0.7505801916122437 553
1679513157158 0.7502145767211914 554
1679513157281 0.7502940893173218 555
1679513157406 0.7503735423088074 556
1679513157532 0.7503417730331421 557
1679513157658 0.7502940893173218 558
1679513157784 0.7505165934562683 559
1679513157907 0.7507709264755249 560
1679513158032 0.7509139776229858 561
1679513158165 0.7499761581420898 562
1679513158290 0.7506755590438843 563
1679513158413 0.7501668930053711 564
1679513158543 0.750309944152832 565
1679513158667 0.7505801916122437 566
1679513158796 0.7504371404647827 567
1679513158925 0.7509298920631409 568
1679513159049 0.7505165934562683 569
1679513159175 0.7503576278686523 570
1679513159302 0.7507073879241943 571
1679513159428 0.7506596446037292 572
1679513159563 0.7505484223365784 573
1679513159688 0.7502622604370117 574
1679513159814 0.7506914734840393 575
1679513159939 0.7505165934562683 576
1679513160069 0.7504371404647827 577
1679513160196 0.750309944152832 578
1679513160325 0.7504530549049377 579
1679513160453 0.7502622604370117 580
1679513160578 0.7507868409156799 581
1679513160702 0.750468909740448 582
1679513160832 0.7500874400138855 583
1679513160956 0.7500238418579102 584
1679513161092 0.7502781748771667 585
1679513161216 0.7502622604370117 586
1679513161343 0.750309944152832 587
1679513161475 0.7503417730331421 588
1679513161600 0.750468909740448 589
1679513161723 0.7511206269264221 590
1679513161846 0.7504371404647827 591
1679513161973 0.7501668930053711 592
1679513162103 0.7510411739349365 593
1679513162230 0.7502940893173218 594
1679513162361 0.7502940893173218 595
1679513162493 0.7500874400138855 596
1679513162620 0.7505165934562683 597
1679513162745 0.7505007386207581 598
1679513162869 0.7499443888664246 599
1679513162995 0.7509139776229858 600
1679513163122 0.7500079274177551 601
1679513163252 0.7510411739349365 602
1679513163380 0.7511365413665771 603
1679513163506 0.7510094046592712 604
1679513163632 0.7501828074455261 605
1679513163758 0.7506119608879089 606
1679513163886 0.7504053115844727 607
1679513164013 0.7502781748771667 608
1679513164143 0.7503735423088074 609
1679513164280 0.7509775757789612 610
1679513164408 0.7501351237297058 611
1679513164532 0.7507868409156799 612
1679513164659 0.7501668930053711 613
1679513164785 0.7507709264755249 614
1679513164911 0.7507232427597046 615
1679513165085 0.7508504390716553 616
1679513165214 0.7506119608879089 617
1679513165341 0.750468909740448 618
1679513165466 0.7506119608879089 619
1679513165600 0.7507232427597046 620
1679513165723 0.7501668930053711 621
1679513165848 0.750484824180603 622
1679513165974 0.7504371404647827 623
1679513166100 0.7504530549049377 624
1679513166226 0.750643789768219 625
1679513166350 0.7505642771720886 626
1679513166478 0.750627875328064 627
1679513166604 0.7509934902191162 628
1679513166733 0.7502781748771667 629
1679513166859 0.750468909740448 630
1679513166992 0.7507868409156799 631
1679513167115 0.7506914734840393 632
1679513167238 0.7502940893173218 633
1679513167362 0.7502940893173218 634
1679513167487 0.7505642771720886 635
1679513167637 0.7504530549049377 636
1679513167792 0.7509298920631409 637
1679513167917 0.7507868409156799 638
1679513168040 0.7508504390716553 639
1679513168167 0.7509298920631409 640
1679513168300 0.7508981227874756 641
1679513168426 0.7505484223365784 642
1679513168551 0.7510570883750916 643
1679513168674 0.750309944152832 644
1679513168802 0.750643789768219 645
1679513168933 0.7504053115844727 646
1679513169061 0.7505007386207581 647
1679513169187 0.7506119608879089 648
1679513169310 0.7502781748771667 649
1679513169434 0.7503576278686523 650
1679513169557 0.7507232427597046 651
1679513169698 0.7504530549049377 652
1679513169825 0.7501828074455261 653
1679513169948 0.7504371404647827 654
1679513170070 0.750468909740448 655
1679513170196 0.7504530549049377 656
1679513170323 0.7507550716400146 657
1679513170448 0.7503894567489624 658
1679513170574 0.7510252594947815 659
1679513170700 0.7508345246315002 660
1679513170832 0.7505484223365784 661
1679513170965 0.7504053115844727 662
1679513171089 0.7505165934562683 663
1679513171213 0.7502145767211914 664
1679513171338 0.7508822083473206 665
1679513171466 0.751422643661499 666
1679513171593 0.7511047720909119 667
1679513171722 0.7505642771720886 668
1679513171849 0.7507391571998596 669
1679513171979 0.7507232427597046 670
1679513172110 0.7508345246315002 671
1679513172235 0.7506119608879089 672
1679513172365 0.7503417730331421 673
1679513172491 0.7507391571998596 674
1679513172616 0.7504530549049377 675
1679513172766 0.750802755355835 676
1679513172895 0.7509298920631409 677
1679513173025 0.7503417730331421 678
1679513173150 0.7505642771720886 679
1679513173277 0.7507391571998596 680
1679513173407 0.7508186101913452 681
1679513173533 0.7511365413665771 682
1679513173663 0.7509617209434509 683
1679513173788 0.7516769766807556 684
1679513173915 0.7503735423088074 685
1679513174039 0.7504371404647827 686
1679513174161 0.750643789768219 687
1679513174291 0.7508345246315002 688
1679513174417 0.7507868409156799 689
1679513174543 0.7506119608879089 690
1679513174673 0.7507391571998596 691
1679513174806 0.750643789768219 692
1679513174936 0.7509298920631409 693
1679513175070 0.750627875328064 694
1679513175194 0.7504530549049377 695
1679513175321 0.7505642771720886 696
1679513175446 0.7505484223365784 697
1679513175572 0.7507709264755249 698
1679513175698 0.7511365413665771 699
1679513175827 0.7503258585929871 700
1679513175952 0.7514544725418091 701
1679513176081 0.750468909740448 702
1679513176211 0.7507868409156799 703
1679513176341 0.750484824180603 704
1679513176473 0.7505801916122437 705
1679513176602 0.7504530549049377 706
1679513176726 0.7506119608879089 707
1679513176849 0.7504212260246277 708
1679513176989 0.7502622604370117 709
1679513177117 0.7507391571998596 710
1679513177247 0.7509298920631409 711
1679513177375 0.7509934902191162 712
1679513177509 0.7509458065032959 713
1679513177684 0.7508662939071655 714
1679513177825 0.7508822083473206 715
1679513177969 0.7511683106422424 716
1679513178108 0.750627875328064 717
1679513178245 0.7505961060523987 718
1679513178382 0.7513114213943481 719
1679513178512 0.7509139776229858 720
1679513178638 0.7506596446037292 721
1679513178763 0.7510252594947815 722
1679513178892 0.7512955069541931 723
1679513179023 0.7507391571998596 724
1679513179163 0.7511683106422424 725
1679513179291 0.7507391571998596 726
1679513179422 0.7507709264755249 727
1679513179550 0.7507073879241943 728
1679513179689 0.7506119608879089 729
1679513179817 0.7504212260246277 730
1679513179945 0.7507232427597046 731
1679513180071 0.7513591051101685 732
1679513180201 0.7510411739349365 733
1679513180335 0.7507232427597046 734
1679513180465 0.7504530549049377 735
1679513180600 0.7506914734840393 736
1679513180732 0.7505484223365784 737
1679513180870 0.7510094046592712 738
1679513180999 0.7505642771720886 739
1679513181132 0.750468909740448 740
1679513181256 0.7510252594947815 741
1679513181381 0.7507868409156799 742
1679513181504 0.7508186101913452 743
1679513181631 0.7507868409156799 744
1679513181793 0.7509775757789612 745
1679513181924 0.7508822083473206 746
1679513182062 0.7506914734840393 747
1679513182193 0.7509775757789612 748
1679513182323 0.7508345246315002 749
1679513182452 0.750802755355835 750
1679513182584 0.7509298920631409 751
1679513182717 0.750484824180603 752
1679513182855 0.7513591051101685 753
1679513182984 0.7509617209434509 754
1679513183121 0.7509775757789612 755
1679513183253 0.7507391571998596 756
1679513183383 0.7510094046592712 757
1679513183516 0.7506914734840393 758
1679513183644 0.7509458065032959 759
1679513183769 0.7510888576507568 760
1679513183894 0.7503894567489624 761
1679513184022 0.7508822083473206 762
1679513184149 0.7509139776229858 763
1679513184280 0.7506119608879089 764
1679513184411 0.7507391571998596 765
1679513184539 0.750802755355835 766
1679513184665 0.7511683106422424 767
1679513184792 0.7505007386207581 768
1679513184918 0.750802755355835 769
1679513185048 0.7510570883750916 770
1679513185181 0.7508504390716553 771
1679513185314 0.7508822083473206 772
1679513185455 0.7512159943580627 773
1679513185580 0.7510411739349365 774
1679513185706 0.7507073879241943 775
1679513185831 0.7506914734840393 776
1679513185959 0.7508345246315002 777
1679513186088 0.7505801916122437 778
1679513186217 0.7509775757789612 779
1679513186344 0.7507550716400146 780
1679513186476 0.7508981227874756 781
1679513186599 0.7511365413665771 782
1679513186726 0.7510570883750916 783
1679513186868 0.751422643661499 784
1679513187000 0.7507073879241943 785
1679513187160 0.7506596446037292 786
1679513187289 0.7505801916122437 787
1679513187420 0.7510570883750916 788
1679513187560 0.7508981227874756 789
1679513187688 0.7513591051101685 790
1679513187813 0.751613438129425 791
1679513187940 0.7515180706977844 792
1679513188072 0.7507391571998596 793
1679513188205 0.7510252594947815 794
1679513188366 0.7508186101913452 795
1679513188544 0.7508822083473206 796
1679513188687 0.7512795925140381 797
1679513188815 0.7505801916122437 798
1679513188943 0.7507391571998596 799
1679513189066 0.7511047720909119 800
1679513189191 0.750802755355835 801
1679513189319 0.7513431906700134 802
1679513189444 0.7509139776229858 803
1679513189568 0.7512001395225525 804
1679513189693 0.7508186101913452 805
1679513189823 0.7511047720909119 806
1679513189957 0.7506596446037292 807
1679513190083 0.7511047720909119 808
1679513190206 0.7513591051101685 809
1679513190337 0.7508504390716553 810
1679513190466 0.7512001395225525 811
1679513190594 0.7502304911613464 812
1679513190721 0.751422643661499 813
1679513190848 0.7509775757789612 814
1679513190982 0.7506119608879089 815
1679513191109 0.7516292929649353 816
1679513191232 0.7509458065032959 817
1679513191358 0.7509617209434509 818
1679513191488 0.7509617209434509 819
1679513191623 0.7512478232383728 820
1679513191748 0.7515657544136047 821
1679513191870 0.7508981227874756 822
1679513191999 0.7506596446037292 823
1679513192127 0.7515180706977844 824
1679513192251 0.7510570883750916 825
1679513192376 0.7509298920631409 826
1679513192500 0.7510094046592712 827
1679513192628 0.7514544725418091 828
1679513192753 0.7513591051101685 829
1679513192876 0.7508822083473206 830
1679513193001 0.7512795925140381 831
1679513193131 0.7507232427597046 832
1679513193257 0.7512637376785278 833
1679513193385 0.7507550716400146 834
1679513193506 0.7512159943580627 835
1679513193632 0.7509934902191162 836
1679513193759 0.7511683106422424 837
1679513193884 0.7512478232383728 838
1679513194010 0.7510570883750916 839
1679513194140 0.7513114213943481 840
1679513194271 0.7507868409156799 841
1679513194400 0.7509298920631409 842
1679513194525 0.7509298920631409 843
1679513194652 0.7512955069541931 844
1679513194799 0.7509775757789612 845
1679513194927 0.7512795925140381 846
1679513195053 0.7505007386207581 847
1679513195175 0.7509934902191162 848
1679513195299 0.7510411739349365 849
1679513195430 0.7510729432106018 850
1679513195554 0.7516611218452454 851
1679513195680 0.7509934902191162 852
1679513195815 0.7507550716400146 853
1679513195945 0.7510888576507568 854
1679513196071 0.7510888576507568 855
1679513196194 0.7512319087982178 856
1679513196321 0.7512159943580627 857
1679513196452 0.7512637376785278 858
1679513196583 0.750627875328064 859
1679513196711 0.7510729432106018 860
1679513196847 0.7507868409156799 861
1679513196974 0.7511365413665771 862
1679513197104 0.7511524558067322 863
1679513197235 0.7508822083473206 864
1679513197371 0.7511683106422424 865
1679513197539 0.7512955069541931 866
1679513197720 0.7503258585929871 867
1679513197861 0.7509775757789612 868
1679513198040 0.7511524558067322 869
1679513198168 0.7508345246315002 870
1679513198291 0.7508662939071655 871
1679513198418 0.7513114213943481 872
1679513198550 0.7512637376785278 873
1679513198683 0.7513114213943481 874
1679513198811 0.751438558101654 875
1679513198939 0.7513114213943481 876
1679513199072 0.7513591051101685 877
1679513199200 0.7509934902191162 878
1679513199328 0.7513591051101685 879
1679513199484 0.7504530549049377 880
1679513199648 0.7508504390716553 881
1679513199836 0.7510570883750916 882
1679513200008 0.7508345246315002 883
1679513200146 0.7510888576507568 884
1679513200277 0.7512001395225525 885
1679513200410 0.7512478232383728 886
1679513200536 0.7509934902191162 887
1679513200661 0.7511524558067322 888
1679513200784 0.7514067888259888 889
1679513200909 0.7509139776229858 890
1679513201033 0.7511365413665771 891
1679513201162 0.7508186101913452 892
1679513201299 0.750802755355835 893
1679513201434 0.7509775757789612 894
1679513201566 0.7511842250823975 895
1679513201690 0.7512795925140381 896
1679513201819 0.7507868409156799 897
1679513201950 0.7513114213943481 898
1679513202078 0.7510570883750916 899
1679513202201 0.7508504390716553 900
1679513202336 0.7516611218452454 901
1679513202466 0.7515498399734497 902
1679513202589 0.7510411739349365 903
1679513202712 0.751740574836731 904
1679513202836 0.7513908743858337 905
1679513202961 0.7511683106422424 906
1679513203084 0.7512637376785278 907
1679513203213 0.7507391571998596 908
1679513203338 0.7511047720909119 909
1679513203469 0.7511683106422424 910
1679513203594 0.751422643661499 911
1679513203717 0.7512159943580627 912
1679513203851 0.7513591051101685 913
1679513203979 0.751581609249115 914
1679513204103 0.7512159943580627 915
1679513204226 0.7512478232383728 916
1679513204360 0.7510570883750916 917
1679513204486 0.7515021562576294 918
1679513204609 0.7510094046592712 919
1679513204732 0.750802755355835 920
1679513204856 0.7509298920631409 921
1679513204980 0.7511206269264221 922
1679513205107 0.7510570883750916 923
1679513205233 0.7512001395225525 924
1679513205362 0.7508981227874756 925
1679513205487 0.7513114213943481 926
1679513205618 0.7509934902191162 927
1679513205741 0.7511365413665771 928
1679513205864 0.7513272762298584 929
1679513205989 0.7508186101913452 930
1679513206113 0.7513114213943481 931
1679513206237 0.7513431906700134 932
1679513206371 0.7511524558067322 933
1679513206497 0.7511524558067322 934
1679513206624 0.7512001395225525 935
1679513206751 0.7508186101913452 936
1679513206876 0.751613438129425 937
1679513207004 0.7513591051101685 938
1679513207130 0.7511206269264221 939
1679513207252 0.751422643661499 940
1679513207379 0.7507709264755249 941
1679513207511 0.7511365413665771 942
1679513207635 0.7510094046592712 943
1679513207757 0.7509617209434509 944
1679513207882 0.7509775757789612 945
1679513208015 0.7510570883750916 946
1679513208137 0.7512478232383728 947
1679513208262 0.7513749599456787 948
1679513208394 0.7513272762298584 949
1679513208525 0.7511683106422424 950
1679513208655 0.7512795925140381 951
1679513208782 0.7512159943580627 952
1679513208910 0.7515339255332947 953
1679513209038 0.7513431906700134 954
1679513209161 0.75159752368927 955
1679513209286 0.7514703273773193 956
1679513209420 0.7513908743858337 957
1679513209549 0.7514703273773193 958
1679513209687 0.7509298920631409 959
1679513209817 0.7513114213943481 960
1679513209949 0.7507391571998596 961
1679513210077 0.7508345246315002 962
1679513210202 0.7510888576507568 963
1679513210327 0.7513591051101685 964
1679513210456 0.7513272762298584 965
1679513210582 0.751422643661499 966
1679513210708 0.7510888576507568 967
1679513210838 0.7506755590438843 968
1679513210964 0.7513114213943481 969
1679513211093 0.7512159943580627 970
1679513211222 0.7509934902191162 971
1679513211347 0.7516928911209106 972
1679513211477 0.7513272762298584 973
1679513211607 0.7513114213943481 974
1679513211734 0.7511842250823975 975
1679513211861 0.7507550716400146 976
1679513211986 0.7511047720909119 977
1679513212115 0.7518677711486816 978
1679513212245 0.751422643661499 979
1679513212378 0.7514067888259888 980
1679513212505 0.7506755590438843 981
1679513212633 0.7516452074050903 982
1679513212758 0.7512478232383728 983
1679513212885 0.7510094046592712 984
1679513213015 0.7511365413665771 985
1679513213145 0.7511206269264221 986
1679513213273 0.7511047720909119 987
1679513213399 0.7511683106422424 988
1679513213530 0.7514862418174744 989
1679513213658 0.7509775757789612 990
1679513213794 0.7511524558067322 991
1679513213918 0.7511524558067322 992
1679513214042 0.7515657544136047 993
1679513214169 0.7509934902191162 994
1679513214293 0.7510570883750916 995
1679513214420 0.7512795925140381 996
1679513214558 0.7509775757789612 997
1679513214691 0.7512159943580627 998
1679513214820 0.7512637376785278 999
