1679513085666 0.8487589955329895 0
1679513085799 0.7737873792648315 1
1679513085928 0.7394829392433167 2
1679513086051 0.711198627948761 3
1679513086174 0.6857730746269226 4
1679513086304 0.6637732982635498 5
1679513086429 0.6446755528450012 6
1679513086552 0.6292335391044617 7
1679513086676 0.6166166663169861 8
1679513086804 0.6061494946479797 9
1679513086934 0.597165048122406 10
1679513087058 0.5895441174507141 11
1679513087182 0.5833237767219543 12
1679513087310 0.5776826739311218 13
1679513087444 0.5730835199356079 14
1679513087581 0.5685991644859314 15
1679513087714 0.5649234056472778 16
1679513087847 0.561356782913208 17
1679513087976 0.5583484768867493 18
1679513088108 0.5557464957237244 19
1679513088234 0.5531809329986572 20
1679513088362 0.5512866973876953 21
1679513088487 0.5495478510856628 22
1679513088619 0.5476267337799072 23
1679513088757 0.5463387966156006 24
1679513088894 0.5446852445602417 25
1679513089033 0.543792188167572 26
1679513089157 0.5423681139945984 27
1679513089280 0.541452169418335 28
1679513089404 0.5404792428016663 29
1679513089532 0.5395441055297852 30
1679513089661 0.5388778448104858 31
1679513089785 0.538088858127594 32
1679513089910 0.5371691584587097 33
1679513090033 0.5365335941314697 34
1679513090165 0.5359917879104614 35
1679513090290 0.5354851484298706 36
1679513090421 0.5348262190818787 37
1679513090551 0.5343908071517944 38
1679513090677 0.5340123772621155 39
1679513090806 0.5335420966148376 40
1679513090932 0.5331325531005859 41
1679513091057 0.532836377620697 42
1679513091189 0.5321707725524902 43
1679513091318 0.5318895578384399 44
1679513091445 0.5316161513328552 45
1679513091572 0.5312930941581726 46
1679513091704 0.5309758186340332 47
1679513091832 0.5307667851448059 48
1679513091959 0.5304741263389587 49
1679513092086 0.5302056670188904 50
1679513092213 0.5298671722412109 51
1679513092353 0.5297010540962219 52
1679513092486 0.5294933319091797 53
1679513092612 0.5291505455970764 54
1679513092802 0.5290816426277161 55
1679513092930 0.5288287401199341 56
1679513093058 0.5284896492958069 57
1679513093182 0.5284003019332886 58
1679513093306 0.5281681418418884 59
1679513093428 0.5280249118804932 60
1679513093557 0.52785724401474 61
1679513093683 0.5276400446891785 62
1679513093807 0.5274539589881897 63
1679513093929 0.5272255539894104 64
1679513094056 0.5270608067512512 65
1679513094181 0.5271053314208984 66
1679513094306 0.5266335606575012 67
1679513094468 0.5265353322029114 68
1679513094597 0.5264710783958435 69
1679513094739 0.5262894034385681 70
1679513094864 0.5261906385421753 71
1679513094987 0.5261003375053406 72
1679513095116 0.5258582830429077 73
1679513095241 0.525738000869751 74
1679513095373 0.5255448818206787 75
1679513095500 0.52545565366745 76
1679513095632 0.5252808928489685 77
1679513095771 0.5250426530838013 78
1679513095900 0.5249464511871338 79
1679513096028 0.5248985886573792 80
1679513096156 0.5247868299484253 81
1679513096283 0.5247153639793396 82
1679513096410 0.5244633555412292 83
1679513096538 0.5245622992515564 84
1679513096667 0.5242373943328857 85
1679513096796 0.5242518782615662 86
1679513096923 0.524031937122345 87
1679513097049 0.5238947868347168 88
1679513097178 0.5237692594528198 89
1679513097307 0.5238133072853088 90
1679513097435 0.5234777331352234 91
1679513097562 0.5233979225158691 92
1679513097687 0.5233065485954285 93
1679513097820 0.5231617093086243 94
1679513097944 0.5231104493141174 95
1679513098068 0.5229308009147644 96
1679513098193 0.5228843688964844 97
1679513098318 0.5228394865989685 98
1679513098441 0.522799015045166 99
1679513098571 0.5225618481636047 100
1679513098696 0.5225485563278198 101
1679513098819 0.5223346948623657 102
1679513098947 0.5222729444503784 103
1679513099075 0.5220832824707031 104
1679513099203 0.5221124887466431 105
1679513099332 0.5219445824623108 106
1679513099462 0.5219352841377258 107
1679513099588 0.5217674374580383 108
1679513099714 0.5216363072395325 109
1679513099844 0.5216363072395325 110
1679513099972 0.5215516090393066 111
1679513100138 0.521449625492096 112
1679513100304 0.5212761163711548 113
1679513100434 0.5212838649749756 114
1679513100567 0.5211319923400879 115
1679513100716 0.521073579788208 116
1679513100847 0.5210472345352173 117
1679513100976 0.5207796692848206 118
1679513101105 0.5208433866500854 119
1679513101232 0.5207268595695496 120
1679513101362 0.5207533240318298 121
1679513101485 0.5205617547035217 122
1679513101610 0.5204666256904602 123
1679513101740 0.5203905701637268 124
1679513101874 0.5203145146369934 125
1679513102003 0.5202052593231201 126
1679513102135 0.5200908184051514 127
1679513102263 0.5200222730636597 128
1679513102387 0.5200167894363403 129
1679513102516 0.5199249982833862 130
1679513102645 0.5198610424995422 131
1679513102768 0.5198084115982056 132
1679513102897 0.5196768641471863 133
1679513103027 0.5197030901908875 134
1679513103153 0.5196254253387451 135
1679513103279 0.5195703506469727 136
1679513103404 0.5194039940834045 137
1679513103530 0.5194163918495178 138
1679513103659 0.5193300843238831 139
1679513103787 0.5191524028778076 140
1679513103913 0.519158124923706 141
1679513104034 0.5191501379013062 142
1679513104158 0.5190274119377136 143
1679513104282 0.5189385414123535 144
1679513104407 0.5189606547355652 145
1679513104530 0.5188023447990417 146
1679513104665 0.5187652111053467 147
1679513104794 0.5185707211494446 148
1679513104917 0.5186436176300049 149
1679513105039 0.5185938477516174 150
1679513105166 0.5184198021888733 151
1679513105296 0.5184967517852783 152
1679513105421 0.5184056758880615 153
1679513105550 0.5183942317962646 154
1679513105678 0.5183446407318115 155
1679513105805 0.5183213353157043 156
1679513105936 0.5181803107261658 157
1679513106062 0.5182015299797058 158
1679513106186 0.5179834961891174 159
1679513106317 0.5180927515029907 160
1679513106443 0.5179483890533447 161
1679513106569 0.5178965926170349 162
1679513106696 0.5178523063659668 163
1679513106821 0.5178414583206177 164
1679513106948 0.5178570747375488 165
1679513107077 0.5177296996116638 166
1679513107204 0.5175480246543884 167
1679513107332 0.517666220664978 168
1679513107465 0.5175649523735046 169
1679513107599 0.5174199938774109 170
1679513107776 0.5175204873085022 171
1679513107909 0.5174223780632019 172
1679513108037 0.5173959136009216 173
1679513108170 0.5173318982124329 174
1679513108298 0.5171435475349426 175
1679513108426 0.5171893239021301 176
1679513108552 0.5171690583229065 177
1679513108679 0.5171375870704651 178
1679513108804 0.5171763896942139 179
1679513108929 0.5168416500091553 180
1679513109054 0.516893208026886 181
1679513109180 0.5169798135757446 182
1679513109308 0.5169143676757812 183
1679513109431 0.516933262348175 184
1679513109555 0.5168434977531433 185
1679513109678 0.5167052745819092 186
1679513109803 0.516730546951294 187
1679513109932 0.5167334675788879 188
1679513110055 0.516563355922699 189
1679513110180 0.5166329145431519 190
1679513110327 0.516480028629303 191
1679513110452 0.5166376829147339 192
1679513110577 0.5164723992347717 193
1679513110709 0.5164594650268555 194
1679513110834 0.5164497494697571 195
1679513110955 0.5163260698318481 196
1679513111080 0.5162926912307739 197
1679513111209 0.5163038969039917 198
1679513111334 0.5163095593452454 199
1679513111457 0.5163075923919678 200
1679513111583 0.516239583492279 201
1679513111705 0.5161647796630859 202
1679513111830 0.5160329341888428 203
1679513111953 0.5159755945205688 204
1679513112080 0.516058087348938 205
1679513112210 0.5158672332763672 206
1679513112337 0.5159613490104675 207
1679513112467 0.5159394145011902 208
1679513112599 0.5159352421760559 209
1679513112731 0.5158993005752563 210
1679513112865 0.5157783031463623 211
1679513112999 0.5158119201660156 212
1679513113133 0.5157151222229004 213
1679513113262 0.5157178044319153 214
1679513113386 0.5156509280204773 215
1679513113515 0.5157425999641418 216
1679513113639 0.5155571699142456 217
1679513113762 0.5155994892120361 218
1679513113884 0.5155470967292786 219
1679513114015 0.5155190825462341 220
1679513114146 0.5154822468757629 221
1679513114272 0.5154286026954651 222
1679513114397 0.5155149698257446 223
1679513114526 0.5154344439506531 224
1679513114652 0.5154773592948914 225
1679513114779 0.5153295993804932 226
1679513114906 0.5153321027755737 227
1679513115033 0.5152848362922668 228
1679513115162 0.5152514576911926 229
1679513115289 0.515219509601593 230
1679513115417 0.5152548551559448 231
1679513115543 0.5152264833450317 232
1679513115671 0.5151327848434448 233
1679513115801 0.5152443647384644 234
1679513115931 0.5150406360626221 235
1679513116057 0.5151112675666809 236
1679513116186 0.5150212049484253 237
1679513116317 0.5150173306465149 238
1679513116446 0.5149784088134766 239
1679513116577 0.5149051547050476 240
1679513116767 0.5148886442184448 241
1679513116944 0.5149611830711365 242
1679513117079 0.5149286985397339 243
1679513117216 0.5147983431816101 244
1679513117341 0.5148935317993164 245
1679513117469 0.5147705078125 246
1679513117592 0.5148320198059082 247
1679513117713 0.5148297548294067 248
1679513117838 0.5147235989570618 249
1679513117960 0.5146522521972656 250
1679513118089 0.5147126913070679 251
1679513118213 0.5145990252494812 252
1679513118340 0.5146337151527405 253
1679513118470 0.514580488204956 254
1679513118597 0.5145649313926697 255
1679513118722 0.5144691467285156 256
1679513118846 0.5145367383956909 257
1679513118968 0.5145007371902466 258
1679513119094 0.514473557472229 259
1679513119222 0.5144529938697815 260
1679513119345 0.5144760608673096 261
1679513119470 0.5144599676132202 262
1679513119602 0.5143659114837646 263
1679513119726 0.5144550204277039 264
1679513119851 0.5143337845802307 265
1679513119981 0.5142806768417358 266
1679513120111 0.5143595337867737 267
1679513120238 0.5142945647239685 268
1679513120361 0.5141534805297852 269
1679513120488 0.5142020583152771 270
1679513120617 0.5141538977622986 271
1679513120745 0.5141429901123047 272
1679513120872 0.5142931938171387 273
1679513121040 0.5141875147819519 274
1679513121162 0.5140543580055237 275
1679513121288 0.5139985084533691 276
1679513121421 0.5140971541404724 277
1679513121548 0.5139685273170471 278
1679513121675 0.5141165852546692 279
1679513121868 0.5140637755393982 280
1679513121998 0.5139889717102051 281
1679513122177 0.5139616131782532 282
1679513122307 0.5139206647872925 283
1679513122431 0.5137909650802612 284
1679513122558 0.5138695240020752 285
1679513122683 0.5137906074523926 286
1679513122807 0.513808012008667 287
1679513122935 0.5138443112373352 288
1679513123056 0.513771116733551 289
1679513123180 0.5137066841125488 290
1679513123307 0.5138487219810486 291
1679513123434 0.5136597156524658 292
1679513123558 0.5137453079223633 293
1679513123679 0.5136534571647644 294
1679513123801 0.5136445164680481 295
1679513123926 0.5136234164237976 296
1679513124061 0.5137078166007996 297
1679513124192 0.5136067271232605 298
1679513124324 0.5135303139686584 299
1679513124447 0.5135277509689331 300
1679513124573 0.5135867595672607 301
1679513124700 0.5135999321937561 302
1679513124825 0.5134928822517395 303
1679513124953 0.5134153962135315 304
1679513125085 0.5133605003356934 305
1679513125209 0.5134590864181519 306
1679513125338 0.5133215188980103 307
1679513125467 0.5133998394012451 308
1679513125590 0.5133368968963623 309
1679513125755 0.5133767127990723 310
1679513125886 0.5133389830589294 311
1679513126048 0.5133486390113831 312
1679513126171 0.5133461952209473 313
1679513126301 0.5133117437362671 314
1679513126425 0.5133159756660461 315
1679513126550 0.5132489204406738 316
1679513126676 0.5133174657821655 317
1679513126807 0.5132164359092712 318
1679513126932 0.5132426023483276 319
1679513127058 0.5131090879440308 320
1679513127182 0.5131935477256775 321
1679513127305 0.5130221247673035 322
1679513127439 0.5131754279136658 323
1679513127566 0.5131546258926392 324
1679513127691 0.5131916403770447 325
1679513127815 0.5130937695503235 326
1679513127938 0.5129916071891785 327
1679513128062 0.5131180882453918 328
1679513128185 0.513013482093811 329
1679513128327 0.5130236148834229 330
1679513128453 0.5129901766777039 331
1679513128581 0.5130124688148499 332
1679513128706 0.5130174160003662 333
1679513128834 0.5130571722984314 334
1679513128959 0.5129513740539551 335
1679513129091 0.5129573345184326 336
1679513129219 0.5128422975540161 337
1679513129347 0.5128401517868042 338
1679513129471 0.5127614140510559 339
1679513129600 0.5127553939819336 340
1679513129725 0.5127343535423279 341
1679513129851 0.5127854943275452 342
1679513129981 0.5127754211425781 343
1679513130109 0.5127692818641663 344
1679513130242 0.5127545595169067 345
1679513130375 0.512749433517456 346
1679513130511 0.5126978158950806 347
1679513130637 0.512618899345398 348
1679513130760 0.5127539038658142 349
1679513130881 0.5127156376838684 350
1679513131009 0.5126646757125854 351
1679513131134 0.5127235054969788 352
1679513131259 0.5126096606254578 353
1679513131384 0.5126116275787354 354
1679513131507 0.5126109719276428 355
1679513131635 0.5125299692153931 356
1679513131764 0.5126526355743408 357
1679513131894 0.5125548243522644 358
1679513132023 0.5125658512115479 359
1679513132149 0.5126157402992249 360
1679513132279 0.5124983191490173 361
1679513132404 0.5125086903572083 362
1679513132532 0.512400209903717 363
1679513132665 0.5125237107276917 364
1679513132789 0.5123835206031799 365
1679513132912 0.5124495029449463 366
1679513133039 0.5123973488807678 367
1679513133161 0.5123876333236694 368
1679513133288 0.5123841166496277 369
1679513133412 0.5123080611228943 370
1679513133536 0.5123562216758728 371
1679513133661 0.5123730897903442 372
1679513133788 0.5122504234313965 373
1679513133916 0.5123322010040283 374
1679513134042 0.5122575759887695 375
1679513134167 0.5123363137245178 376
1679513134291 0.5122082829475403 377
1679513134425 0.5121354460716248 378
1679513134556 0.5122801661491394 379
1679513134685 0.5121791958808899 380
1679513134816 0.5122221112251282 381
1679513134943 0.5122146606445312 382
1679513135069 0.5121466517448425 383
1679513135195 0.5120627880096436 384
1679513135323 0.5121245384216309 385
1679513135451 0.5120810270309448 386
1679513135579 0.5121211409568787 387
1679513135710 0.5120738744735718 388
1679513135838 0.5120892524719238 389
1679513135966 0.5120523571968079 390
1679513136092 0.5120710730552673 391
1679513136220 0.5120319724082947 392
1679513136359 0.5120115280151367 393
1679513136484 0.5119494795799255 394
1679513136608 0.5120024085044861 395
1679513136732 0.5119258761405945 396
1679513136857 0.5118703842163086 397
1679513136980 0.5120064616203308 398
1679513137105 0.5119468569755554 399
1679513137231 0.5119235515594482 400
1679513137357 0.5119102001190186 401
1679513137484 0.5118445754051208 402
1679513137608 0.5118981003761292 403
1679513137756 0.5118070244789124 404
1679513137884 0.5119434595108032 405
1679513138010 0.5118417143821716 406
1679513138139 0.5117633938789368 407
1679513138266 0.5117707848548889 408
1679513138394 0.5118013620376587 409
1679513138519 0.511798620223999 410
1679513138644 0.5116909742355347 411
1679513138772 0.5117688775062561 412
1679513138895 0.5116777420043945 413
1679513139018 0.5117214322090149 414
1679513139144 0.5117077827453613 415
1679513139266 0.5116609930992126 416
1679513139390 0.5116407871246338 417
1679513139514 0.5117055177688599 418
1679513139643 0.5116018056869507 419
1679513139768 0.5116952061653137 420
1679513139891 0.5115208625793457 421
1679513140014 0.5115991234779358 422
1679513140144 0.5115877389907837 423
1679513140274 0.5115919709205627 424
1679513140400 0.511518120765686 425
1679513140530 0.5115232467651367 426
1679513140655 0.5115461349487305 427
1679513140782 0.5115035176277161 428
1679513140904 0.5114797949790955 429
1679513141034 0.5115150213241577 430
1679513141164 0.5114040374755859 431
1679513141290 0.5115205645561218 432
1679513141416 0.5114303827285767 433
1679513141542 0.511419415473938 434
1679513141667 0.5113846659660339 435
1679513141793 0.5114425420761108 436
1679513141921 0.5114535093307495 437
1679513142047 0.5113929510116577 438
1679513142177 0.511346161365509 439
1679513142300 0.511357307434082 440
1679513142424 0.5111866593360901 441
1679513142558 0.5112577676773071 442
1679513142684 0.5112550854682922 443
1679513142814 0.5111671090126038 444
1679513142943 0.5111569762229919 445
1679513143071 0.5112823247909546 446
1679513143202 0.5113007426261902 447
1679513143334 0.5111533403396606 448
1679513143464 0.5112220048904419 449
1679513143602 0.5111638307571411 450
1679513143730 0.511197566986084 451
1679513143859 0.5112004280090332 452
1679513144044 0.5111777186393738 453
1679513144179 0.5112366080284119 454
1679513144310 0.5111398100852966 455
1679513144442 0.5110858678817749 456
1679513144619 0.5111632347106934 457
1679513144763 0.5111366510391235 458
1679513144890 0.5112019777297974 459
1679513145018 0.5109785795211792 460
1679513145144 0.5111538171768188 461
1679513145269 0.5110633373260498 462
1679513145406 0.5110713839530945 463
1679513145533 0.5110267400741577 464
1679513145658 0.5110939145088196 465
1679513145781 0.5110344886779785 466
1679513145905 0.5110754370689392 467
1679513146027 0.51100093126297 468
1679513146151 0.5109831690788269 469
1679513146277 0.5110534429550171 470
1679513146405 0.5109138488769531 471
1679513146537 0.5109701156616211 472
1679513146660 0.5109156966209412 473
1679513146783 0.5109478831291199 474
1679513146911 0.510903000831604 475
1679513147040 0.5109654664993286 476
1679513147187 0.5109348893165588 477
1679513147318 0.5108416676521301 478
1679513147445 0.5108695030212402 479
1679513147571 0.5108712911605835 480
1679513147698 0.5109561085700989 481
1679513147827 0.5108067393302917 482
1679513147958 0.5108228921890259 483
1679513148089 0.510831892490387 484
1679513148220 0.5108010768890381 485
1679513148351 0.5107913017272949 486
1679513148479 0.5107803344726562 487
1679513148611 0.5107910633087158 488
1679513148745 0.5108526945114136 489
1679513148871 0.5107460021972656 490
1679513148994 0.5107776522636414 491
1679513149124 0.5107082724571228 492
1679513149253 0.5107473731040955 493
1679513149379 0.5106974840164185 494
1679513149506 0.5107619762420654 495
1679513149669 0.5107001066207886 496
1679513149804 0.5105906128883362 497
1679513149932 0.51076740026474 498
1679513150059 0.5106894969940186 499
1679513150184 0.5106688737869263 500
1679513150309 0.5105605721473694 501
1679513150439 0.5106596946716309 502
1679513150568 0.5106378197669983 503
1679513150700 0.5106241703033447 504
1679513150830 0.5106208920478821 505
1679513150959 0.510586142539978 506
1679513151088 0.5105479955673218 507
1679513151214 0.5105592608451843 508
1679513151343 0.5105603933334351 509
1679513151466 0.5105037689208984 510
1679513151588 0.5105902552604675 511
1679513151713 0.5105365514755249 512
1679513151837 0.5105544328689575 513
1679513151969 0.5104799270629883 514
1679513152129 0.5106154084205627 515
1679513152261 0.5104961395263672 516
1679513152389 0.510536253452301 517
1679513152512 0.5105113983154297 518
1679513152642 0.510547935962677 519
1679513152799 0.5104816555976868 520
1679513152926 0.5105054378509521 521
1679513153053 0.5104391574859619 522
1679513153178 0.5105166435241699 523
1679513153302 0.5104323625564575 524
1679513153432 0.5104469656944275 525
1679513153556 0.5103355646133423 526
1679513153683 0.5103458166122437 527
1679513153813 0.5103570818901062 528
1679513153942 0.5104402899742126 529
1679513154070 0.5104297399520874 530
1679513154196 0.5103347301483154 531
1679513154327 0.5104123950004578 532
1679513154453 0.510432779788971 533
1679513154581 0.5103147029876709 534
1679513154708 0.510361909866333 535
1679513154834 0.5103322267532349 536
1679513154960 0.5103618502616882 537
1679513155086 0.5103477835655212 538
1679513155210 0.5103360414505005 539
1679513155345 0.5103535056114197 540
1679513155470 0.5102479457855225 541
1679513155624 0.5103304982185364 542
1679513155750 0.5103282928466797 543
1679513155878 0.5102402567863464 544
1679513156004 0.510291337966919 545
1679513156128 0.5103090405464172 546
1679513156256 0.510241687297821 547
1679513156384 0.5102361440658569 548
1679513156513 0.5102564096450806 549
1679513156637 0.5102829933166504 550
1679513156781 0.5101543068885803 551
1679513156906 0.5102128386497498 552
1679513157033 0.5102889537811279 553
1679513157158 0.5102280378341675 554
1679513157281 0.510186493396759 555
1679513157406 0.5101960897445679 556
1679513157532 0.5101681351661682 557
1679513157658 0.5101890563964844 558
1679513157784 0.5101750493049622 559
1679513157907 0.5101036429405212 560
1679513158032 0.5101422667503357 561
1679513158165 0.5101059079170227 562
1679513158290 0.5101940035820007 563
1679513158413 0.510179340839386 564
1679513158543 0.51020747423172 565
1679513158667 0.5101875066757202 566
1679513158796 0.5101463198661804 567
1679513158925 0.5101468563079834 568
1679513159049 0.5101912021636963 569
1679513159175 0.5100416541099548 570
1679513159302 0.5101311802864075 571
1679513159428 0.5100979208946228 572
1679513159563 0.5100815892219543 573
1679513159688 0.5101245641708374 574
1679513159814 0.5101122856140137 575
1679513159939 0.5101747512817383 576
1679513160069 0.5101154446601868 577
1679513160196 0.5099897980690002 578
1679513160325 0.5099993348121643 579
1679513160453 0.5101007223129272 580
1679513160578 0.5100587606430054 581
1679513160702 0.5101396441459656 582
1679513160832 0.5100250244140625 583
1679513160956 0.5100507140159607 584
1679513161092 0.5099083781242371 585
1679513161216 0.5100497007369995 586
1679513161343 0.5100098252296448 587
1679513161475 0.5100447535514832 588
1679513161600 0.5100440979003906 589
1679513161723 0.5099815130233765 590
1679513161846 0.5100252628326416 591
1679513161973 0.5100191235542297 592
1679513162103 0.5099018216133118 593
1679513162230 0.5100486874580383 594
1679513162361 0.5099948644638062 595
1679513162493 0.5099547505378723 596
1679513162620 0.5099251866340637 597
1679513162745 0.5098994970321655 598
1679513162869 0.5098944902420044 599
1679513162995 0.5099331140518188 600
1679513163122 0.5099801421165466 601
1679513163252 0.5099157094955444 602
1679513163380 0.5098928213119507 603
1679513163506 0.50993412733078 604
1679513163632 0.5099080204963684 605
1679513163758 0.5098617076873779 606
1679513163886 0.5098360776901245 607
1679513164013 0.5099244713783264 608
1679513164143 0.5099489688873291 609
1679513164280 0.5098013281822205 610
1679513164408 0.5099297761917114 611
1679513164532 0.5098670125007629 612
1679513164659 0.5097640156745911 613
1679513164785 0.5099201202392578 614
1679513164911 0.5098636746406555 615
1679513165085 0.5099115371704102 616
1679513165214 0.50980144739151 617
1679513165341 0.5097379088401794 618
1679513165466 0.5098646879196167 619
1679513165600 0.5098721981048584 620
1679513165723 0.5098202228546143 621
1679513165848 0.5097735524177551 622
1679513165974 0.5098643898963928 623
1679513166100 0.5098726153373718 624
1679513166226 0.5097427368164062 625
1679513166350 0.5096938610076904 626
1679513166478 0.5097637176513672 627
1679513166604 0.5097977519035339 628
1679513166733 0.509748101234436 629
1679513166859 0.5097296833992004 630
1679513166992 0.5097501277923584 631
1679513167115 0.5097323060035706 632
1679513167238 0.5097072720527649 633
1679513167362 0.5097648501396179 634
1679513167487 0.5097209215164185 635
1679513167637 0.5097464919090271 636
1679513167792 0.5097125768661499 637
1679513167917 0.509691059589386 638
1679513168040 0.5096865296363831 639
1679513168167 0.5097860097885132 640
1679513168300 0.509608805179596 641
1679513168426 0.5097294449806213 642
1679513168551 0.5097046494483948 643
1679513168674 0.5097509622573853 644
1679513168802 0.50966876745224 645
1679513168933 0.5095735192298889 646
1679513169061 0.5096834301948547 647
1679513169187 0.5096800327301025 648
1679513169310 0.5096356868743896 649
1679513169434 0.5096666812896729 650
1679513169557 0.5096669793128967 651
1679513169698 0.5095698237419128 652
1679513169825 0.5095195770263672 653
1679513169948 0.5095937848091125 654
1679513170070 0.5096344351768494 655
1679513170196 0.5095967054367065 656
1679513170323 0.5097153186798096 657
1679513170448 0.5096164345741272 658
1679513170574 0.509538471698761 659
1679513170700 0.509658694267273 660
1679513170832 0.5096238255500793 661
1679513170965 0.5096074342727661 662
1679513171089 0.5097057223320007 663
1679513171213 0.5095587968826294 664
1679513171338 0.509588897228241 665
1679513171466 0.5095067024230957 666
1679513171593 0.5095607042312622 667
1679513171722 0.5095072388648987 668
1679513171849 0.5095849633216858 669
1679513171979 0.5095464587211609 670
1679513172110 0.5096064209938049 671
1679513172235 0.5094805359840393 672
1679513172365 0.5095798969268799 673
1679513172491 0.5095508098602295 674
1679513172616 0.509469211101532 675
1679513172766 0.5095516443252563 676
1679513172895 0.509458601474762 677
1679513173025 0.5095273852348328 678
1679513173150 0.5095545053482056 679
1679513173277 0.5094548463821411 680
1679513173407 0.5094998478889465 681
1679513173533 0.5094764828681946 682
1679513173663 0.5094930529594421 683
1679513173788 0.5094147324562073 684
1679513173915 0.5094334483146667 685
1679513174039 0.5094104409217834 686
1679513174161 0.5093764662742615 687
1679513174291 0.5094918608665466 688
1679513174417 0.5094365477561951 689
1679513174543 0.5094864964485168 690
1679513174673 0.5094096660614014 691
1679513174806 0.5093784928321838 692
1679513174936 0.509412944316864 693
1679513175070 0.5094671249389648 694
1679513175194 0.5094670653343201 695
1679513175321 0.5094778537750244 696
1679513175446 0.5093602538108826 697
1679513175572 0.5094050168991089 698
1679513175698 0.5093968510627747 699
1679513175827 0.5094186663627625 700
1679513175952 0.509450376033783 701
1679513176081 0.5092570185661316 702
1679513176211 0.5094768404960632 703
1679513176341 0.5094267725944519 704
1679513176473 0.5093809366226196 705
1679513176602 0.5092800855636597 706
1679513176726 0.5093044638633728 707
1679513176849 0.5093896985054016 708
1679513176989 0.5092392563819885 709
1679513177117 0.5093221664428711 710
1679513177247 0.5093246102333069 711
1679513177375 0.5093165040016174 712
1679513177509 0.5094038248062134 713
1679513177684 0.5092706084251404 714
1679513177825 0.5092450976371765 715
1679513177969 0.5092971920967102 716
1679513178108 0.5093681216239929 717
1679513178245 0.5092565417289734 718
1679513178382 0.5092670917510986 719
1679513178512 0.509312093257904 720
1679513178638 0.5093157291412354 721
1679513178763 0.5092077255249023 722
1679513178892 0.5092629790306091 723
1679513179023 0.5093162059783936 724
1679513179163 0.5091915726661682 725
1679513179291 0.5093293190002441 726
1679513179422 0.5092642307281494 727
1679513179550 0.5092552304267883 728
1679513179689 0.5092519521713257 729
1679513179817 0.5092812180519104 730
1679513179945 0.5092248320579529 731
1679513180071 0.5091991424560547 732
1679513180201 0.509225606918335 733
1679513180335 0.5093144774436951 734
1679513180465 0.5093068480491638 735
1679513180600 0.5092411041259766 736
1679513180732 0.5092751979827881 737
1679513180870 0.5092685222625732 738
1679513180999 0.509207546710968 739
1679513181132 0.5092449188232422 740
1679513181256 0.509175717830658 741
1679513181381 0.5091744065284729 742
1679513181504 0.5092111229896545 743
1679513181631 0.5091906189918518 744
1679513181793 0.5091496706008911 745
1679513181924 0.5091639161109924 746
1679513182062 0.5092336535453796 747
1679513182193 0.5091562271118164 748
1679513182323 0.5091880559921265 749
1679513182452 0.5091732144355774 750
1679513182584 0.5091906189918518 751
1679513182717 0.5091221928596497 752
1679513182855 0.509142279624939 753
1679513182984 0.5091629028320312 754
1679513183121 0.5091426968574524 755
1679513183253 0.5090979933738708 756
1679513183383 0.509057879447937 757
1679513183516 0.5091532468795776 758
1679513183644 0.5091416835784912 759
1679513183769 0.5091080069541931 760
1679513183894 0.5091193914413452 761
1679513184022 0.5091753602027893 762
1679513184149 0.5091426372528076 763
1679513184280 0.5091206431388855 764
1679513184411 0.5091711282730103 765
1679513184539 0.5090976357460022 766
1679513184665 0.5091003775596619 767
1679513184792 0.5090105533599854 768
1679513184918 0.509149968624115 769
1679513185048 0.5091090202331543 770
1679513185181 0.5090922117233276 771
1679513185314 0.5091245770454407 772
1679513185455 0.5090304017066956 773
1679513185580 0.509067177772522 774
1679513185706 0.5090547204017639 775
1679513185831 0.5090879797935486 776
1679513185959 0.50910884141922 777
1679513186088 0.5090312957763672 778
1679513186217 0.5091823935508728 779
1679513186344 0.5090474486351013 780
1679513186476 0.5090683102607727 781
1679513186599 0.5090731978416443 782
1679513186726 0.5090270638465881 783
1679513186868 0.508966326713562 784
1679513187000 0.5090618133544922 785
1679513187160 0.5090543627738953 786
1679513187289 0.5089661478996277 787
1679513187420 0.5090802907943726 788
1679513187560 0.5089461207389832 789
1679513187688 0.5090013146400452 790
1679513187813 0.5090329051017761 791
1679513187940 0.5089736580848694 792
1679513188072 0.5090430378913879 793
1679513188205 0.5090153217315674 794
1679513188366 0.5090795159339905 795
1679513188544 0.5089626312255859 796
1679513188687 0.5089999437332153 797
1679513188815 0.5089003443717957 798
1679513188943 0.5089011192321777 799
1679513189066 0.5089583396911621 800
1679513189191 0.508961021900177 801
1679513189319 0.5088517665863037 802
1679513189444 0.50900799036026 803
1679513189568 0.5089917182922363 804
1679513189693 0.5089221000671387 805
1679513189823 0.5089901685714722 806
1679513189957 0.5089800357818604 807
1679513190083 0.508895754814148 808
1679513190206 0.5089641213417053 809
1679513190337 0.5089651942253113 810
1679513190466 0.5090052485466003 811
1679513190594 0.5089844465255737 812
1679513190721 0.5089326500892639 813
1679513190848 0.50896155834198 814
1679513190982 0.5089181065559387 815
1679513191109 0.5090029835700989 816
1679513191232 0.5089413523674011 817
1679513191358 0.5089151859283447 818
1679513191488 0.5089005827903748 819
1679513191623 0.5088273286819458 820
1679513191748 0.5089007019996643 821
1679513191870 0.5088920593261719 822
1679513191999 0.5088473558425903 823
1679513192127 0.5088843107223511 824
1679513192251 0.5088826417922974 825
1679513192376 0.5088414549827576 826
1679513192500 0.5088509917259216 827
1679513192628 0.508797824382782 828
1679513192753 0.5088256001472473 829
1679513192876 0.5088552832603455 830
1679513193001 0.5088974833488464 831
1679513193131 0.5088422298431396 832
1679513193257 0.5088599324226379 833
1679513193385 0.5089539885520935 834
1679513193506 0.5088408589363098 835
1679513193632 0.5089022517204285 836
1679513193759 0.5088740587234497 837
1679513193884 0.5088904500007629 838
1679513194010 0.5088956356048584 839
1679513194140 0.508797824382782 840
1679513194271 0.5088600516319275 841
1679513194400 0.5088604092597961 842
1679513194525 0.5088170766830444 843
1679513194652 0.5088425278663635 844
1679513194799 0.5087382197380066 845
1679513194927 0.5087474584579468 846
1679513195053 0.5087631344795227 847
1679513195175 0.5088207125663757 848
1679513195299 0.5088456273078918 849
1679513195430 0.5088797211647034 850
1679513195554 0.5087372064590454 851
1679513195680 0.5088307857513428 852
1679513195815 0.5087080597877502 853
1679513195945 0.5088368058204651 854
1679513196071 0.5087321400642395 855
1679513196194 0.508790910243988 856
1679513196321 0.5087174773216248 857
1679513196452 0.5087730288505554 858
1679513196583 0.508682131767273 859
1679513196711 0.508800745010376 860
1679513196847 0.508762776851654 861
1679513196974 0.5087663531303406 862
1679513197104 0.5086624026298523 863
1679513197235 0.5087458491325378 864
1679513197371 0.5087321400642395 865
1679513197539 0.508735179901123 866
1679513197720 0.5087307095527649 867
1679513197861 0.5086870789527893 868
1679513198040 0.5087244510650635 869
1679513198168 0.5087599754333496 870
1679513198291 0.5087446570396423 871
1679513198418 0.5086838603019714 872
1679513198550 0.5087175965309143 873
1679513198683 0.5086678266525269 874
1679513198811 0.5087323188781738 875
1679513198939 0.5087307691574097 876
1679513199072 0.5087475776672363 877
1679513199200 0.5086756348609924 878
1679513199328 0.5087559819221497 879
1679513199484 0.5086789131164551 880
1679513199648 0.5087182521820068 881
1679513199836 0.5087082982063293 882
1679513200008 0.508746325969696 883
1679513200146 0.5086407661437988 884
1679513200277 0.508656919002533 885
1679513200410 0.5086867809295654 886
1679513200536 0.5086570978164673 887
1679513200661 0.5086269974708557 888
1679513200784 0.5086438655853271 889
1679513200909 0.5086568593978882 890
1679513201033 0.5086652636528015 891
1679513201162 0.508717954158783 892
1679513201299 0.5086315870285034 893
1679513201434 0.5087395310401917 894
1679513201566 0.5086287260055542 895
1679513201690 0.508645236492157 896
1679513201819 0.5086376070976257 897
1679513201950 0.5086963176727295 898
1679513202078 0.5086159110069275 899
1679513202201 0.5085740685462952 900
1679513202336 0.5086406469345093 901
1679513202466 0.5086380839347839 902
1679513202589 0.5086493492126465 903
1679513202712 0.5086656212806702 904
1679513202836 0.5086081027984619 905
1679513202961 0.5085515975952148 906
1679513203084 0.5085923075675964 907
1679513203213 0.508590817451477 908
1679513203338 0.5086495280265808 909
1679513203469 0.5086232423782349 910
1679513203594 0.5086529850959778 911
1679513203717 0.5085362792015076 912
1679513203851 0.5085248947143555 913
1679513203979 0.5085940957069397 914
1679513204103 0.5085622072219849 915
1679513204226 0.5087118744850159 916
1679513204360 0.5085943341255188 917
1679513204486 0.5085728168487549 918
1679513204609 0.5085173845291138 919
1679513204732 0.508571982383728 920
1679513204856 0.5086900591850281 921
1679513204980 0.5084216594696045 922
1679513205107 0.5084927678108215 923
1679513205233 0.5085424780845642 924
1679513205362 0.5085063576698303 925
1679513205487 0.508573591709137 926
1679513205618 0.5085649490356445 927
1679513205741 0.5085067749023438 928
1679513205864 0.5084367990493774 929
1679513205989 0.5084989070892334 930
1679513206113 0.5085580945014954 931
1679513206237 0.5085117816925049 932
1679513206371 0.5085552334785461 933
1679513206497 0.5084072351455688 934
1679513206624 0.5085720419883728 935
1679513206751 0.508493959903717 936
1679513206876 0.5084988474845886 937
1679513207004 0.508594274520874 938
1679513207130 0.5084388852119446 939
1679513207252 0.5084105730056763 940
1679513207379 0.5085479021072388 941
1679513207511 0.508545994758606 942
1679513207635 0.5084954500198364 943
1679513207757 0.5084741711616516 944
1679513207882 0.5084264874458313 945
1679513208015 0.5084474682807922 946
1679513208137 0.5084598064422607 947
1679513208262 0.5084853172302246 948
1679513208394 0.5084859728813171 949
1679513208525 0.5084333419799805 950
1679513208655 0.5084139108657837 951
1679513208782 0.5084061026573181 952
1679513208910 0.5084443092346191 953
1679513209038 0.5084993839263916 954
1679513209161 0.5083930492401123 955
1679513209286 0.5084214210510254 956
1679513209420 0.5084265470504761 957
1679513209549 0.5083849430084229 958
1679513209687 0.5083670616149902 959
1679513209817 0.5084591507911682 960
1679513209949 0.5083910226821899 961
1679513210077 0.5084773302078247 962
1679513210202 0.5084566473960876 963
1679513210327 0.5084847211837769 964
1679513210456 0.5083856582641602 965
1679513210582 0.5083380341529846 966
1679513210708 0.5084691047668457 967
1679513210838 0.508413553237915 968
1679513210964 0.5083901882171631 969
1679513211093 0.5084176659584045 970
1679513211222 0.5084289312362671 971
1679513211347 0.5083314776420593 972
1679513211477 0.5083792209625244 973
1679513211607 0.5083621740341187 974
1679513211734 0.5083598494529724 975
1679513211861 0.508417546749115 976
1679513211986 0.5084006190299988 977
1679513212115 0.5083985328674316 978
1679513212245 0.5083187222480774 979
1679513212378 0.5083144903182983 980
1679513212505 0.5083671808242798 981
1679513212633 0.5083982348442078 982
1679513212758 0.5083392858505249 983
1679513212885 0.5083146095275879 984
1679513213015 0.5083670616149902 985
1679513213145 0.5084426999092102 986
1679513213273 0.5083557963371277 987
1679513213399 0.5083534121513367 988
1679513213530 0.5082421898841858 989
1679513213658 0.5083187222480774 990
1679513213794 0.5083087086677551 991
1679513213918 0.50828617811203 992
1679513214042 0.5083321928977966 993
1679513214169 0.5082618594169617 994
1679513214293 0.5083775520324707 995
1679513214420 0.5083330869674683 996
1679513214558 0.5083478093147278 997
1679513214691 0.5083677768707275 998
1679513214820 0.5082691311836243 999
