1679841305101 0.6757272481918335 0
1679841305357 0.7051025032997131 1
1679841305619 0.7051025032997131 2
1679841305862 0.7051025032997131 3
1679841306107 0.7051025032997131 4
1679841306364 0.7051025032997131 5
1679841306624 0.7051025032997131 6
1679841306879 0.7051025032997131 7
1679841307130 0.7051025032997131 8
1679841307393 0.7051025032997131 9
1679841307658 0.7051025032997131 10
1679841307918 0.7051025032997131 11
1679841308169 0.7051025032997131 12
1679841308422 0.7051025032997131 13
1679841308677 0.7051025032997131 14
1679841308934 0.7051025032997131 15
1679841309185 0.7051025032997131 16
1679841309438 0.7051025032997131 17
1679841309690 0.7051025032997131 18
1679841309946 0.7051025032997131 19
1679841310192 0.7051025032997131 20
1679841310439 0.7051025032997131 21
1679841310684 0.7051025032997131 22
1679841310933 0.7051025032997131 23
1679841311184 0.7051025032997131 24
1679841311434 0.7051025032997131 25
1679841311691 0.7051025032997131 26
1679841311943 0.7051025032997131 27
1679841312194 0.7051025032997131 28
1679841312445 0.7051025032997131 29
1679841312695 0.7051025032997131 30
1679841312943 0.7051025032997131 31
1679841313201 0.7051025032997131 32
1679841313452 0.7051025032997131 33
1679841313689 0.7051025032997131 34
1679841313957 0.7051025032997131 35
1679841314211 0.7051025032997131 36
1679841314461 0.7051025032997131 37
1679841314721 0.7051025032997131 38
1679841314969 0.7051025032997131 39
1679841315232 0.7051025032997131 40
1679841315478 0.7051025032997131 41
1679841315747 0.7051025032997131 42
1679841316006 0.7051025032997131 43
1679841316257 0.7051025032997131 44
1679841316506 0.7051025032997131 45
1679841316756 0.7051025032997131 46
1679841317005 0.7051025032997131 47
1679841317249 0.7051025032997131 48
1679841317497 0.7051025032997131 49
1679841317745 0.7051025032997131 50
1679841317999 0.7051025032997131 51
1679841318252 0.7051025032997131 52
1679841318498 0.7051025032997131 53
1679841318745 0.7051025032997131 54
1679841318999 0.7051025032997131 55
1679841319245 0.7051025032997131 56
1679841319495 0.7051025032997131 57
1679841319748 0.7051025032997131 58
1679841319994 0.7051025032997131 59
1679841320245 0.7051025032997131 60
1679841320494 0.7051025032997131 61
1679841320743 0.7051025032997131 62
1679841320997 0.7051025032997131 63
1679841321245 0.7051025032997131 64
1679841321503 0.7051025032997131 65
1679841321752 0.7051025032997131 66
1679841322015 0.7051025032997131 67
1679841322266 0.7051025032997131 68
1679841322516 0.7051025032997131 69
1679841322777 0.7051025032997131 70
1679841323028 0.7051025032997131 71
1679841323278 0.7051025032997131 72
1679841323524 0.7051025032997131 73
1679841323778 0.7051025032997131 74
1679841324039 0.7051025032997131 75
1679841324283 0.7051025032997131 76
1679841324536 0.7051025032997131 77
1679841324794 0.7051025032997131 78
1679841325047 0.7051025032997131 79
1679841325302 0.7051025032997131 80
1679841325564 0.7051025032997131 81
1679841325810 0.7051025032997131 82
1679841326070 0.7051025032997131 83
1679841326326 0.7051025032997131 84
1679841326583 0.7051025032997131 85
1679841326845 0.7051025032997131 86
