1679841305101 352.70672607421875 0
1679841305357 310.2070617675781 1
1679841305619 272.19024658203125 2
1679841305862 238.46730041503906 3
1679841306107 208.64291381835938 4
1679841306364 182.29464721679688 5
1679841306624 159.0345916748047 6
1679841306879 138.51942443847656 7
1679841307130 120.4456787109375 8
1679841307393 104.54413604736328 9
1679841307658 90.57476043701172 10
1679841307918 78.32361602783203 11
1679841308169 67.59856414794922 12
1679841308422 58.22771072387695 13
1679841308677 50.056732177734375 14
1679841308934 42.94717025756836 15
1679841309185 36.77483367919922 16
1679841309438 31.428524017333984 17
1679841309690 26.80864906311035 18
1679841309946 22.826255798339844 19
1679841310192 19.401939392089844 20
1679841310439 16.465011596679688 21
1679841310684 13.952680587768555 22
1679841310933 11.80935001373291 23
1679841311184 9.985568046569824 24
1679841311434 8.438211441040039 25
1679841311691 7.1288557052612305 26
1679841311943 6.023981094360352 27
1679841312194 5.09428596496582 28
1679841312445 4.314373970031738 29
1679841312695 3.661870002746582 30
1679841312943 3.117520570755005 31
1679841313201 2.664794683456421 32
1679841313452 2.289231777191162 33
1679841313689 1.9786508083343506 34
1679841313957 1.722564935684204 35
1679841314211 1.511993646621704 36
1679841314461 1.3393718004226685 37
1679841314721 1.1982167959213257 38
1679841314969 1.083085060119629 39
1679841315232 0.989521861076355 40
1679841315478 0.9136857390403748 41
1679841315747 0.8523057699203491 42
1679841316006 0.8027974963188171 43
1679841316257 0.763026773929596 44
1679841316506 0.7309937477111816 45
1679841316756 0.7054327726364136 46
1679841317005 0.6850277781486511 47
1679841317249 0.6686582565307617 48
1679841317497 0.6557478308677673 49
1679841317745 0.6454117894172668 50
1679841317999 0.6372378468513489 51
1679841318252 0.6307960748672485 52
1679841318498 0.6255964040756226 53
1679841318745 0.6215908527374268 54
1679841318999 0.6183922290802002 55
1679841319245 0.6158725023269653 56
1679841319495 0.613927960395813 57
1679841319748 0.6123858094215393 58
1679841319994 0.6111064553260803 59
1679841320245 0.6102021932601929 60
1679841320494 0.609464704990387 61
1679841320743 0.6088127493858337 62
1679841320997 0.6083613634109497 63
1679841321245 0.607943058013916 64
1679841321503 0.607674777507782 65
1679841321752 0.6074628829956055 66
1679841322015 0.6072596311569214 67
1679841322266 0.6071011424064636 68
1679841322516 0.6069753170013428 69
1679841322777 0.6068689823150635 70
1679841323028 0.6068031787872314 71
1679841323278 0.6067509651184082 72
1679841323524 0.6066969037055969 73
1679841323778 0.6066408157348633 74
1679841324039 0.6066034436225891 75
1679841324283 0.6066173315048218 76
1679841324536 0.6065897345542908 77
1679841324794 0.6065579056739807 78
1679841325047 0.6065501570701599 79
1679841325302 0.6065378785133362 80
1679841325564 0.6065254211425781 81
1679841325810 0.6065448522567749 82
1679841326070 0.606515645980835 83
1679841326326 0.6065191030502319 84
1679841326583 0.6065215468406677 85
1679841326845 0.6065322756767273 86
