1679783863071 232.2753143310547 0
1679783866215 1.0472241640090942 1
1679783869541 1.0431976318359375 2
1679783872776 1.0390857458114624 3
1679783875929 1.0362451076507568 4
1679783879546 1.034863829612732 5
1679783882875 1.03213369846344 6
1679783886134 1.0307273864746094 7
1679783889579 1.0313090085983276 8
1679783893072 1.0330393314361572 9
1679783899798 231.7620391845703 0
1679783903023 1.0469470024108887 1
1679783906334 1.04298996925354 2
1679783909683 1.0387978553771973 3
1679783913177 1.0360686779022217 4
1679783916469 1.0346510410308838 5
1679783919786 1.0321835279464722 6
1679783923163 1.0306932926177979 7
1679783926634 1.0308984518051147 8
1679783930219 1.0327001810073853 9
1679783937091 232.67724609375 0
1679783940445 1.0461516380310059 1
1679783943888 1.0420817136764526 2
1679783947325 1.0377427339553833 3
1679783950640 1.035090446472168 4
1679783954124 1.033570647239685 5
1679783957469 1.0310449600219727 6
1679783960745 1.0295488834381104 7
1679783964251 1.029795527458191 8
1679783967508 1.0317093133926392 9
