1679841002024 0.5553330183029175 0
1679841002083 0.6103163361549377 1
1679841002147 0.6500556468963623 2
1679841002206 0.6732316017150879 3
1679841002259 0.6871562600135803 4
1679841002311 0.694738507270813 5
1679841002366 0.6988078355789185 6
1679841002426 0.7006358504295349 7
1679841002483 0.7024479508399963 8
1679841002541 0.7029407024383545 9
1679841002591 0.7036877870559692 10
1679841002655 0.7035447359085083 11
1679841002706 0.7041487693786621 12
1679841002758 0.7042282819747925 13
1679841002814 0.7042441368103027 14
1679841002867 0.704641580581665 15
1679841002926 0.7044984698295593 16
1679841002977 0.704466700553894 17
1679841003029 0.7046892642974854 18
1679841003083 0.7047369480133057 19
1679841003131 0.7046892642974854 20
1679841003180 0.7044826149940491 21
1679841003231 0.7048799991607666 22
1679841003280 0.7048164010047913 23
1679841003329 0.7048004865646362 24
1679841003371 0.7048323154449463 25
1679841003421 0.704768717288971 26
1679841003463 0.704784631729126 27
1679841003515 0.7048323154449463 28
1679841003563 0.7047210335731506 29
1679841003616 0.7050071358680725 30
1679841003664 0.7048799991607666 31
1679841003707 0.7048004865646362 32
1679841003754 0.7049435973167419 33
1679841003797 0.7049435973167419 34
1679841003854 0.7047051191329956 35
1679841003901 0.7049753665924072 36
1679841003953 0.7050071358680725 37
1679841004003 0.7047369480133057 38
1679841004049 0.7048481702804565 39
1679841004097 0.7049912810325623 40
1679841004158 0.7047210335731506 41
1679841004203 0.7050389647483826 42
1679841004246 0.7049276828765869 43
1679841004294 0.7049594521522522 44
1679841004354 0.704784631729126 45
1679841004404 0.7050071358680725 46
1679841004469 0.7049276828765869 47
1679841004547 0.7048323154449463 48
1679841004606 0.7051025032997131 49
1679841004657 0.7048481702804565 50
1679841004708 0.7049753665924072 51
1679841004761 0.7050548195838928 52
1679841004807 0.7049117684364319 53
1679841004858 0.7049117684364319 54
1679841004910 0.7048323154449463 55
1679841004959 0.7049594521522522 56
1679841005012 0.7049594521522522 57
1679841005063 0.7050071358680725 58
1679841005111 0.7049594521522522 59
1679841005158 0.7049753665924072 60
1679841005207 0.7050548195838928 61
1679841005253 0.7050071358680725 62
1679841005302 0.7048799991607666 63
1679841005355 0.7050071358680725 64
1679841005397 0.7049276828765869 65
1679841005447 0.7048799991607666 66
1679841005500 0.7049753665924072 67
1679841005548 0.7049594521522522 68
1679841005596 0.7048323154449463 69
1679841005640 0.7048958539962769 70
1679841005696 0.7049753665924072 71
1679841005750 0.7049435973167419 72
1679841005803 0.7050548195838928 73
1679841005851 0.7050866484642029 74
1679841005915 0.7050548195838928 75
1679841005970 0.7048640847206116 76
1679841006031 0.7049435973167419 77
1679841006084 0.7050230503082275 78
1679841006135 0.7050071358680725 79
1679841006189 0.7049117684364319 80
1679841006246 0.7048640847206116 81
1679841006299 0.7050230503082275 82
1679841006348 0.7049912810325623 83
1679841006391 0.7050230503082275 84
1679841006437 0.7049276828765869 85
1679841006491 0.7048799991607666 86
1679841006544 0.7050707340240479 87
1679841006591 0.7050071358680725 88
1679841006641 0.7048164010047913 89
1679841006684 0.7048481702804565 90
1679841006740 0.7051184177398682 91
1679841006786 0.7050071358680725 92
1679841006841 0.7050707340240479 93
1679841006894 0.7049912810325623 94
1679841006950 0.7049753665924072 95
1679841007007 0.7049435973167419 96
1679841007062 0.7050389647483826 97
1679841007121 0.7049912810325623 98
1679841007174 0.7049435973167419 99
