1679841002024 39.49040222167969 0
1679841002083 38.61829376220703 1
1679841002147 37.761295318603516 2
1679841002206 36.92171096801758 3
1679841002259 36.098541259765625 4
1679841002311 35.29084014892578 5
1679841002366 34.497962951660156 6
1679841002426 33.719383239746094 7
1679841002483 32.95387268066406 8
1679841002541 32.20057678222656 9
1679841002591 31.461956024169922 10
1679841002655 30.73372459411621 11
1679841002706 30.01804542541504 12
1679841002758 29.314931869506836 13
1679841002814 28.62397003173828 14
1679841002867 27.94375228881836 15
1679841002926 27.274930953979492 16
1679841002977 26.61785888671875 17
1679841003029 25.97145652770996 18
1679841003083 25.3370418548584 19
1679841003131 24.71290397644043 20
1679841003180 24.097919464111328 21
1679841003231 23.493873596191406 22
1679841003280 22.901290893554688 23
1679841003329 22.318592071533203 24
1679841003371 21.744943618774414 25
1679841003421 21.181852340698242 26
1679841003463 20.628799438476562 27
1679841003515 20.085479736328125 28
1679841003563 19.553823471069336 29
1679841003616 19.030529022216797 30
1679841003664 18.516021728515625 31
1679841003707 18.011240005493164 32
1679841003754 17.516307830810547 33
1679841003797 17.02977752685547 34
1679841003854 16.550382614135742 35
1679841003901 16.082416534423828 36
1679841003953 15.622257232666016 37
1679841004003 15.172451972961426 38
1679841004049 14.730888366699219 39
1679841004097 14.298248291015625 40
1679841004158 13.87314224243164 41
1679841004203 13.457496643066406 42
1679841004246 13.050115585327148 43
1679841004294 12.650786399841309 44
1679841004354 12.257658004760742 45
1679841004404 11.874470710754395 46
1679841004469 11.499117851257324 47
1679841004547 11.130287170410156 48
1679841004606 10.770454406738281 49
1679841004657 10.418768882751465 50
1679841004708 10.073613166809082 51
1679841004761 9.73790454864502 52
1679841004807 9.409005165100098 53
1679841004858 9.087963104248047 54
1679841004910 8.774643898010254 55
1679841004959 8.468165397644043 56
1679841005012 8.169088363647461 57
1679841005063 7.877496719360352 58
1679841005111 7.59209680557251 59
1679841005158 7.314337730407715 60
1679841005207 7.0433526039123535 61
1679841005253 6.780180931091309 62
1679841005302 6.523131847381592 63
1679841005355 6.271087646484375 64
1679841005397 6.0273213386535645 65
1679841005447 5.789208889007568 66
1679841005500 5.557639122009277 67
1679841005548 5.3328046798706055 68
1679841005596 5.114167213439941 69
1679841005640 4.901212692260742 70
1679841005696 4.694809436798096 71
1679841005750 4.494831562042236 72
1679841005803 4.299574375152588 73
1679841005851 4.111449241638184 74
1679841005915 3.9295811653137207 75
1679841005970 3.7530858516693115 76
1679841006031 3.582092761993408 77
1679841006084 3.4189093112945557 78
1679841006135 3.2603847980499268 79
1679841006189 3.1079230308532715 80
1679841006246 2.96093487739563 81
1679841006299 2.819958209991455 82
1679841006348 2.6842896938323975 83
1679841006391 2.553719997406006 84
1679841006437 2.4294989109039307 85
1679841006491 2.3093526363372803 86
1679841006544 2.1951241493225098 87
1679841006591 2.0867104530334473 88
1679841006641 1.9841591119766235 89
1679841006684 1.8854912519454956 90
1679841006740 1.7924482822418213 91
1679841006786 1.7051132917404175 92
1679841006841 1.621526837348938 93
1679841006894 1.5425907373428345 94
1679841006950 1.4674128293991089 95
1679841007007 1.3982540369033813 96
1679841007062 1.3332617282867432 97
1679841007121 1.2719939947128296 98
1679841007174 1.2158443927764893 99
