1679841207333 0.6672865748405457 0
1679841207397 0.6945636868476868 1
1679841207464 0.6991734504699707 2
1679841207529 0.6999523043632507 3
1679841207593 0.7011445164680481 4
1679841207653 0.7011922001838684 5
1679841207716 0.7020346522331238 6
1679841207796 0.7015100717544556 7
1679841207859 0.7013670206069946 8
1679841207925 0.7020823359489441 9
1679841207991 0.7028453350067139 10
1679841208057 0.7024320363998413 11
1679841208124 0.7031314373016357 12
1679841208183 0.7032109498977661 13
1679841208247 0.7034016847610474 14
1679841208315 0.7036242485046387 15
1679841208388 0.7038785815238953 16
1679841208452 0.7041964530944824 17
1679841208513 0.7041170001029968 18
1679841208577 0.7043872475624084 19
1679841208642 0.7045620679855347 20
1679841208700 0.7047210335731506 21
