1679841207333 215.9761199951172 0
1679841207397 125.89625549316406 1
1679841207464 62.062286376953125 2
1679841207529 22.925050735473633 3
1679841207593 7.089437007904053 4
1679841207653 3.2694149017333984 5
1679841207716 1.9587368965148926 6
1679841207796 1.6140403747558594 7
1679841207859 1.511908769607544 8
1679841207925 1.4738396406173706 9
1679841207991 1.4623384475708008 10
1679841208057 1.4493582248687744 11
1679841208124 1.4429516792297363 12
1679841208183 1.437482237815857 13
1679841208247 1.4278873205184937 14
1679841208315 1.4239914417266846 15
1679841208388 1.4208911657333374 16
1679841208452 1.4149354696273804 17
1679841208513 1.412760615348816 18
1679841208577 1.4102158546447754 19
1679841208642 1.408617377281189 20
1679841208700 1.4057267904281616 21
