1679841032156 0.6508980989456177 0
1679841032205 0.7051025032997131 1
1679841032256 0.7051025032997131 2
1679841032312 0.7051025032997131 3
1679841032363 0.7051025032997131 4
1679841032413 0.7051025032997131 5
1679841032468 0.7051025032997131 6
1679841032522 0.7051025032997131 7
1679841032575 0.7051025032997131 8
1679841032628 0.7051025032997131 9
1679841032678 0.7051025032997131 10
1679841032731 0.7051025032997131 11
1679841032784 0.7051025032997131 12
1679841032842 0.7051025032997131 13
1679841032896 0.7051025032997131 14
1679841032991 0.7051025032997131 15
1679841033045 0.7051025032997131 16
