1679841032156 7.922127723693848 0
1679841032205 5.046785354614258 1
1679841032256 3.0865983963012695 2
1679841032312 1.9047040939331055 3
1679841032363 1.2508854866027832 4
1679841032413 0.9121231436729431 5
1679841032468 0.7458028793334961 6
1679841032522 0.6680980920791626 7
1679841032575 0.6332077980041504 8
1679841032628 0.6175752282142639 9
1679841032678 0.6111739873886108 10
1679841032731 0.6086711287498474 11
1679841032784 0.6075198650360107 12
1679841032842 0.6069140434265137 13
1679841032896 0.6068627834320068 14
1679841032991 0.6068776249885559 15
1679841033045 0.6072602868080139 16
