1679512604678 0.6787950992584229 0
1679512604793 0.7051025032997131 1
1679512604910 0.7051025032997131 2
1679512605023 0.7051025032997131 3
1679512605140 0.7051025032997131 4
1679512605256 0.7051025032997131 5
1679512605368 0.7051025032997131 6
1679512605483 0.7051025032997131 7
1679512605599 0.7083611488342285 8
1679512605714 0.7305992841720581 9
1679512605829 0.730742335319519 10
1679512605942 0.730742335319519 11
1679512606060 0.730742335319519 12
1679512606174 0.730742335319519 13
1679512606289 0.730742335319519 14
1679512606401 0.730742335319519 15
1679512606516 0.730742335319519 16
1679512606641 0.730742335319519 17
1679512606759 0.730742335319519 18
1679512606874 0.730742335319519 19
1679512606990 0.730742335319519 20
1679512607101 0.730742335319519 21
1679512607210 0.730742335319519 22
1679512607322 0.730742335319519 23
1679512607438 0.730742335319519 24
1679512607549 0.730742335319519 25
1679512607660 0.730742335319519 26
1679512607775 0.730742335319519 27
1679512607888 0.730742335319519 28
1679512607999 0.730742335319519 29
1679512608109 0.730742335319519 30
1679512608224 0.730742335319519 31
1679512608335 0.730742335319519 32
1679512608452 0.730742335319519 33
1679512608564 0.730742335319519 34
1679512608675 0.7307900190353394 35
1679512608785 0.7307582497596741 36
1679512608902 0.7306628227233887 37
1679512609016 0.731044352054596 38
1679512609133 0.731044352054596 39
1679512609243 0.7312986850738525 40
1679512609356 0.7314894199371338 41
1679512609467 0.7315212488174438 42
1679512609579 0.7315530180931091 43
1679512609691 0.7322365045547485 44
1679512609806 0.7325862050056458 45
1679512609921 0.7323954701423645 46
1679512610038 0.7327769994735718 47
1679512610153 0.7324272990226746 48
1679512610269 0.7328405380249023 49
1679512610383 0.7327769994735718 50
1679512610491 0.7327610850334167 51
1679512610605 0.732951819896698 52
1679512610720 0.732951819896698 53
1679512610833 0.7330631017684937 54
1679512610950 0.7329836487770081 55
1679512611073 0.733285665512085 56
1679512611190 0.7336194515228271 57
1679512611306 0.7334604859352112 58
1679512611423 0.7334923148155212 59
1679512611548 0.7333015203475952 60
1679512611660 0.7336194515228271 61
1679512611784 0.7335717678070068 62
1679512611904 0.7339373826980591 63
1679512612028 0.7337625026702881 64
1679512612146 0.7337148189544678 65
1679512612261 0.7336035370826721 66
1679512612379 0.7338737845420837 67
1679512612492 0.7339532375335693 68
1679512612608 0.734239399433136 69
1679512612721 0.734064519405365 70
1679512612849 0.7340327501296997 71
1679512612959 0.7340009808540344 72
1679512613075 0.7342075705528259 73
1679512613189 0.7345890998840332 74
1679512613300 0.7342870831489563 75
1679512613419 0.73408043384552 76
1679512613533 0.734096348285675 77
1679512613651 0.7346367835998535 78
1679512613763 0.733921468257904 79
1679512613879 0.7345731854438782 80
1679512614007 0.7348911166191101 81
1679512614122 0.7341122031211853 82
1679512614274 0.7344460487365723 83
1679512614461 0.7346367835998535 84
1679512614591 0.7346685528755188 85
1679512614732 0.7344778180122375 86
1679512614850 0.7349070310592651 87
1679512614960 0.7344301342964172 88
1679512615084 0.7346367835998535 89
1679512615198 0.7347957491874695 90
1679512615306 0.7344778180122375 91
1679512615416 0.7345255017280579 92
1679512615525 0.7345414161682129 93
1679512615636 0.7347957491874695 94
1679512615747 0.7348752021789551 95
1679512615865 0.7349228858947754 96
1679512615971 0.7345890998840332 97
1679512616082 0.7349228858947754 98
1679512616192 0.7349228858947754 99
1679512616305 0.7348434329032898 100
1679512616417 0.7349547147750854 101
1679512616525 0.7352249026298523 102
1679512616636 0.735368013381958 103
1679512616749 0.7351136803627014 104
1679512616858 0.735336184501648 105
1679512616972 0.7356700301170349 106
1679512617085 0.735193133354187 107
1679512617198 0.7349705696105957 108
1679512617308 0.7350023984909058 109
1679512617418 0.7348275184631348 110
1679512617535 0.7352885007858276 111
1679512617649 0.735177218914032 112
1679512617761 0.7348116636276245 113
1679512617874 0.7353838682174683 114
1679512617992 0.7348434329032898 115
1679512618109 0.735177218914032 116
1679512618220 0.7350659966468811 117
1679512618335 0.7355587482452393 118
1679512618449 0.7349388003349304 119
1679512618568 0.735034167766571 120
1679512618690 0.7353044152259827 121
1679512618806 0.7353838682174683 122
1679512618919 0.7350977659225464 123
1679512619028 0.7354792356491089 124
1679512619149 0.735368013381958 125
1679512619260 0.7351613640785217 126
1679512619372 0.7350977659225464 127
1679512619494 0.735193133354187 128
1679512619604 0.7352885007858276 129
1679512619716 0.7350818514823914 130
1679512619828 0.7353044152259827 131
1679512619945 0.7358766198158264 132
1679512620056 0.7347480654716492 133
1679512620175 0.7354156970977783 134
1679512620340 0.7351613640785217 135
1679512620465 0.7352725863456726 136
1679512620613 0.7348116636276245 137
1679512620727 0.7352885007858276 138
1679512620840 0.7356064319610596 139
1679512620954 0.7354951500892639 140
1679512621069 0.7354633808135986 141
1679512621185 0.7357971668243408 142
1679512621303 0.7354951500892639 143
1679512621418 0.7356541156768799 144
1679512621536 0.7354633808135986 145
1679512621647 0.7356858849525452 146
1679512621758 0.7348593473434448 147
1679512621867 0.7354633808135986 148
1679512621976 0.7353044152259827 149
1679512622085 0.7352249026298523 150
1679512622195 0.7354156970977783 151
1679512622304 0.7353202700614929 152
1679512622419 0.7358607649803162 153
1679512622527 0.7354633808135986 154
1679512622636 0.7359243631362915 155
1679512622746 0.7352567315101624 156
1679512622857 0.7354474663734436 157
1679512622975 0.7355746030807495 158
1679512623085 0.7352725863456726 159
1679512623200 0.7356858849525452 160
1679512623310 0.7357812523841858 161
1679512623422 0.7358607649803162 162
1679512623531 0.735511064529419 163
1679512623645 0.7357653975486755 164
1679512623757 0.7357812523841858 165
1679512623870 0.7353997826576233 166
1679512623976 0.7357653975486755 167
1679512624091 0.7357812523841858 168
1679512624203 0.7356858849525452 169
1679512624313 0.7360991835594177 170
1679512624443 0.7350977659225464 171
1679512624565 0.7360514998435974 172
1679512624688 0.7358130812644958 173
1679512624802 0.7354951500892639 174
1679512624915 0.7356223464012146 175
1679512625027 0.7359561324119568 176
1679512625138 0.7354474663734436 177
1679512625254 0.7355905175209045 178
1679512625365 0.7358289361000061 179
1679512625474 0.7356382012367249 180
1679512625587 0.7354156970977783 181
1679512625698 0.7358130812644958 182
1679512625809 0.7365442514419556 183
1679512625928 0.7357812523841858 184
1679512626042 0.7356223464012146 185
1679512626155 0.7360038161277771 186
1679512626265 0.7359879016876221 187
1679512626375 0.7359243631362915 188
1679512626486 0.7359084486961365 189
1679512626592 0.736146867275238 190
1679512626707 0.7362104654312134 191
1679512626819 0.7363376021385193 192
1679512626928 0.7361786961555481 193
1679512627036 0.736289918422699 194
1679512627146 0.7358925342559814 195
1679512627265 0.7360674142837524 196
1679512627376 0.7361945509910583 197
1679512627487 0.7363694310188293 198
1679512627600 0.7362581491470337 199
1679512627708 0.7359243631362915 200
1679512627819 0.7360514998435974 201
1679512627930 0.7362740635871887 202
1679512628047 0.7367985844612122 203
1679512628157 0.7364488840103149 204
1679512628269 0.7366555333137512 205
1679512628380 0.7364488840103149 206
1679512628496 0.7363535165786743 207
1679512628606 0.7369098663330078 208
1679512628725 0.7365919351577759 209
1679512628836 0.7361627817153931 210
1679512628952 0.7361150979995728 211
1679512629066 0.736321747303009 212
1679512629177 0.7366396188735962 213
1679512629289 0.7362740635871887 214
1679512629402 0.7365124821662903 215
1679512629513 0.7375298142433167 216
1679512629623 0.7363852858543396 217
1679512629745 0.7367191314697266 218
1679512629855 0.7365442514419556 219
1679512629963 0.7370052337646484 220
1679512630071 0.7371006011962891 221
1679512630184 0.7365919351577759 222
1679512630293 0.7370211482048035 223
1679512630406 0.7367191314697266 224
1679512630518 0.7365601658821106 225
1679512630627 0.7368304133415222 226
1679512630738 0.7368621826171875 227
1679512630851 0.7367032170295715 228
1679512630978 0.7366714477539062 229
1679512631095 0.7369734644889832 230
1679512631241 0.7368144989013672 231
1679512631359 0.7370529174804688 232
1679512631467 0.7367985844612122 233
1679512631584 0.7367032170295715 234
1679512631704 0.7370370626449585 235
1679512631830 0.7368304133415222 236
1679512631951 0.7367668151855469 237
1679512632067 0.7370529174804688 238
1679512632177 0.7376251816749573 239
1679512632297 0.7368144989013672 240
1679512632416 0.7375457286834717 241
1679512632546 0.7373072504997253 242
1679512632725 0.7368304133415222 243
1679512632837 0.7375615835189819 244
1679512632949 0.7373549342155457 245
1679512633059 0.7373867630958557 246
1679512633171 0.7370211482048035 247
1679512633287 0.7377364635467529 248
1679512633399 0.7372913956642151 249
1679512633512 0.7369734644889832 250
1679512633627 0.7374979853630066 251
1679512633736 0.7373072504997253 252
1679512633853 0.7372118830680847 253
1679512633966 0.7376410961151123 254
1679512634074 0.737577497959137 255
1679512634186 0.7376092672348022 256
1679512634296 0.7377841472625732 257
1679512634408 0.7374821305274963 258
1679512634518 0.7381656169891357 259
1679512634631 0.7371641993522644 260
1679512634741 0.7376569509506226 261
1679512634855 0.7376410961151123 262
1679512634964 0.73724365234375 263
1679512635129 0.7377046346664429 264
1679512635244 0.7376092672348022 265
1679512635409 0.7377682328224182 266
1679512635525 0.7373231649398804 267
1679512635637 0.7373549342155457 268
1679512635751 0.7378318309783936 269
1679512635877 0.7381656169891357 270
1679512635997 0.7380861639976501 271
1679512636171 0.7376569509506226 272
1679512636286 0.7378477454185486 273
1679512636398 0.7382451295852661 274
1679512636514 0.7379589676856995 275
1679512636624 0.7380225658416748 276
1679512636739 0.7378636002540588 277
1679512636885 0.7384358644485474 278
1679512637005 0.7377841472625732 279
1679512637127 0.7374979853630066 280
1679512637241 0.7381179332733154 281
1679512637353 0.7380225658416748 282
1679512637469 0.7377364635467529 283
1679512637579 0.7377523183822632 284
1679512637706 0.7381338477134705 285
1679512637825 0.738372266292572 286
1679512637979 0.7380861639976501 287
1679512638093 0.7378954291343689 288
1679512638204 0.738690197467804 289
1679512638315 0.738388180732727 290
1679512638425 0.7387378811836243 291
1679512638539 0.7384994626045227 292
1679512638665 0.7381497621536255 293
1679512638779 0.738213300704956 294
1679512638892 0.7389286160469055 295
1679512639003 0.7387219667434692 296
1679512639118 0.7388173341751099 297
1679512639234 0.738372266292572 298
1679512639349 0.7387537956237793 299
1679512639468 0.7380861639976501 300
1679512639588 0.7387855648994446 301
1679512639699 0.7386742830276489 302
1679512639809 0.7384517788887024 303
1679512639924 0.7378477454185486 304
1679512640033 0.7388173341751099 305
1679512640149 0.7381815314292908 306
1679512640258 0.7391193509101868 307
1679512640371 0.7382928133010864 308
1679512640484 0.7380861639976501 309
1679512640601 0.7383086681365967 310
1679512640714 0.7388809323310852 311
1679512640832 0.7387219667434692 312
1679512640954 0.7387378811836243 313
1679512641069 0.7388491630554199 314
1679512641183 0.7382609844207764 315
1679512641298 0.7389762997627258 316
1679512641412 0.738690197467804 317
1679512641531 0.7388491630554199 318
1679512641640 0.7389286160469055 319
1679512641758 0.7388332486152649 320
1679512641877 0.7384199500083923 321
1679512641993 0.7388650178909302 322
1679512642108 0.7390081286430359 323
1679512642219 0.7388491630554199 324
1679512642333 0.7389604449272156 325
1679512642451 0.7390239834785461 326
1679512642562 0.7392306327819824 327
1679512642674 0.7387537956237793 328
1679512642784 0.7388173341751099 329
1679512642904 0.7386584281921387 330
1679512643017 0.7383564114570618 331
1679512643128 0.7394213676452637 332
1679512643240 0.7393101453781128 333
1679512643347 0.7388968467712402 334
1679512643459 0.738690197467804 335
1679512643577 0.7397234439849854 336
1679512643685 0.7384676337242126 337
1679512643797 0.7388968467712402 338
1679512643912 0.7390239834785461 339
1679512644024 0.7382451295852661 340
1679512644136 0.7388809323310852 341
1679512644247 0.7385948300361633 342
1679512644363 0.7389922142028809 343
1679512644471 0.7388650178909302 344
1679512644585 0.7394372820854187 345
1679512644712 0.7389127612113953 346
1679512644823 0.7386265993118286 347
1679512644938 0.7390558123588562 348
1679512645055 0.7387855648994446 349
1679512645170 0.7387696504592896 350
1679512645283 0.7391193509101868 351
1679512645396 0.7391511797904968 352
1679512645505 0.7393578290939331 353
1679512645616 0.7388968467712402 354
1679512645729 0.7390558123588562 355
1679512645843 0.738706111907959 356
1679512645957 0.7395326495170593 357
1679512646067 0.7388809323310852 358
1679512646188 0.739643931388855 359
1679512646299 0.7388968467712402 360
1679512646414 0.7388332486152649 361
1679512646533 0.7391670346260071 362
1679512646647 0.7394531965255737 363
1679512646760 0.7396916151046753 364
1679512646877 0.7391670346260071 365
1679512646985 0.7393101453781128 366
1679512647096 0.7395962476730347 367
1679512647208 0.7388173341751099 368
1679512647318 0.7392147779464722 369
1679512647439 0.7395326495170593 370
1679512647549 0.7395485639572144 371
1679512647662 0.7387537956237793 372
1679512647773 0.7388809323310852 373
1679512647894 0.7394372820854187 374
1679512648004 0.7390081286430359 375
1679512648116 0.7395167946815491 376
1679512648228 0.7394213676452637 377
1679512648338 0.7395962476730347 378
1679512648458 0.7395962476730347 379
1679512648575 0.7388491630554199 380
1679512648686 0.7390398979187012 381
1679512648797 0.7394213676452637 382
1679512648911 0.7394213676452637 383
1679512649021 0.7389445304870605 384
1679512649133 0.739484965801239 385
1679512649245 0.7391193509101868 386
1679512649360 0.7394213676452637 387
1679512649476 0.7388968467712402 388
1679512649589 0.7391988635063171 389
1679512649707 0.739643931388855 390
1679512649819 0.7393419146537781 391
1679512649935 0.7397392988204956 392
1679512650051 0.7392783164978027 393
1679512650161 0.739500880241394 394
1679512650281 0.7395167946815491 395
1679512650397 0.7395644783973694 396
1679512650511 0.739326000213623 397
1679512650622 0.739484965801239 398
1679512650735 0.7391352653503418 399
1679512650849 0.7395167946815491 400
1679512650964 0.7394691109657288 401
1679512651073 0.7390558123588562 402
1679512651185 0.7390239834785461 403
1679512651293 0.7396916151046753 404
1679512651403 0.7389127612113953 405
1679512651513 0.7396280169487 406
1679512651627 0.7395644783973694 407
1679512651751 0.7392306327819824 408
1679512651875 0.7396121621131897 409
1679512651985 0.7395167946815491 410
1679512652096 0.739326000213623 411
1679512652208 0.7398823499679565 412
1679512652320 0.7393419146537781 413
1679512652432 0.7395326495170593 414
1679512652545 0.7392624616622925 415
1679512652662 0.7397392988204956 416
1679512652771 0.7388014793395996 417
1679512652889 0.7398505806922913 418
1679512653009 0.7395485639572144 419
1679512653123 0.7397869825363159 420
1679512653237 0.739484965801239 421
1679512653352 0.7398664951324463 422
1679512653474 0.7396121621131897 423
1679512653591 0.7394531965255737 424
1679512653707 0.7399300336837769 425
1679512653826 0.7392783164978027 426
1679512653942 0.7396757006645203 427
1679512654054 0.7394531965255737 428
1679512654165 0.7397392988204956 429
1679512654290 0.7396121621131897 430
1679512654410 0.7397234439849854 431
1679512654528 0.7394372820854187 432
1679512654648 0.7394372820854187 433
1679512654770 0.739818811416626 434
1679512654892 0.7403592467308044 435
1679512655016 0.7399459481239319 436
1679512655130 0.7396757006645203 437
1679512655238 0.7394055128097534 438
1679512655346 0.739818811416626 439
1679512655457 0.739500880241394 440
1679512655576 0.7397552132606506 441
1679512655691 0.7401843667030334 442
1679512655810 0.7397552132606506 443
1679512655919 0.7397075295448303 444
1679512656031 0.7399618625640869 445
1679512656145 0.7396916151046753 446
1679512656266 0.7393101453781128 447
1679512656381 0.7397552132606506 448
1679512656495 0.7396757006645203 449
1679512656618 0.7398505806922913 450
1679512656736 0.7396757006645203 451
1679512656848 0.7397869825363159 452
1679512656958 0.7400572299957275 453
1679512657073 0.7397075295448303 454
1679512657183 0.7398823499679565 455
1679512657298 0.7398982644081116 456
1679512657414 0.7395485639572144 457
1679512657533 0.7403433322906494 458
1679512657644 0.7397869825363159 459
1679512657756 0.73965984582901 460
1679512657865 0.7397552132606506 461
1679512657977 0.7397869825363159 462
1679512658096 0.7399777173995972 463
1679512658207 0.7401208281517029 464
1679512658318 0.7396757006645203 465
1679512658429 0.7400254607200623 466
1679512658539 0.7400254607200623 467
1679512658648 0.7398982644081116 468
1679512658759 0.7395803332328796 469
1679512658869 0.74043869972229 470
1679512658983 0.7395962476730347 471
1679512659101 0.7392783164978027 472
1679512659222 0.7403433322906494 473
1679512659339 0.7393895983695984 474
1679512659459 0.739500880241394 475
1679512659583 0.7401049137115479 476
1679512659695 0.7398823499679565 477
1679512659806 0.7400254607200623 478
1679512659922 0.7396757006645203 479
1679512660033 0.739818811416626 480
1679512660146 0.7398505806922913 481
1679512660259 0.7398982644081116 482
1679512660369 0.7399618625640869 483
1679512660480 0.7403592467308044 484
1679512660589 0.7399777173995972 485
1679512660700 0.7400731444358826 486
1679512660813 0.7404069304466248 487
1679512660934 0.7398346662521362 488
1679512661052 0.7401843667030334 489
1679512661165 0.7397552132606506 490
1679512661278 0.7405818104743958 491
1679512661389 0.7403115630149841 492
1679512661505 0.7396757006645203 493
1679512661620 0.7397552132606506 494
1679512661731 0.7402161955833435 495
1679512661847 0.739802896976471 496
1679512661960 0.7398505806922913 497
1679512662071 0.7399459481239319 498
1679512662182 0.7400413155555725 499
1679512662292 0.7403433322906494 500
1679512662409 0.739818811416626 501
1679512662522 0.7399141788482666 502
1679512662638 0.7399459481239319 503
1679512662748 0.7399300336837769 504
1679512662856 0.7400889992713928 505
1679512662965 0.7394531965255737 506
1679512663072 0.739802896976471 507
1679512663186 0.7404228448867798 508
1679512663297 0.7401525974273682 509
1679512663415 0.7403751611709595 510
1679512663526 0.7395485639572144 511
1679512663635 0.739484965801239 512
1679512663752 0.7395326495170593 513
1679512663862 0.7403115630149841 514
1679512663974 0.7393895983695984 515
1679512664086 0.7401685118675232 516
1679512664199 0.7399618625640869 517
1679512664313 0.7395803332328796 518
1679512664425 0.7405499815940857 519
1679512664535 0.7403910160064697 520
1679512664648 0.7399141788482666 521
1679512664762 0.7396916151046753 522
1679512664877 0.7397711277008057 523
1679512664992 0.7399300336837769 524
1679512665115 0.7394372820854187 525
1679512665226 0.7400731444358826 526
1679512665335 0.7401685118675232 527
1679512665445 0.7397869825363159 528
1679512665560 0.7402479648590088 529
1679512665670 0.739802896976471 530
1679512665784 0.7401366829872131 531
1679512665894 0.7398982644081116 532
1679512666009 0.7401685118675232 533
1679512666119 0.7405340671539307 534
1679512666234 0.7401208281517029 535
1679512666344 0.7397711277008057 536
1679512666468 0.7397392988204956 537
1679512666579 0.7402479648590088 538
1679512666689 0.7398664951324463 539
1679512666801 0.739802896976471 540
1679512666913 0.7402320504188538 541
1679512667027 0.7397392988204956 542
1679512667138 0.7401525974273682 543
1679512667252 0.7397075295448303 544
1679512667362 0.7399141788482666 545
1679512667473 0.7395962476730347 546
1679512667585 0.7397234439849854 547
1679512667697 0.7398346662521362 548
1679512667810 0.7397075295448303 549
1679512667964 0.7407089471817017 550
1679512668082 0.739818811416626 551
1679512668194 0.7401208281517029 552
1679512668305 0.7399300336837769 553
1679512668418 0.7403592467308044 554
1679512668534 0.7399459481239319 555
1679512668645 0.7402479648590088 556
1679512668758 0.7400413155555725 557
1679512668874 0.7398664951324463 558
1679512668986 0.7404228448867798 559
1679512669099 0.7401208281517029 560
1679512669218 0.7400572299957275 561
1679512669331 0.7397869825363159 562
1679512669444 0.7399300336837769 563
1679512669555 0.7399141788482666 564
1679512669665 0.7398346662521362 565
1679512669777 0.7402479648590088 566
1679512669889 0.7403910160064697 567
1679512669999 0.7398982644081116 568
1679512670112 0.7400413155555725 569
1679512670224 0.7400413155555725 570
1679512670339 0.7398823499679565 571
1679512670458 0.7397869825363159 572
1679512670568 0.7396916151046753 573
1679512670682 0.7401208281517029 574
1679512670796 0.7398823499679565 575
1679512670912 0.7397711277008057 576
1679512671022 0.7398664951324463 577
1679512671137 0.74043869972229 578
1679512671248 0.7398823499679565 579
1679512671362 0.7398823499679565 580
1679512671473 0.7401366829872131 581
1679512671590 0.7396280169487 582
1679512671704 0.7402479648590088 583
1679512671820 0.7405818104743958 584
1679512671930 0.7399459481239319 585
1679512672042 0.7404705286026001 586
1679512672160 0.7404705286026001 587
1679512672280 0.7398823499679565 588
1679512672392 0.7396121621131897 589
1679512672504 0.7402479648590088 590
1679512672615 0.7399459481239319 591
1679512672729 0.7397392988204956 592
1679512672839 0.7399618625640869 593
1679512672954 0.7403274774551392 594
1679512673079 0.7400095462799072 595
1679512673192 0.7398346662521362 596
1679512673302 0.7399777173995972 597
1679512673415 0.7399936318397522 598
1679512673526 0.7397552132606506 599
1679512673636 0.7404863834381104 600
1679512673753 0.7395803332328796 601
1679512673862 0.7401049137115479 602
1679512673974 0.7401049137115479 603
1679512674088 0.7400413155555725 604
1679512674201 0.7407089471817017 605
1679512674319 0.7399936318397522 606
1679512674436 0.7399141788482666 607
1679512674550 0.7400572299957275 608
1679512674660 0.7402797937393188 609
1679512674769 0.7399300336837769 610
1679512674881 0.7401843667030334 611
1679512674994 0.7397392988204956 612
1679512675106 0.7403274774551392 613
1679512675215 0.7403433322906494 614
1679512675328 0.7401366829872131 615
1679512675440 0.7401208281517029 616
1679512675554 0.7402638792991638 617
1679512675671 0.7400413155555725 618
1679512675779 0.7401525974273682 619
1679512675892 0.7402638792991638 620
1679512676007 0.739643931388855 621
1679512676121 0.7399777173995972 622
1679512676240 0.7399936318397522 623
1679512676354 0.7401208281517029 624
1679512676477 0.7399300336837769 625
1679512676591 0.7402797937393188 626
1679512676713 0.7403433322906494 627
1679512676828 0.7404069304466248 628
1679512676951 0.7402479648590088 629
1679512677069 0.7402002811431885 630
1679512677184 0.7399936318397522 631
1679512677300 0.7405182123184204 632
1679512677416 0.7402320504188538 633
1679512677530 0.7403751611709595 634
1679512677638 0.7400731444358826 635
1679512677754 0.7399777173995972 636
1679512677864 0.740613579750061 637
1679512677978 0.740613579750061 638
1679512678099 0.7406612634658813 639
1679512678213 0.7397711277008057 640
1679512678332 0.7407248616218567 641
1679512678444 0.7402320504188538 642
1679512678555 0.74043869972229 643
1679512678670 0.7405182123184204 644
1679512678785 0.7397234439849854 645
1679512678901 0.7403433322906494 646
1679512679017 0.7404546141624451 647
1679512679128 0.7403115630149841 648
1679512679250 0.7401843667030334 649
1679512679360 0.7398664951324463 650
1679512679472 0.7397075295448303 651
1679512679589 0.7400731444358826 652
1679512679704 0.74043869972229 653
1679512679814 0.7407248616218567 654
1679512679927 0.7401685118675232 655
1679512680041 0.7409950494766235 656
1679512680157 0.7403592467308044 657
1679512680272 0.7401525974273682 658
1679512680396 0.7402002811431885 659
1679512680509 0.7399936318397522 660
1679512680617 0.7396916151046753 661
1679512680729 0.7399618625640869 662
1679512680844 0.7405022978782654 663
1679512680955 0.7397711277008057 664
1679512681066 0.7401525974273682 665
1679512681177 0.7399300336837769 666
1679512681286 0.7403751611709595 667
1679512681398 0.7402002811431885 668
1679512681520 0.7401366829872131 669
1679512681634 0.7400572299957275 670
1679512681745 0.7408838272094727 671
1679512681855 0.7403115630149841 672
1679512681971 0.7403115630149841 673
1679512682082 0.7404069304466248 674
1679512682197 0.7405022978782654 675
1679512682307 0.7405022978782654 676
1679512682415 0.7403433322906494 677
1679512682525 0.7404546141624451 678
1679512682642 0.7409155964851379 679
1679512682755 0.7401525974273682 680
1679512682869 0.7404863834381104 681
1679512682993 0.7402797937393188 682
1679512683105 0.7402638792991638 683
1679512683218 0.7404546141624451 684
1679512683328 0.7400413155555725 685
1679512683440 0.7399618625640869 686
1679512683554 0.7406453490257263 687
1679512683669 0.7408043146133423 688
1679512683786 0.7401366829872131 689
1679512683898 0.74043869972229 690
1679512684017 0.7405818104743958 691
1679512684131 0.7401843667030334 692
1679512684245 0.740597665309906 693
1679512684362 0.7405818104743958 694
1679512684476 0.7404546141624451 695
1679512684591 0.7404863834381104 696
1679512684702 0.7402002811431885 697
1679512684823 0.7401208281517029 698
1679512684935 0.7402479648590088 699
1679512685057 0.7403274774551392 700
1679512685178 0.7404069304466248 701
1679512685289 0.7402479648590088 702
1679512685401 0.7400095462799072 703
1679512685512 0.7407407164573669 704
1679512685623 0.7403592467308044 705
1679512685739 0.7404546141624451 706
1679512685849 0.7406612634658813 707
1679512685967 0.740756630897522 708
1679512686078 0.7402320504188538 709
1679512686186 0.7404863834381104 710
1679512686306 0.7401049137115479 711
1679512686421 0.7405022978782654 712
1679512686536 0.7403115630149841 713
1679512686646 0.7405818104743958 714
1679512686758 0.7409155964851379 715
1679512686871 0.7410904169082642 716
1679512686984 0.74043869972229 717
1679512687103 0.7405658960342407 718
1679512687213 0.7405818104743958 719
1679512687324 0.7406294941902161 720
1679512687439 0.7405182123184204 721
1679512687550 0.7398982644081116 722
1679512687659 0.7401525974273682 723
1679512687767 0.7409950494766235 724
1679512687877 0.7409791946411133 725
1679512687990 0.7404069304466248 726
1679512688116 0.7408838272094727 727
1679512688231 0.7400413155555725 728
1679512688349 0.7413765788078308 729
1679512688461 0.7404863834381104 730
1679512688577 0.7410109639167786 731
1679512688690 0.7405499815940857 732
1679512688806 0.7410109639167786 733
1679512688919 0.7412016987800598 734
1679512689034 0.7405818104743958 735
1679512689164 0.7405182123184204 736
1679512689278 0.7409155964851379 737
1679512689392 0.7408519983291626 738
1679512689507 0.7407407164573669 739
1679512689622 0.7410745620727539 740
1679512689739 0.7399777173995972 741
1679512689851 0.7410586476325989 742
1679512689961 0.740597665309906 743
1679512690071 0.7408996820449829 744
1679512690188 0.7403592467308044 745
1679512690304 0.7404228448867798 746
1679512690420 0.7411858439445496 747
1679512690533 0.7406453490257263 748
1679512690643 0.7406612634658813 749
1679512690753 0.7406612634658813 750
1679512690874 0.7404228448867798 751
1679512690985 0.7412176132202148 752
1679512691096 0.7409155964851379 753
1679512691218 0.7406771779060364 754
1679512691329 0.7410745620727539 755
1679512691441 0.7405022978782654 756
1679512691550 0.7408202290534973 757
1679512691662 0.740597665309906 758
1679512691771 0.7409632802009583 759
1679512691881 0.7407089471817017 760
1679512691994 0.7407884001731873 761
1679512692117 0.7410109639167786 762
1679512692228 0.7407884001731873 763
1679512692339 0.7406930327415466 764
1679512692465 0.7413765788078308 765
1679512692582 0.7406294941902161 766
1679512692693 0.7407884001731873 767
1679512692805 0.7411540150642395 768
1679512692916 0.7408519983291626 769
1679512693028 0.7408679127693176 770
1679512693144 0.7407248616218567 771
1679512693262 0.7410586476325989 772
1679512693375 0.7416626811027527 773
1679512693488 0.7409791946411133 774
1679512693608 0.7405182123184204 775
1679512693726 0.7408519983291626 776
1679512693840 0.7408838272094727 777
1679512693952 0.740756630897522 778
1679512694063 0.7413606643676758 779
1679512694179 0.7415990829467773 780
1679512694289 0.740931510925293 781
1679512694410 0.7411381602287292 782
1679512694529 0.7410268783569336 783
1679512694641 0.7408519983291626 784
1679512694756 0.7405658960342407 785
1679512694868 0.7413129806518555 786
1679512694987 0.7413924932479858 787
1679512695101 0.7407884001731873 788
1679512695213 0.7410904169082642 789
1679512695322 0.7414401769638062 790
1679512695447 0.7410745620727539 791
1679512695560 0.7411699295043945 792
1679512695672 0.7413447499275208 793
1679512695783 0.741710364818573 794
1679512695899 0.7412016987800598 795
1679512696013 0.7410904169082642 796
1679512696122 0.7408043146133423 797
1679512696233 0.7411699295043945 798
1679512696344 0.7414878606796265 799
1679512696475 0.7411381602287292 800
1679512696592 0.74043869972229 801
1679512696705 0.7410268783569336 802
1679512696816 0.7412812113761902 803
1679512696928 0.7415673136711121 804
1679512697042 0.740756630897522 805
1679512697154 0.7414401769638062 806
1679512697267 0.7412652969360352 807
1679512697388 0.7412970662117004 808
1679512697501 0.7415990829467773 809
1679512697616 0.7407884001731873 810
1679512697724 0.7412176132202148 811
1679512697837 0.7410268783569336 812
1679512697996 0.7408996820449829 813
1679512698112 0.740772545337677 814
1679512698221 0.7405022978782654 815
1679512698332 0.7409473657608032 816
1679512698447 0.741726279258728 817
1679512698569 0.7412016987800598 818
1679512698682 0.7414560317993164 819
1679512698793 0.7410904169082642 820
1679512698902 0.7415673136711121 821
1679512699014 0.7409632802009583 822
1679512699123 0.7413924932479858 823
1679512699238 0.7409632802009583 824
1679512699348 0.7410745620727539 825
1679512699462 0.7414878606796265 826
1679512699574 0.7412652969360352 827
1679512699689 0.7411858439445496 828
1679512699806 0.7415832281112671 829
1679512699915 0.7416309118270874 830
1679512700026 0.7412493824958801 831
1679512700137 0.7405818104743958 832
1679512700252 0.7412176132202148 833
1679512700362 0.7410745620727539 834
1679512700477 0.7408043146133423 835
1679512700600 0.7408838272094727 836
1679512700727 0.7413288950920105 837
1679512700839 0.7415196299552917 838
1679512700950 0.741710364818573 839
1679512701063 0.7412812113761902 840
1679512701176 0.7416945099830627 841
1679512701287 0.7414083480834961 842
1679512701396 0.7414878606796265 843
1679512701506 0.7416945099830627 844
1679512701623 0.7412970662117004 845
1679512701736 0.7413765788078308 846
1679512701848 0.7410427331924438 847
1679512701959 0.7412652969360352 848
1679512702075 0.7411063313484192 849
1679512702186 0.7409473657608032 850
1679512702300 0.7413288950920105 851
1679512702412 0.7415196299552917 852
1679512702528 0.7411063313484192 853
1679512702640 0.7413606643676758 854
1679512702752 0.7414878606796265 855
1679512702862 0.7412812113761902 856
1679512702976 0.7415990829467773 857
1679512703090 0.7413288950920105 858
1679512703208 0.7412335276603699 859
1679512703323 0.7414560317993164 860
1679512703433 0.7414560317993164 861
1679512703550 0.7412335276603699 862
1679512703664 0.7415832281112671 863
1679512703777 0.7419806122779846 864
1679512703887 0.7421236634254456 865
1679512703997 0.7415673136711121 866
1679512704109 0.7415355443954468 867
1679512704222 0.7412812113761902 868
1679512704335 0.7415355443954468 869
1679512704456 0.7412016987800598 870
1679512704577 0.7416945099830627 871
1679512704690 0.7412176132202148 872
1679512704802 0.741551399230957 873
1679512704913 0.7412176132202148 874
1679512705023 0.741726279258728 875
1679512705135 0.7413447499275208 876
1679512705249 0.7409473657608032 877
1679512705366 0.7411699295043945 878
1679512705479 0.7411858439445496 879
1679512705591 0.7414560317993164 880
1679512705711 0.7416149973869324 881
1679512705821 0.74204421043396 882
1679512705933 0.7411381602287292 883
1679512706043 0.7413606643676758 884
1679512706158 0.7414560317993164 885
1679512706272 0.7419010996818542 886
1679512706391 0.741551399230957 887
1679512706500 0.7419646978378296 888
1679512706615 0.7417739629745483 889
1679512706734 0.7416626811027527 890
1679512706843 0.7411858439445496 891
1679512706954 0.7417739629745483 892
1679512707068 0.7417898774147034 893
1679512707181 0.7414560317993164 894
1679512707299 0.7414878606796265 895
1679512707411 0.7414560317993164 896
1679512707521 0.7416785955429077 897
1679512707630 0.741710364818573 898
1679512707742 0.7415673136711121 899
1679512707851 0.7416945099830627 900
1679512707961 0.7416785955429077 901
1679512708072 0.7417898774147034 902
1679512708188 0.7412335276603699 903
1679512708315 0.7419329285621643 904
1679512708430 0.7413129806518555 905
1679512708542 0.7417421936988831 906
1679512708655 0.7418057322502136 907
1679512708771 0.7412812113761902 908
1679512708883 0.7417421936988831 909
1679512708996 0.7418375611305237 910
1679512709111 0.7413924932479858 911
1679512709223 0.7416149973869324 912
1679512709344 0.7415832281112671 913
1679512709459 0.7410904169082642 914
1679512709573 0.7417421936988831 915
1679512709682 0.7416945099830627 916
1679512709792 0.7414560317993164 917
1679512709904 0.7411222457885742 918
1679512710019 0.7417898774147034 919
1679512710128 0.7423779964447021 920
1679512710248 0.7418375611305237 921
1679512710357 0.7414242625236511 922
1679512710470 0.741551399230957 923
1679512710581 0.7416149973869324 924
1679512710694 0.7418375611305237 925
1679512710807 0.7413606643676758 926
1679512710921 0.7424892783164978 927
1679512711033 0.7413447499275208 928
1679512711146 0.7415832281112671 929
1679512711257 0.7415355443954468 930
1679512711371 0.7416468262672424 931
1679512711485 0.7416945099830627 932
1679512711600 0.7416626811027527 933
1679512711712 0.7424733638763428 934
1679512711824 0.7418216466903687 935
1679512711938 0.7417739629745483 936
1679512712052 0.7418057322502136 937
1679512712166 0.741551399230957 938
1679512712288 0.7417898774147034 939
1679512712404 0.7422349452972412 940
1679512712515 0.7417421936988831 941
1679512712632 0.7416309118270874 942
1679512712743 0.7415832281112671 943
1679512712855 0.741885244846344 944
1679512712991 0.7418375611305237 945
1679512713103 0.7424256801605225 946
1679512713223 0.7421872615814209 947
1679512713332 0.7415990829467773 948
1679512713447 0.7423779964447021 949
1679512713557 0.7421872615814209 950
1679512713670 0.7417739629745483 951
1679512713785 0.7423462271690369 952
1679512713900 0.7419170141220093 953
1679512714009 0.7423939108848572 954
1679512714119 0.7416626811027527 955
1679512714239 0.7420123815536499 956
1679512714354 0.7419646978378296 957
1679512714465 0.7422190308570862 958
1679512714575 0.7420759797096252 959
1679512714687 0.7418216466903687 960
1679512714813 0.7423620820045471 961
1679512714923 0.7419329285621643 962
1679512715032 0.7421236634254456 963
1679512715151 0.741885244846344 964
1679512715265 0.7419010996818542 965
1679512715376 0.7419806122779846 966
1679512715490 0.7422985434532166 967
1679512715600 0.7419965267181396 968
1679512715720 0.7422826290130615 969
1679512715829 0.7419646978378296 970
1679512715947 0.7421872615814209 971
1679512716059 0.7418216466903687 972
1679512716175 0.7426482439041138 973
1679512716287 0.7414719462394714 974
1679512716398 0.7419329285621643 975
1679512716514 0.7425051927566528 976
1679512716629 0.7420282959938049 977
1679512716738 0.7427753806114197 978
1679512716852 0.7415990829467773 979
1679512716971 0.7422508597373962 980
1679512717083 0.7419170141220093 981
1679512717196 0.741551399230957 982
1679512717310 0.7413924932479858 983
1679512717424 0.7415990829467773 984
1679512717539 0.7422985434532166 985
1679512717653 0.7417580485343933 986
1679512717785 0.7419170141220093 987
1679512717897 0.7421077489852905 988
1679512718014 0.7423620820045471 989
1679512718125 0.7421236634254456 990
1679512718235 0.7419965267181396 991
1679512718345 0.7421872615814209 992
1679512718458 0.741885244846344 993
1679512718568 0.7421236634254456 994
1679512718685 0.7425528764724731 995
1679512718794 0.7420123815536499 996
1679512718915 0.7422826290130615 997
1679512719026 0.7420600652694702 998
1679512719140 0.74204421043396 999
