1679512604678 1.47115957736969 0
1679512604793 1.3034038543701172 1
1679512604910 1.1643130779266357 2
1679512605023 1.045190691947937 3
1679512605140 0.9426838755607605 4
1679512605256 0.8546203970909119 5
1679512605368 0.7806091904640198 6
1679512605483 0.7195978164672852 7
1679512605599 0.6710453629493713 8
1679512605714 0.6345983743667603 9
1679512605829 0.6097079515457153 10
1679512605942 0.5958940982818604 11
1679512606060 0.5912139415740967 12
1679512606174 0.5888912081718445 13
1679512606289 0.5870601534843445 14
1679512606401 0.5854403376579285 15
1679512606516 0.584029495716095 16
1679512606641 0.5826953053474426 17
1679512606759 0.5814118981361389 18
1679512606874 0.5802785158157349 19
1679512606990 0.5791646838188171 20
1679512607101 0.5780748724937439 21
1679512607210 0.5769844055175781 22
1679512607322 0.576047420501709 23
1679512607438 0.5750840902328491 24
1679512607549 0.5741292834281921 25
1679512607660 0.5732811689376831 26
1679512607775 0.5724475383758545 27
1679512607888 0.5716548562049866 28
1679512607999 0.5708828568458557 29
1679512608109 0.5701057314872742 30
1679512608224 0.569398820400238 31
1679512608335 0.5687269568443298 32
1679512608452 0.5680662393569946 33
1679512608564 0.5674009323120117 34
1679512608675 0.5667703151702881 35
1679512608785 0.5662127733230591 36
1679512608902 0.5656212568283081 37
1679512609016 0.5650137066841125 38
1679512609133 0.5644986629486084 39
1679512609243 0.5639731884002686 40
1679512609356 0.5634362697601318 41
1679512609467 0.5629485249519348 42
1679512609579 0.5624692440032959 43
1679512609691 0.5619783401489258 44
1679512609806 0.5615432858467102 45
1679512609921 0.5610998272895813 46
1679512610038 0.5606878995895386 47
1679512610153 0.560255765914917 48
1679512610269 0.559824526309967 49
1679512610383 0.5594872236251831 50
1679512610491 0.5590851902961731 51
1679512610605 0.5587117671966553 52
1679512610720 0.5583347678184509 53
1679512610833 0.558007538318634 54
1679512610950 0.5575699806213379 55
1679512611073 0.5572841763496399 56
1679512611190 0.5569667816162109 57
1679512611306 0.5566760897636414 58
1679512611423 0.5563746094703674 59
1679512611548 0.5560764074325562 60
1679512611660 0.5557844042778015 61
1679512611784 0.5554563403129578 62
1679512611904 0.5552027225494385 63
1679512612028 0.5548661947250366 64
1679512612146 0.5546404719352722 65
1679512612261 0.5543650388717651 66
1679512612379 0.5541247725486755 67
1679512612492 0.5538251399993896 68
1679512612608 0.5536357164382935 69
1679512612721 0.5533913969993591 70
1679512612849 0.5531361699104309 71
1679512612959 0.5529240965843201 72
1679512613075 0.5526899695396423 73
1679512613189 0.5524595379829407 74
1679512613300 0.552253007888794 75
1679512613419 0.5520442128181458 76
1679512613533 0.5518062710762024 77
1679512613651 0.5516212582588196 78
1679512613763 0.55144864320755 79
1679512613879 0.5512022376060486 80
1679512614007 0.5510535836219788 81
1679512614122 0.5508646368980408 82
1679512614274 0.5506554245948792 83
1679512614461 0.5504613518714905 84
1679512614591 0.5502650737762451 85
1679512614732 0.5500389337539673 86
1679512614850 0.5498833656311035 87
1679512614960 0.5497226119041443 88
1679512615084 0.5496348142623901 89
1679512615198 0.549445390701294 90
1679512615306 0.5492991209030151 91
1679512615416 0.5491142272949219 92
1679512615525 0.548978865146637 93
1679512615636 0.5488166809082031 94
1679512615747 0.5486958026885986 95
1679512615865 0.5485126376152039 96
1679512615971 0.548392117023468 97
1679512616082 0.5482211709022522 98
1679512616192 0.5480801463127136 99
1679512616305 0.5479310154914856 100
1679512616417 0.5478505492210388 101
1679512616525 0.5476794242858887 102
1679512616636 0.5475703477859497 103
1679512616749 0.5474186539649963 104
1679512616858 0.5473079681396484 105
1679512616972 0.5471888184547424 106
1679512617085 0.5470359921455383 107
1679512617198 0.5469120740890503 108
1679512617308 0.5468599200248718 109
1679512617418 0.5466843843460083 110
1679512617535 0.5466423034667969 111
1679512617649 0.5465500354766846 112
1679512617761 0.5463571548461914 113
1679512617874 0.5462400913238525 114
1679512617992 0.5461252331733704 115
1679512618109 0.5460576415061951 116
1679512618220 0.545862078666687 117
1679512618335 0.5458747744560242 118
1679512618449 0.545710027217865 119
1679512618568 0.5455788969993591 120
1679512618690 0.5455294251441956 121
1679512618806 0.5454691052436829 122
1679512618919 0.5453085899353027 123
1679512619028 0.5452005863189697 124
1679512619149 0.5450863242149353 125
1679512619260 0.5450378656387329 126
1679512619372 0.5448899269104004 127
1679512619494 0.5448797345161438 128
1679512619604 0.5447621941566467 129
1679512619716 0.544629693031311 130
1679512619828 0.5445864796638489 131
1679512619945 0.5444796681404114 132
1679512620056 0.5443914532661438 133
1679512620175 0.5442629456520081 134
1679512620340 0.5442068576812744 135
1679512620465 0.5440739989280701 136
1679512620613 0.544030487537384 137
1679512620727 0.5439280271530151 138
1679512620840 0.5438273549079895 139
1679512620954 0.5438019037246704 140
1679512621069 0.5436823964118958 141
1679512621185 0.5436168909072876 142
1679512621303 0.5435989499092102 143
1679512621418 0.543495774269104 144
1679512621536 0.5434221029281616 145
1679512621647 0.5432707071304321 146
1679512621758 0.5433061122894287 147
1679512621867 0.543224036693573 148
1679512621976 0.5431361794471741 149
1679512622085 0.5430465340614319 150
1679512622195 0.5430009365081787 151
1679512622304 0.5428880453109741 152
1679512622419 0.5428149700164795 153
1679512622527 0.5427396893501282 154
1679512622636 0.5426924824714661 155
1679512622746 0.5425943732261658 156
1679512622857 0.5425662398338318 157
1679512622975 0.5425021052360535 158
1679512623085 0.5423657298088074 159
1679512623200 0.5423751473426819 160
1679512623310 0.5422369241714478 161
1679512623422 0.5422537326812744 162
1679512623531 0.5420852303504944 163
1679512623645 0.5420677661895752 164
1679512623757 0.5420226454734802 165
1679512623870 0.5420007109642029 166
1679512623976 0.5417985320091248 167
1679512624091 0.5419260859489441 168
1679512624203 0.5417273044586182 169
1679512624313 0.5417747497558594 170
1679512624443 0.5416528582572937 171
1679512624565 0.5416142344474792 172
1679512624688 0.5415499210357666 173
1679512624802 0.5414600372314453 174
1679512624915 0.5414249897003174 175
1679512625027 0.5413396954536438 176
1679512625138 0.5413122773170471 177
1679512625254 0.5412346720695496 178
1679512625365 0.5412114858627319 179
1679512625474 0.5411364436149597 180
1679512625587 0.5410875082015991 181
1679512625698 0.5410284996032715 182
1679512625809 0.5409058332443237 183
1679512625928 0.5409179329872131 184
1679512626042 0.5408487319946289 185
1679512626155 0.5407679080963135 186
1679512626265 0.5407270789146423 187
1679512626375 0.5406711101531982 188
1679512626486 0.5406305193901062 189
1679512626592 0.5405852794647217 190
1679512626707 0.5404906868934631 191
1679512626819 0.5404706001281738 192
1679512626928 0.5404070615768433 193
1679512627036 0.540334165096283 194
1679512627146 0.5403304100036621 195
1679512627265 0.5401940941810608 196
1679512627376 0.5402483940124512 197
1679512627487 0.5401611328125 198
1679512627600 0.5401182174682617 199
1679512627708 0.5400660634040833 200
1679512627819 0.540023148059845 201
1679512627930 0.5398640632629395 202
1679512628047 0.5398445725440979 203
1679512628157 0.5398470759391785 204
1679512628269 0.5398429036140442 205
1679512628380 0.5397860407829285 206
1679512628496 0.5397031307220459 207
1679512628606 0.5396208763122559 208
1679512628725 0.5396304130554199 209
1679512628836 0.5395944714546204 210
1679512628952 0.5395338535308838 211
1679512629066 0.5394523739814758 212
1679512629177 0.5394348502159119 213
1679512629289 0.5394121408462524 214
1679512629402 0.53929603099823 215
1679512629513 0.53932785987854 216
1679512629623 0.5392780900001526 217
1679512629745 0.5391499400138855 218
1679512629855 0.5391728281974792 219
1679512629963 0.5391249656677246 220
1679512630071 0.5390766859054565 221
1679512630184 0.5390308499336243 222
1679512630293 0.5390616059303284 223
1679512630406 0.5389440655708313 224
1679512630518 0.5389190316200256 225
1679512630627 0.5388392210006714 226
1679512630738 0.5388399958610535 227
1679512630851 0.5388007760047913 228
1679512630978 0.5387036204338074 229
1679512631095 0.5387194156646729 230
1679512631241 0.5386791825294495 231
1679512631359 0.5385571122169495 232
1679512631467 0.5385772585868835 233
1679512631584 0.5385333895683289 234
1679512631704 0.538449227809906 235
1679512631830 0.5384718775749207 236
1679512631951 0.5384129881858826 237
1679512632067 0.5383293032646179 238
1679512632177 0.5383015871047974 239
1679512632297 0.5382553339004517 240
1679512632416 0.538179874420166 241
1679512632546 0.5382168889045715 242
1679512632725 0.5382011532783508 243
1679512632837 0.5381661057472229 244
1679512632949 0.5381462574005127 245
1679512633059 0.5380501747131348 246
1679512633171 0.537959098815918 247
1679512633287 0.5379444360733032 248
1679512633399 0.5378759503364563 249
1679512633512 0.5378470420837402 250
1679512633627 0.5378205180168152 251
1679512633736 0.5378223657608032 252
1679512633853 0.5377371311187744 253
1679512633966 0.5377069711685181 254
1679512634074 0.5376599431037903 255
1679512634186 0.5376642942428589 256
1679512634296 0.5375984907150269 257
1679512634408 0.5376060009002686 258
1679512634518 0.5375033617019653 259
1679512634631 0.5375173091888428 260
1679512634741 0.5375065207481384 261
1679512634855 0.5374066233634949 262
1679512634964 0.5374266505241394 263
1679512635129 0.5373902320861816 264
1679512635244 0.5373150706291199 265
1679512635409 0.5372567772865295 266
1679512635525 0.5372187495231628 267
1679512635637 0.5372259020805359 268
1679512635751 0.5372027158737183 269
1679512635877 0.5371685028076172 270
1679512635997 0.5370901226997375 271
1679512636171 0.5370904803276062 272
1679512636286 0.537064254283905 273
1679512636398 0.5369543433189392 274
1679512636514 0.536922812461853 275
1679512636624 0.5370140671730042 276
1679512636739 0.5369405746459961 277
1679512636885 0.5368540287017822 278
1679512637005 0.5368562936782837 279
1679512637127 0.5368118286132812 280
1679512637241 0.5368094444274902 281
1679512637353 0.5367380976676941 282
1679512637469 0.5367591977119446 283
1679512637579 0.5367388725280762 284
1679512637706 0.5366017818450928 285
1679512637825 0.5366023778915405 286
1679512637979 0.5366047620773315 287
1679512638093 0.5365873575210571 288
1679512638204 0.5364915132522583 289
1679512638315 0.5365417003631592 290
1679512638425 0.5364640355110168 291
1679512638539 0.5364804267883301 292
1679512638665 0.5364439487457275 293
1679512638779 0.536369264125824 294
1679512638892 0.5363172292709351 295
1679512639003 0.5363012552261353 296
1679512639118 0.5362548828125 297
1679512639234 0.5362545251846313 298
1679512639349 0.5362128615379333 299
1679512639468 0.5361141562461853 300
1679512639588 0.5361216068267822 301
1679512639699 0.5361677408218384 302
1679512639809 0.5361005067825317 303
1679512639924 0.5360903143882751 304
1679512640033 0.535987913608551 305
1679512640149 0.5360130071640015 306
1679512640258 0.5359079241752625 307
1679512640371 0.5360110402107239 308
1679512640484 0.5359288454055786 309
1679512640601 0.5359270572662354 310
1679512640714 0.5358484983444214 311
1679512640832 0.535855233669281 312
1679512640954 0.535776674747467 313
1679512641069 0.535832405090332 314
1679512641183 0.5358057022094727 315
1679512641298 0.5357245206832886 316
1679512641412 0.5356501340866089 317
1679512641531 0.5357013940811157 318
1679512641640 0.5356218218803406 319
1679512641758 0.5356054306030273 320
1679512641877 0.5355238914489746 321
1679512641993 0.5355634689331055 322
1679512642108 0.5355581045150757 323
1679512642219 0.535487711429596 324
1679512642333 0.5355215072631836 325
1679512642451 0.5354905128479004 326
1679512642562 0.53546541929245 327
1679512642674 0.5354490280151367 328
1679512642784 0.5354339480400085 329
1679512642904 0.5353440642356873 330
1679512643017 0.5353655815124512 331
1679512643128 0.5353323817253113 332
1679512643240 0.5353043079376221 333
1679512643347 0.53529292345047 334
1679512643459 0.5352309346199036 335
1679512643577 0.5351232886314392 336
1679512643685 0.5352012515068054 337
1679512643797 0.5351678133010864 338
1679512643912 0.5351925492286682 339
1679512644024 0.5351287722587585 340
1679512644136 0.5351425409317017 341
1679512644247 0.5350168943405151 342
1679512644363 0.5350275039672852 343
1679512644471 0.5350276231765747 344
1679512644585 0.5350425243377686 345
1679512644712 0.5350067019462585 346
1679512644823 0.5350195169448853 347
1679512644938 0.5349531173706055 348
1679512645055 0.5348393321037292 349
1679512645170 0.5349247455596924 350
1679512645283 0.5348755717277527 351
1679512645396 0.53488689661026 352
1679512645505 0.5347693562507629 353
1679512645616 0.5348233580589294 354
1679512645729 0.5347172617912292 355
1679512645843 0.5348040461540222 356
1679512645957 0.5347055792808533 357
1679512646067 0.5347213745117188 358
1679512646188 0.5346908569335938 359
1679512646299 0.5346783995628357 360
1679512646414 0.5346141457557678 361
1679512646533 0.5345876812934875 362
1679512646647 0.5345938801765442 363
1679512646760 0.5346421003341675 364
1679512646877 0.5345691442489624 365
1679512646985 0.534588098526001 366
1679512647096 0.5345486402511597 367
1679512647208 0.5345063805580139 368
1679512647318 0.5345129370689392 369
1679512647439 0.5343884229660034 370
1679512647549 0.5344274640083313 371
1679512647662 0.5344244837760925 372
1679512647773 0.5344026684761047 373
1679512647894 0.5343707203865051 374
1679512648004 0.5343639254570007 375
1679512648116 0.5343338251113892 376
1679512648228 0.5342733263969421 377
1679512648338 0.5342859029769897 378
1679512648458 0.5343062877655029 379
1679512648575 0.5342534184455872 380
1679512648686 0.5342555046081543 381
1679512648797 0.5342653393745422 382
1679512648911 0.5341646671295166 383
1679512649021 0.5341171026229858 384
1679512649133 0.5342270731925964 385
1679512649245 0.5341318249702454 386
1679512649360 0.5341233611106873 387
1679512649476 0.5341364145278931 388
1679512649589 0.5340548157691956 389
1679512649707 0.5340328216552734 390
1679512649819 0.5340221524238586 391
1679512649935 0.5340415239334106 392
1679512650051 0.5340182781219482 393
1679512650161 0.5340018272399902 394
1679512650281 0.5338628888130188 395
1679512650397 0.5339340567588806 396
1679512650511 0.5339269638061523 397
1679512650622 0.5339212417602539 398
1679512650735 0.5338780879974365 399
1679512650849 0.5338239073753357 400
1679512650964 0.533836841583252 401
1679512651073 0.5338171124458313 402
1679512651185 0.5337269902229309 403
1679512651293 0.533845841884613 404
1679512651403 0.5338436365127563 405
1679512651513 0.5337592363357544 406
1679512651627 0.5336613059043884 407
1679512651751 0.5337278842926025 408
1679512651875 0.5336780548095703 409
1679512651985 0.5336994528770447 410
1679512652096 0.5336611866950989 411
1679512652208 0.5336045622825623 412
1679512652320 0.5336019396781921 413
1679512652432 0.5335128903388977 414
1679512652545 0.5336287617683411 415
1679512652662 0.5335279703140259 416
1679512652771 0.5336061120033264 417
1679512652889 0.5335649251937866 418
1679512653009 0.5334981679916382 419
1679512653123 0.533483624458313 420
1679512653237 0.5335016250610352 421
1679512653352 0.5334785580635071 422
1679512653474 0.5333715677261353 423
1679512653591 0.53341144323349 424
1679512653707 0.5334035158157349 425
1679512653826 0.5333915948867798 426
1679512653942 0.5333259105682373 427
1679512654054 0.5333643555641174 428
1679512654165 0.5333724021911621 429
1679512654290 0.5334351062774658 430
1679512654410 0.5333176255226135 431
1679512654528 0.5332760810852051 432
1679512654648 0.5332324504852295 433
1679512654770 0.5332908630371094 434
1679512654892 0.5332463383674622 435
1679512655016 0.5331993699073792 436
1679512655130 0.5332268476486206 437
1679512655238 0.5332132577896118 438
1679512655346 0.533149242401123 439
1679512655457 0.5330647826194763 440
1679512655576 0.5331598520278931 441
1679512655691 0.533168375492096 442
1679512655810 0.5330892205238342 443
1679512655919 0.5331419110298157 444
1679512656031 0.5330961346626282 445
1679512656145 0.5331001877784729 446
1679512656266 0.533025860786438 447
1679512656381 0.5330116152763367 448
1679512656495 0.5330474972724915 449
1679512656618 0.5330299139022827 450
1679512656736 0.5329824686050415 451
1679512656848 0.5330758094787598 452
1679512656958 0.5330125689506531 453
1679512657073 0.5329755544662476 454
1679512657183 0.532887876033783 455
1679512657298 0.5328779220581055 456
1679512657414 0.532886803150177 457
1679512657533 0.5328681468963623 458
1679512657644 0.5328500270843506 459
1679512657756 0.5328028798103333 460
1679512657865 0.5327925086021423 461
1679512657977 0.5328072309494019 462
1679512658096 0.5328496694564819 463
1679512658207 0.5327351689338684 464
1679512658318 0.5328571796417236 465
1679512658429 0.5328350067138672 466
1679512658539 0.5327913165092468 467
1679512658648 0.5328238606452942 468
1679512658759 0.5326487421989441 469
1679512658869 0.5326486825942993 470
1679512658983 0.5327070951461792 471
1679512659101 0.5327194929122925 472
1679512659222 0.5326910614967346 473
1679512659339 0.5325937867164612 474
1679512659459 0.5326325297355652 475
1679512659583 0.5326753258705139 476
1679512659695 0.532669723033905 477
1679512659806 0.5326677560806274 478
1679512659922 0.5325055122375488 479
1679512660033 0.5326157808303833 480
1679512660146 0.5325837731361389 481
1679512660259 0.5325328707695007 482
1679512660369 0.5326341986656189 483
1679512660480 0.532513439655304 484
1679512660589 0.5325146913528442 485
1679512660700 0.5325049757957458 486
1679512660813 0.5324691534042358 487
1679512660934 0.5324671864509583 488
1679512661052 0.5323694944381714 489
1679512661165 0.5324382185935974 490
1679512661278 0.5324262380599976 491
1679512661389 0.5322734117507935 492
1679512661505 0.5324982404708862 493
1679512661620 0.532370388507843 494
1679512661731 0.5323294997215271 495
1679512661847 0.5322728157043457 496
1679512661960 0.5323836207389832 497
1679512662071 0.5323677659034729 498
1679512662182 0.5323075652122498 499
1679512662292 0.5322895646095276 500
1679512662409 0.5323163866996765 501
1679512662522 0.5322840213775635 502
1679512662638 0.5322981476783752 503
1679512662748 0.5323224067687988 504
1679512662856 0.532274067401886 505
1679512662965 0.532218873500824 506
1679512663072 0.5322248339653015 507
1679512663186 0.5321915745735168 508
1679512663297 0.5322548747062683 509
1679512663415 0.5321613550186157 510
1679512663526 0.5320847034454346 511
1679512663635 0.532164990901947 512
1679512663752 0.5322028398513794 513
1679512663862 0.5320922136306763 514
1679512663974 0.5321507453918457 515
1679512664086 0.5321231484413147 516
1679512664199 0.5320467352867126 517
1679512664313 0.5321268439292908 518
1679512664425 0.5321418046951294 519
1679512664535 0.5320717096328735 520
1679512664648 0.5320460796356201 521
1679512664762 0.532111644744873 522
1679512664877 0.5320605039596558 523
1679512664992 0.5320174694061279 524
1679512665115 0.5320348739624023 525
1679512665226 0.5319560170173645 526
1679512665335 0.5319021940231323 527
1679512665445 0.5320006012916565 528
1679512665560 0.5319598913192749 529
1679512665670 0.5319728255271912 530
1679512665784 0.5320201516151428 531
1679512665894 0.5319727659225464 532
1679512666009 0.5319132208824158 533
1679512666119 0.5318939089775085 534
1679512666234 0.5319291949272156 535
1679512666344 0.5318916440010071 536
1679512666468 0.5318770408630371 537
1679512666579 0.5318164825439453 538
1679512666689 0.5318678021430969 539
1679512666801 0.531744122505188 540
1679512666913 0.5318034291267395 541
1679512667027 0.531825065612793 542
1679512667138 0.5318056344985962 543
1679512667252 0.5318002104759216 544
1679512667362 0.5318536162376404 545
1679512667473 0.5318297147750854 546
1679512667585 0.5317609310150146 547
1679512667697 0.5317258238792419 548
1679512667810 0.5317046046257019 549
1679512667964 0.5317708849906921 550
1679512668082 0.5316512584686279 551
1679512668194 0.5317360162734985 552
1679512668305 0.531783938407898 553
1679512668418 0.5316933393478394 554
1679512668534 0.5317105650901794 555
1679512668645 0.5316647887229919 556
1679512668758 0.5316503047943115 557
1679512668874 0.531701385974884 558
1679512668986 0.531617283821106 559
1679512669099 0.5316098928451538 560
1679512669218 0.5316053032875061 561
1679512669331 0.5316400527954102 562
1679512669444 0.5315902829170227 563
1679512669555 0.5315950512886047 564
1679512669665 0.5316238403320312 565
1679512669777 0.5315231680870056 566
1679512669889 0.5315030813217163 567
1679512669999 0.5315524339675903 568
1679512670112 0.5315644145011902 569
1679512670224 0.5314883589744568 570
1679512670339 0.531593918800354 571
1679512670458 0.5314900279045105 572
1679512670568 0.5315430760383606 573
1679512670682 0.5314575433731079 574
1679512670796 0.5315825939178467 575
1679512670912 0.5314806699752808 576
1679512671022 0.5315036773681641 577
1679512671137 0.5314663648605347 578
1679512671248 0.5314537882804871 579
1679512671362 0.5313990116119385 580
1679512671473 0.5313746333122253 581
1679512671590 0.5313767790794373 582
1679512671704 0.531447172164917 583
1679512671820 0.5314493179321289 584
1679512671930 0.5313305258750916 585
1679512672042 0.5313394069671631 586
1679512672160 0.5313241481781006 587
1679512672280 0.5313437581062317 588
1679512672392 0.5313006639480591 589
1679512672504 0.5313068628311157 590
1679512672615 0.5312460064888 591
1679512672729 0.5313342213630676 592
1679512672839 0.5312153697013855 593
1679512672954 0.5313166379928589 594
1679512673079 0.5312498211860657 595
1679512673192 0.5312691926956177 596
1679512673302 0.5312531590461731 597
1679512673415 0.5312415361404419 598
1679512673526 0.5311545729637146 599
1679512673636 0.5311980247497559 600
1679512673753 0.531173586845398 601
1679512673862 0.5312954187393188 602
1679512673974 0.5312411785125732 603
1679512674088 0.5310773849487305 604
1679512674201 0.5312138795852661 605
1679512674319 0.5311312079429626 606
1679512674436 0.5311819314956665 607
1679512674550 0.5310949683189392 608
1679512674660 0.5311705470085144 609
1679512674769 0.5311245918273926 610
1679512674881 0.5310977101325989 611
1679512674994 0.5310575366020203 612
1679512675106 0.5310671925544739 613
1679512675215 0.531043529510498 614
1679512675328 0.5310661792755127 615
1679512675440 0.5310496091842651 616
1679512675554 0.5310554504394531 617
1679512675671 0.53105229139328 618
1679512675779 0.5309900045394897 619
1679512675892 0.5309828519821167 620
1679512676007 0.5309885740280151 621
1679512676121 0.5310210585594177 622
1679512676240 0.5309602618217468 623
1679512676354 0.5309861302375793 624
1679512676477 0.5309443473815918 625
1679512676591 0.5309341549873352 626
1679512676713 0.5308823585510254 627
1679512676828 0.5309253334999084 628
1679512676951 0.530947744846344 629
1679512677069 0.530856728553772 630
1679512677184 0.5308746695518494 631
1679512677300 0.5308117270469666 632
1679512677416 0.5308308005332947 633
1679512677530 0.5308005213737488 634
1679512677638 0.5308232307434082 635
1679512677754 0.5308185815811157 636
1679512677864 0.5307469964027405 637
1679512677978 0.5307624340057373 638
1679512678099 0.530764639377594 639
1679512678213 0.530805766582489 640
1679512678332 0.5308202505111694 641
1679512678444 0.5307738184928894 642
1679512678555 0.5307456851005554 643
1679512678670 0.5306216478347778 644
1679512678785 0.5307332277297974 645
1679512678901 0.5307310819625854 646
1679512679017 0.5306403636932373 647
1679512679128 0.5306406617164612 648
1679512679250 0.5306627154350281 649
1679512679360 0.5306288599967957 650
1679512679472 0.5306824445724487 651
1679512679589 0.5306713581085205 652
1679512679704 0.5306243300437927 653
1679512679814 0.5306254625320435 654
1679512679927 0.5305618047714233 655
1679512680041 0.5305414199829102 656
1679512680157 0.5305539965629578 657
1679512680272 0.5305350422859192 658
1679512680396 0.5305482149124146 659
1679512680509 0.5305816531181335 660
1679512680617 0.5305978059768677 661
1679512680729 0.5304737091064453 662
1679512680844 0.5305173397064209 663
1679512680955 0.5304443836212158 664
1679512681066 0.5304785966873169 665
1679512681177 0.5304789543151855 666
1679512681286 0.5304622650146484 667
1679512681398 0.5303096175193787 668
1679512681520 0.5304584503173828 669
1679512681634 0.5303875207901001 670
1679512681745 0.5303501486778259 671
1679512681855 0.530403196811676 672
1679512681971 0.5304540395736694 673
1679512682082 0.5303918123245239 674
1679512682197 0.5302925705909729 675
1679512682307 0.5303515791893005 676
1679512682415 0.5303751826286316 677
1679512682525 0.5303786396980286 678
1679512682642 0.5304330587387085 679
1679512682755 0.5303045511245728 680
1679512682869 0.5302918553352356 681
1679512682993 0.5302658081054688 682
1679512683105 0.5303834080696106 683
1679512683218 0.5302706360816956 684
1679512683328 0.5303190350532532 685
1679512683440 0.530275821685791 686
1679512683554 0.5302701592445374 687
1679512683669 0.5302901864051819 688
1679512683786 0.5302903056144714 689
1679512683898 0.5302246809005737 690
1679512684017 0.5302192568778992 691
1679512684131 0.5301111340522766 692
1679512684245 0.5302902460098267 693
1679512684362 0.5302497148513794 694
1679512684476 0.5301468968391418 695
1679512684591 0.5301480293273926 696
1679512684702 0.5302162766456604 697
1679512684823 0.5300824046134949 698
1679512684935 0.5301705002784729 699
1679512685057 0.5301780700683594 700
1679512685178 0.530105710029602 701
1679512685289 0.5301849246025085 702
1679512685401 0.5299964547157288 703
1679512685512 0.5300249457359314 704
1679512685623 0.530076801776886 705
1679512685739 0.5301005244255066 706
1679512685849 0.5300483703613281 707
1679512685967 0.5300549864768982 708
1679512686078 0.5300233364105225 709
1679512686186 0.5300853848457336 710
1679512686306 0.5300318598747253 711
1679512686421 0.5300179123878479 712
1679512686536 0.5301197171211243 713
1679512686646 0.5299574732780457 714
1679512686758 0.5299330353736877 715
1679512686871 0.5299899578094482 716
1679512686984 0.5300134420394897 717
1679512687103 0.5299292206764221 718
1679512687213 0.5298473834991455 719
1679512687324 0.5299568772315979 720
1679512687439 0.5299574136734009 721
1679512687550 0.5299174189567566 722
1679512687659 0.5298691391944885 723
1679512687767 0.5297712087631226 724
1679512687877 0.5299093723297119 725
1679512687990 0.5298132300376892 726
1679512688116 0.5298353433609009 727
1679512688231 0.5298857092857361 728
1679512688349 0.5298987030982971 729
1679512688461 0.5297683477401733 730
1679512688577 0.5297437310218811 731
1679512688690 0.5298546552658081 732
1679512688806 0.5297605991363525 733
1679512688919 0.5297194123268127 734
1679512689034 0.5297825932502747 735
1679512689164 0.5297173857688904 736
1679512689278 0.5298175811767578 737
1679512689392 0.5297711491584778 738
1679512689507 0.5297091603279114 739
1679512689622 0.5297014117240906 740
1679512689739 0.5296494960784912 741
1679512689851 0.5296460390090942 742
1679512689961 0.5296604037284851 743
1679512690071 0.5296276211738586 744
1679512690188 0.5297824740409851 745
1679512690304 0.5296474695205688 746
1679512690420 0.5296108722686768 747
1679512690533 0.5296465754508972 748
1679512690643 0.5296438336372375 749
1679512690753 0.5295472145080566 750
1679512690874 0.529675304889679 751
1679512690985 0.5296242237091064 752
1679512691096 0.5295360088348389 753
1679512691218 0.5296671390533447 754
1679512691329 0.5295531749725342 755
1679512691441 0.5295563340187073 756
1679512691550 0.5295628309249878 757
1679512691662 0.5296122431755066 758
1679512691771 0.529580295085907 759
1679512691881 0.5294698476791382 760
1679512691994 0.5295475721359253 761
1679512692117 0.5294495224952698 762
1679512692228 0.5295388698577881 763
1679512692339 0.5294537544250488 764
1679512692465 0.5294318199157715 765
1679512692582 0.529473602771759 766
1679512692693 0.529442548751831 767
1679512692805 0.5294352173805237 768
1679512692916 0.5294457077980042 769
1679512693028 0.5294927954673767 770
1679512693144 0.529438853263855 771
1679512693262 0.529491126537323 772
1679512693375 0.5294161438941956 773
1679512693488 0.5294022560119629 774
1679512693608 0.5294032692909241 775
1679512693726 0.5293788909912109 776
1679512693840 0.5293681621551514 777
1679512693952 0.5294087529182434 778
1679512694063 0.5293211936950684 779
1679512694179 0.5293406248092651 780
1679512694289 0.5293237566947937 781
1679512694410 0.5293700695037842 782
1679512694529 0.5294220447540283 783
1679512694641 0.5292409658432007 784
1679512694756 0.5292764902114868 785
1679512694868 0.5293301343917847 786
1679512694987 0.52933269739151 787
1679512695101 0.529279351234436 788
1679512695213 0.5293157696723938 789
1679512695322 0.5294303297996521 790
1679512695447 0.529217541217804 791
1679512695560 0.5291743874549866 792
1679512695672 0.529269278049469 793
1679512695783 0.5292362570762634 794
1679512695899 0.5292168259620667 795
1679512696013 0.5293378233909607 796
1679512696122 0.5292026996612549 797
1679512696233 0.5292350053787231 798
1679512696344 0.5291656851768494 799
1679512696475 0.5291277766227722 800
1679512696592 0.5292137265205383 801
1679512696705 0.5291121006011963 802
1679512696816 0.5290418863296509 803
1679512696928 0.5292259454727173 804
1679512697042 0.5291587114334106 805
1679512697154 0.5291233658790588 806
1679512697267 0.5291627645492554 807
1679512697388 0.5291803479194641 808
1679512697501 0.5291152596473694 809
1679512697616 0.5290525555610657 810
1679512697724 0.529123067855835 811
1679512697837 0.5289784073829651 812
1679512697996 0.529109537601471 813
1679512698112 0.5290405750274658 814
1679512698221 0.5291045904159546 815
1679512698332 0.5291512608528137 816
1679512698447 0.5290367603302002 817
1679512698569 0.5289335250854492 818
1679512698682 0.5289587378501892 819
1679512698793 0.529058039188385 820
1679512698902 0.5290695428848267 821
1679512699014 0.5289329886436462 822
1679512699123 0.5290684103965759 823
1679512699238 0.5290231108665466 824
1679512699348 0.5290358662605286 825
1679512699462 0.5289928317070007 826
1679512699574 0.5289115905761719 827
1679512699689 0.5289582014083862 828
1679512699806 0.5289603471755981 829
1679512699915 0.5289329886436462 830
1679512700026 0.5289098024368286 831
1679512700137 0.5288960337638855 832
1679512700252 0.5289583802223206 833
1679512700362 0.5288347601890564 834
1679512700477 0.528940737247467 835
1679512700600 0.5289883017539978 836
1679512700727 0.5288958549499512 837
1679512700839 0.5288184285163879 838
1679512700950 0.5288100838661194 839
1679512701063 0.5289871692657471 840
1679512701176 0.5287721753120422 841
1679512701287 0.5288727879524231 842
1679512701396 0.5289154648780823 843
1679512701506 0.5288123488426208 844
1679512701623 0.5287961959838867 845
1679512701736 0.528857409954071 846
1679512701848 0.5287497639656067 847
1679512701959 0.5288660526275635 848
1679512702075 0.528908908367157 849
1679512702186 0.5289124846458435 850
1679512702300 0.5288049578666687 851
1679512702412 0.5288122892379761 852
1679512702528 0.5287177562713623 853
1679512702640 0.528791069984436 854
1679512702752 0.5288208723068237 855
1679512702862 0.5287178754806519 856
1679512702976 0.5287944674491882 857
1679512703090 0.5287541151046753 858
1679512703208 0.5287958979606628 859
1679512703323 0.5286871194839478 860
1679512703433 0.5287216901779175 861
1679512703550 0.528712809085846 862
1679512703664 0.5287150740623474 863
1679512703777 0.5287423133850098 864
1679512703887 0.5286927819252014 865
1679512703997 0.528794527053833 866
1679512704109 0.5287232398986816 867
1679512704222 0.5286409258842468 868
1679512704335 0.5287068486213684 869
1679512704456 0.5288034081459045 870
1679512704577 0.5286651849746704 871
1679512704690 0.5287312865257263 872
1679512704802 0.5286745429039001 873
1679512704913 0.5285248756408691 874
1679512705023 0.5286265015602112 875
1679512705135 0.5285959839820862 876
1679512705249 0.5286393761634827 877
1679512705366 0.5286409258842468 878
1679512705479 0.5286074876785278 879
1679512705591 0.5285732746124268 880
1679512705711 0.5284884572029114 881
1679512705821 0.5285218358039856 882
1679512705933 0.528584361076355 883
1679512706043 0.5285082459449768 884
1679512706158 0.5286253094673157 885
1679512706272 0.5285227298736572 886
1679512706391 0.528556227684021 887
1679512706500 0.5285462737083435 888
1679512706615 0.5286080241203308 889
1679512706734 0.5285219550132751 890
1679512706843 0.5284942388534546 891
1679512706954 0.5284597277641296 892
1679512707068 0.5285311341285706 893
1679512707181 0.5285016298294067 894
1679512707299 0.5284412503242493 895
1679512707411 0.5284491777420044 896
1679512707521 0.5284306406974792 897
1679512707630 0.5284688472747803 898
1679512707742 0.5285034775733948 899
1679512707851 0.5285508036613464 900
1679512707961 0.5284548401832581 901
1679512708072 0.5284429788589478 902
1679512708188 0.5284187197685242 903
1679512708315 0.5284363031387329 904
1679512708430 0.5283829569816589 905
1679512708542 0.5283785462379456 906
1679512708655 0.528323769569397 907
1679512708771 0.5284148454666138 908
1679512708883 0.5282588005065918 909
1679512708996 0.5284425616264343 910
1679512709111 0.5284592509269714 911
1679512709223 0.5283849239349365 912
1679512709344 0.5283474326133728 913
1679512709459 0.5283580422401428 914
1679512709573 0.5284995436668396 915
1679512709682 0.5283466577529907 916
1679512709792 0.5283203721046448 917
1679512709904 0.5283468961715698 918
1679512710019 0.5282382965087891 919
1679512710128 0.5282900929450989 920
1679512710248 0.5282519459724426 921
1679512710357 0.5283648371696472 922
1679512710470 0.5282293558120728 923
1679512710581 0.5282031297683716 924
1679512710694 0.5283105969429016 925
1679512710807 0.5281795859336853 926
1679512710921 0.5281911492347717 927
1679512711033 0.5283632874488831 928
1679512711146 0.5283095836639404 929
1679512711257 0.5283228158950806 930
1679512711371 0.5283066034317017 931
1679512711485 0.5282232761383057 932
1679512711600 0.528195858001709 933
1679512711712 0.5281783938407898 934
1679512711824 0.5281223654747009 935
1679512711938 0.5282589793205261 936
1679512712052 0.5281046628952026 937
1679512712166 0.5282230973243713 938
1679512712288 0.5281581282615662 939
1679512712404 0.5282073020935059 940
1679512712515 0.5281659364700317 941
1679512712632 0.5282567739486694 942
1679512712743 0.5281288623809814 943
1679512712855 0.5281251072883606 944
1679512712991 0.5281356573104858 945
1679512713103 0.5281565189361572 946
1679512713223 0.5280312895774841 947
1679512713332 0.5280798077583313 948
1679512713447 0.5281515717506409 949
1679512713557 0.5281485915184021 950
1679512713670 0.5281904339790344 951
1679512713785 0.5281351804733276 952
1679512713900 0.5279593467712402 953
1679512714009 0.5280071496963501 954
1679512714119 0.5280969142913818 955
1679512714239 0.5280287265777588 956
1679512714354 0.5280199646949768 957
1679512714465 0.5280556082725525 958
1679512714575 0.5281223058700562 959
1679512714687 0.5281726717948914 960
1679512714813 0.5279965996742249 961
1679512714923 0.5280452370643616 962
1679512715032 0.5280589461326599 963
1679512715151 0.5279054045677185 964
1679512715265 0.5281322598457336 965
1679512715376 0.5280886888504028 966
1679512715490 0.527957558631897 967
1679512715600 0.5279783010482788 968
1679512715720 0.527999222278595 969
1679512715829 0.5280147790908813 970
1679512715947 0.5279428958892822 971
1679512716059 0.528068482875824 972
1679512716175 0.5279334187507629 973
1679512716287 0.5279852151870728 974
1679512716398 0.5279626250267029 975
1679512716514 0.5279377102851868 976
1679512716629 0.5279370546340942 977
1679512716738 0.5279756784439087 978
1679512716852 0.5278947353363037 979
1679512716971 0.5278711318969727 980
1679512717083 0.5278077125549316 981
1679512717196 0.5278892517089844 982
1679512717310 0.5279476046562195 983
1679512717424 0.5278295874595642 984
1679512717539 0.5279134511947632 985
1679512717653 0.5279151797294617 986
1679512717785 0.5279486179351807 987
1679512717897 0.5278165936470032 988
1679512718014 0.5278018116950989 989
1679512718125 0.527818500995636 990
1679512718235 0.5278554558753967 991
1679512718345 0.5278058052062988 992
1679512718458 0.5278774499893188 993
1679512718568 0.5278544425964355 994
1679512718685 0.5277451872825623 995
1679512718794 0.5278024673461914 996
1679512718915 0.5277307629585266 997
1679512719026 0.52774977684021 998
1679512719140 0.5276865363121033 999
