1679511035123 0.7142584919929504 0
1679511035229 0.7374979853630066 1
1679511035333 0.7390558123588562 2
1679511035444 0.7392942309379578 3
1679511035549 0.7397711277008057 4
1679511035655 0.7414083480834961 5
1679511035762 0.7415196299552917 6
1679511035863 0.741885244846344 7
1679511035967 0.7422190308570862 8
1679511036070 0.7432522773742676 9
1679511036178 0.7427912950515747 10
1679511036283 0.7438086271286011 11
1679511036389 0.7443490624427795 12
1679511036498 0.7440470457077026 13
1679511036603 0.7449690103530884 14
1679511036705 0.7457956075668335 15
1679511036811 0.7464314103126526 16
1679511036914 0.7457320094108582 17
1679511037023 0.7464314103126526 18
1679511037135 0.7465108633041382 19
1679511037244 0.7469241619110107 20
1679511037355 0.7474964261054993 21
1679511037464 0.7465744614601135 22
1679511037579 0.7474169731140137 23
1679511037686 0.7478143572807312 24
1679511037796 0.7480210065841675 25
1679511037903 0.7470513582229614 26
1679511038010 0.7478778958320618 27
1679511038114 0.7490541934967041 28
1679511038219 0.7481481432914734 29
1679511038325 0.7474169731140137 30
1679511038428 0.7480527758598328 31
1679511038534 0.748418390750885 32
1679511038640 0.748418390750885 33
1679511038752 0.7481322288513184 34
1679511038862 0.7490701079368591 35
1679511038968 0.7492926120758057 36
1679511039077 0.7497535943984985 37
1679511039188 0.7488952279090881 38
1679511039298 0.7497218251228333 39
1679511039405 0.7491813898086548 40
1679511039517 0.7493085265159607 41
1679511039624 0.7497695088386536 42
1679511039730 0.7495628595352173 43
1679511039836 0.7498012781143188 44
1679511039943 0.7499125599861145 45
1679511040050 0.7497059106826782 46
1679511040163 0.7493244409561157 47
1679511040271 0.7498648762702942 48
1679511040382 0.7494834065437317 49
1679511040497 0.7497218251228333 50
1679511040611 0.7495469450950623 51
1679511040720 0.7493403553962708 52
1679511040826 0.7499443888664246 53
1679511040932 0.7500556111335754 54
1679511041042 0.7501192092895508 55
1679511041148 0.7499125599861145 56
1679511041256 0.7500079274177551 57
1679511041367 0.7505961060523987 58
1679511041480 0.7501987218856812 59
1679511041583 0.7505961060523987 60
1679511041688 0.7498648762702942 61
1679511041792 0.7499602437019348 62
1679511041897 0.7506119608879089 63
1679511042009 0.7507232427597046 64
1679511042110 0.7510411739349365 65
1679511042220 0.7498012781143188 66
1679511042330 0.7501828074455261 67
1679511042435 0.7504530549049377 68
1679511042544 0.7504053115844727 69
1679511042649 0.7499761581420898 70
1679511042751 0.7507550716400146 71
1679511042867 0.7512159943580627 72
1679511042975 0.7507391571998596 73
1679511043078 0.7509139776229858 74
1679511043180 0.7504053115844727 75
1679511043283 0.7510094046592712 76
1679511043385 0.7503894567489624 77
1679511043499 0.7504371404647827 78
1679511043600 0.7513591051101685 79
1679511043708 0.7509934902191162 80
1679511043813 0.7509298920631409 81
1679511043918 0.7508981227874756 82
1679511044024 0.7514703273773193 83
1679511044134 0.7509139776229858 84
1679511044242 0.7502464056015015 85
1679511044347 0.7510094046592712 86
1679511044450 0.7508186101913452 87
1679511044558 0.7510729432106018 88
1679511044662 0.7509617209434509 89
1679511044771 0.7508662939071655 90
1679511044878 0.7515498399734497 91
1679511044983 0.7506914734840393 92
1679511045090 0.7505165934562683 93
1679511045194 0.7512795925140381 94
1679511045301 0.7505961060523987 95
1679511045421 0.7508186101913452 96
1679511045534 0.7508981227874756 97
1679511045642 0.751422643661499 98
1679511045751 0.7512159943580627 99
