1679511035123 0.5672726631164551 0
1679511035229 0.5251256823539734 1
1679511035333 0.5226196050643921 2
1679511035444 0.5210973620414734 3
1679511035549 0.5205132961273193 4
1679511035655 0.5196007490158081 5
1679511035762 0.5187951326370239 6
1679511035863 0.5178989768028259 7
1679511035967 0.5177075862884521 8
1679511036070 0.5178517699241638 9
1679511036178 0.5171025395393372 10
1679511036283 0.5164026021957397 11
1679511036389 0.5158513188362122 12
1679511036498 0.5153428912162781 13
1679511036603 0.5150846242904663 14
1679511036705 0.5144714713096619 15
1679511036811 0.5139000415802002 16
1679511036914 0.513667643070221 17
1679511037023 0.5138847231864929 18
1679511037135 0.5127478837966919 19
1679511037244 0.5123980641365051 20
1679511037355 0.5120582580566406 21
1679511037464 0.5120123028755188 22
1679511037579 0.5118882060050964 23
1679511037686 0.5112249255180359 24
1679511037796 0.5110708475112915 25
1679511037903 0.5107374787330627 26
1679511038010 0.5108604431152344 27
1679511038114 0.5099546313285828 28
1679511038219 0.5099148750305176 29
1679511038325 0.5099877715110779 30
1679511038428 0.5095885396003723 31
1679511038534 0.5091804265975952 32
1679511038640 0.5093806385993958 33
1679511038752 0.50942063331604 34
1679511038862 0.5091112852096558 35
1679511038968 0.5091266632080078 36
1679511039077 0.508437991142273 37
1679511039188 0.508447527885437 38
1679511039298 0.5082155466079712 39
1679511039405 0.5081356167793274 40
1679511039517 0.5081052184104919 41
1679511039624 0.5085728168487549 42
1679511039730 0.5080844759941101 43
1679511039836 0.507996141910553 44
1679511039943 0.5074659585952759 45
1679511040050 0.5080655813217163 46
1679511040163 0.5077720284461975 47
1679511040271 0.5073453187942505 48
1679511040382 0.5072872042655945 49
1679511040497 0.5074518322944641 50
1679511040611 0.5073345899581909 51
1679511040720 0.5070667266845703 52
1679511040826 0.5071457028388977 53
1679511040932 0.5070227384567261 54
1679511041042 0.5072558522224426 55
1679511041148 0.5065380930900574 56
1679511041256 0.5068041682243347 57
1679511041367 0.5068279504776001 58
1679511041480 0.5068125128746033 59
1679511041583 0.5067166686058044 60
1679511041688 0.5068684220314026 61
1679511041792 0.5068812370300293 62
1679511041897 0.5065304040908813 63
1679511042009 0.506798267364502 64
1679511042110 0.5063591003417969 65
1679511042220 0.5063697695732117 66
1679511042330 0.5063560009002686 67
1679511042435 0.5064989924430847 68
1679511042544 0.5060080289840698 69
1679511042649 0.5057371854782104 70
1679511042751 0.5062246918678284 71
1679511042867 0.505815327167511 72
1679511042975 0.5059804916381836 73
1679511043078 0.5059714317321777 74
1679511043180 0.5056845545768738 75
1679511043283 0.5058075189590454 76
1679511043385 0.5056817531585693 77
1679511043499 0.5057232975959778 78
1679511043600 0.505430281162262 79
1679511043708 0.5053721070289612 80
1679511043813 0.505667507648468 81
1679511043918 0.5058467984199524 82
1679511044024 0.5054702162742615 83
1679511044134 0.5055970549583435 84
1679511044242 0.5058215260505676 85
1679511044347 0.5053189992904663 86
1679511044450 0.5055868029594421 87
1679511044558 0.5054868459701538 88
1679511044662 0.5055110454559326 89
1679511044771 0.5054239630699158 90
1679511044878 0.5051069855690002 91
1679511044983 0.5051363110542297 92
1679511045090 0.505477249622345 93
1679511045194 0.505323588848114 94
1679511045301 0.5054372549057007 95
1679511045421 0.5051607489585876 96
1679511045534 0.5051702857017517 97
1679511045642 0.5052478909492493 98
1679511045751 0.5048395395278931 99
