1679506257485 0.6935781240463257 0
1679506257585 0.7051025032997131 1
1679506257690 0.7113336324691772 2
1679506257793 0.7304880023002625 3
1679506257895 0.7348752021789551 4
1679506257996 0.7357971668243408 5
1679506258110 0.737418532371521 6
1679506258213 0.7377841472625732 7
1679506258315 0.7378795146942139 8
1679506258417 0.7383404970169067 9
1679506258518 0.7386425137519836 10
1679506258619 0.7389762997627258 11
1679506258718 0.7390239834785461 12
1679506258818 0.7395803332328796 13
1679506258921 0.7397392988204956 14
1679506259023 0.7399300336837769 15
1679506259123 0.7399459481239319 16
1679506259224 0.7403910160064697 17
1679506259327 0.7402638792991638 18
1679506259437 0.7400572299957275 19
1679506259539 0.7402320504188538 20
1679506259642 0.7402002811431885 21
1679506259746 0.7401843667030334 22
1679506259846 0.7401685118675232 23
1679506259951 0.7408361434936523 24
1679506260057 0.7409473657608032 25
1679506260166 0.7405022978782654 26
1679506260274 0.7412652969360352 27
1679506260383 0.7404863834381104 28
1679506260488 0.7409791946411133 29
1679506260593 0.7414719462394714 30
1679506260698 0.7413447499275208 31
1679506260808 0.7411699295043945 32
1679506260910 0.7415196299552917 33
1679506261017 0.7418057322502136 34
1679506261125 0.7413447499275208 35
1679506261234 0.7418216466903687 36
1679506261343 0.7423620820045471 37
1679506261459 0.7415196299552917 38
1679506261564 0.7421236634254456 39
1679506261671 0.7418375611305237 40
1679506261773 0.7416945099830627 41
1679506261876 0.7419646978378296 42
1679506261977 0.7423620820045471 43
1679506262085 0.7423779964447021 44
1679506262191 0.7421872615814209 45
1679506262300 0.7425051927566528 46
1679506262415 0.7422667145729065 47
1679506262548 0.7423143982887268 48
1679506262657 0.743013858795166 49
1679506262774 0.7424256801605225 50
1679506262928 0.7424574494361877 51
1679506263092 0.7428707480430603 52
1679506263208 0.7430297136306763 53
1679506263309 0.7427753806114197 54
1679506263417 0.7430297136306763 55
1679506263522 0.7429343461990356 56
1679506263631 0.7430933117866516 57
1679506263744 0.7433317303657532 58
1679506263852 0.7432363629341125 59
1679506263957 0.7431886792182922 60
1679506264062 0.7430615425109863 61
1679506264167 0.7431250810623169 62
1679506264268 0.7433317303657532 63
1679506264371 0.7434112429618835 64
1679506264475 0.7432840466499329 65
1679506264578 0.7431727647781372 66
1679506264680 0.7434430122375488 67
1679506264785 0.7435383796691895 68
1679506264894 0.7436337471008301 69
1679506264999 0.743951678276062 70
1679506265105 0.7435224652290344 71
1679506265210 0.7437132596969604 72
1679506265312 0.7439993619918823 73
1679506265417 0.744126558303833 74
1679506265524 0.7438563108444214 75
1679506265624 0.7437609434127808 76
1679506265734 0.743967592716217 77
1679506265839 0.7443331480026245 78
1679506265942 0.7445874810218811 79
1679506266044 0.7442854642868042 80
1679506266146 0.7443172931671143 81
1679506266256 0.744110643863678 82
1679506266361 0.7444921135902405 83
1679506266464 0.7441900968551636 84
1679506266566 0.7443331480026245 85
1679506266666 0.7445397973060608 86
1679506266768 0.744094729423523 87
1679506266875 0.7446669936180115 88
1679506266984 0.744269609451294 89
1679506267089 0.7444762587547302 90
1679506267196 0.7448577284812927 91
1679506267303 0.7443649768829346 92
1679506267413 0.7447146773338318 93
1679506267521 0.7449372410774231 94
1679506267623 0.7449372410774231 95
1679506267726 0.7447464466094971 96
1679506267832 0.7448259592056274 97
1679506267942 0.744889497756958 98
1679506268056 0.7453346252441406 99
1679506268162 0.7444762587547302 100
1679506268274 0.7452869415283203 101
1679506268380 0.745064377784729 102
1679506268490 0.7449849247932434 103
1679506268592 0.7453504800796509 104
1679506268699 0.745080292224884 105
1679506268804 0.7453027963638306 106
1679506268908 0.7455094456672668 107
1679506269011 0.7453663945198059 108
1679506269119 0.7452710270881653 109
1679506269220 0.7451597452163696 110
1679506269322 0.7453187108039856 111
1679506269426 0.7456207275390625 112
1679506269535 0.7455571293830872 113
1679506269640 0.7457956075668335 114
1679506269746 0.7455730438232422 115
1679506269849 0.7454458475112915 116
1679506269952 0.7457796931266785 117
1679506270053 0.7457956075668335 118
1679506270155 0.7457956075668335 119
1679506270256 0.746161162853241 120
1679506270362 0.7459545135498047 121
1679506270468 0.746002197265625 122
1679506270570 0.7459545135498047 123
1679506270675 0.746351957321167 124
1679506270777 0.7457320094108582 125
1679506270887 0.7459863424301147 126
1679506270992 0.7460499405860901 127
1679506271099 0.7456048130989075 128
1679506271200 0.7462883591651917 129
1679506271304 0.7461453080177307 130
1679506271407 0.74601811170578 131
1679506271514 0.7459386587142944 132
1679506271621 0.746192991733551 133
1679506271723 0.746177077293396 134
1679506271826 0.7463996410369873 135
1679506271933 0.7466380596160889 136
1679506272036 0.7464154958724976 137
1679506272142 0.7463042736053467 138
1679506272243 0.7464314103126526 139
1679506272345 0.7467175126075745 140
1679506272444 0.7464631795883179 141
1679506272547 0.7464154958724976 142
1679506272650 0.7468447089195251 143
1679506272755 0.7464314103126526 144
1679506272859 0.7465585470199585 145
1679506272961 0.7466857433319092 146
1679506273068 0.7470195293426514 147
1679506273172 0.7467970252037048 148
1679506273275 0.7471944093704224 149
1679506273378 0.7467334270477295 150
1679506273489 0.7470513582229614 151
1679506273591 0.747289776802063 152
1679506273699 0.7464950084686279 153
1679506273803 0.7467651963233948 154
1679506273909 0.7466221451759338 155
1679506274018 0.7468287944793701 156
1679506274120 0.7465903759002686 157
1679506274223 0.7472261786460876 158
1679506274325 0.7469559907913208 159
1679506274427 0.7467016577720642 160
1679506274530 0.7468923926353455 161
1679506274633 0.7472420930862427 162
1679506274737 0.7472103238105774 163
1679506274840 0.7469083070755005 164
1679506274944 0.7474328279495239 165
1679506275054 0.7472103238105774 166
1679506275161 0.7475600242614746 167
1679506275263 0.747289776802063 168
1679506275367 0.7468447089195251 169
1679506275471 0.7475917935371399 170
1679506275575 0.7479891777038574 171
1679506275686 0.7474328279495239 172
1679506275790 0.7474964261054993 173
1679506275900 0.7476235628128052 174
1679506276002 0.7476235628128052 175
1679506276107 0.7473692297935486 176
1679506276210 0.747448742389679 177
1679506276317 0.7476235628128052 178
1679506276420 0.7477348446846008 179
1679506276525 0.7475917935371399 180
1679506276627 0.7477507591247559 181
1679506276735 0.7483071088790894 182
1679506276838 0.7479414939880371 183
1679506276944 0.748243510723114 184
1679506277050 0.7477984428405762 185
1679506277153 0.7481481432914734 186
1679506277257 0.7483071088790894 187
1679506277360 0.7481799125671387 188
1679506277466 0.7477666735649109 189
1679506277570 0.7481481432914734 190
1679506277673 0.7483071088790894 191
1679506277783 0.748386561870575 192
1679506277886 0.7481322288513184 193
1679506277991 0.7482753396034241 194
1679506278133 0.7487362623214722 195
1679506278238 0.7486727237701416 196
1679506278343 0.7486568093299866 197
1679506278444 0.7490065097808838 198
1679506278546 0.7485296726226807 199
1679506278647 0.7487362623214722 200
1679506278754 0.7485455274581909 201
1679506278861 0.7487840056419373 202
1679506278966 0.7489111423492432 203
1679506279068 0.748243510723114 204
1679506279172 0.7482276558876038 205
1679506279274 0.7486091256141663 206
1679506279379 0.7487521767616272 207
1679506279482 0.7486091256141663 208
1679506279591 0.7484342455863953 209
1679506279693 0.7488316893577576 210
1679506279802 0.7488316893577576 211
1679506279906 0.7484978437423706 212
1679506280014 0.7486408948898315 213
1679506280124 0.7489270567893982 214
1679506280232 0.7488157749176025 215
1679506280336 0.7487362623214722 216
1679506280440 0.7489747405052185 217
1679506280542 0.7489905953407288 218
1679506280648 0.7483071088790894 219
1679506280753 0.7489588260650635 220
1679506280857 0.7492608428001404 221
1679506280959 0.7487362623214722 222
1679506281065 0.7486250400543213 223
1679506281169 0.7484978437423706 224
1679506281274 0.7490541934967041 225
1679506281379 0.7488952279090881 226
1679506281486 0.7489111423492432 227
1679506281589 0.7487840056419373 228
1679506281691 0.7491177916526794 229
1679506281802 0.7488793730735779 230
1679506281904 0.748561441898346 231
1679506282010 0.7488157749176025 232
1679506282126 0.7490065097808838 233
1679506282240 0.7490701079368591 234
1679506282348 0.7493085265159607 235
1679506282458 0.7486091256141663 236
1679506282573 0.7491495609283447 237
1679506282683 0.7491495609283447 238
1679506282788 0.7493403553962708 239
1679506282891 0.7489429116249084 240
1679506282998 0.7492767572402954 241
1679506283105 0.749197244644165 242
1679506283216 0.7491495609283447 243
1679506283321 0.7490382790565491 244
1679506283428 0.7494357228279114 245
1679506283535 0.7493403553962708 246
1679506283638 0.7486408948898315 247
1679506283742 0.7494038939476013 248
1679506283856 0.7492290735244751 249
1679506283961 0.7492926120758057 250
1679506284072 0.7488475441932678 251
1679506284178 0.7489905953407288 252
1679506284284 0.7495946884155273 253
1679506284387 0.7489429116249084 254
1679506284495 0.7490860223770142 255
1679506284600 0.7488316893577576 256
1679506284705 0.7491177916526794 257
1679506284807 0.7487204074859619 258
1679506284909 0.7489270567893982 259
1679506285014 0.7494198083877563 260
1679506285117 0.7494038939476013 261
1679506285222 0.7492290735244751 262
1679506285330 0.7491337060928345 263
1679506285439 0.7491654753684998 264
1679506285546 0.749197244644165 265
1679506285660 0.7490065097808838 266
1679506285761 0.7494038939476013 267
1679506285877 0.7490224242210388 268
1679506285984 0.7500238418579102 269
1679506286088 0.7491495609283447 270
1679506286193 0.7494357228279114 271
1679506286299 0.749356210231781 272
1679506286404 0.7489270567893982 273
1679506286510 0.7490541934967041 274
1679506286618 0.7490541934967041 275
1679506286722 0.7492608428001404 276
1679506286824 0.7492926120758057 277
1679506286933 0.7492131590843201 278
1679506287036 0.7494834065437317 279
1679506287141 0.7492131590843201 280
1679506287245 0.7492767572402954 281
1679506287350 0.7491337060928345 282
1679506287457 0.7492926120758057 283
1679506287580 0.749356210231781 284
1679506287689 0.7492449283599854 285
1679506287795 0.749372124671936 286
1679506287910 0.7497854232788086 287
1679506288013 0.7491177916526794 288
1679506288119 0.7498489618301392 289
1679506288234 0.7491654753684998 290
1679506288350 0.749356210231781 291
1679506288455 0.749356210231781 292
1679506288560 0.7494198083877563 293
1679506288664 0.749372124671936 294
1679506288769 0.7496741414070129 295
1679506288873 0.749197244644165 296
1679506288975 0.7494038939476013 297
1679506289076 0.7497377395629883 298
1679506289177 0.7494357228279114 299
1679506289285 0.7500238418579102 300
1679506289388 0.749356210231781 301
1679506289496 0.749690055847168 302
1679506289604 0.7494515776634216 303
1679506289709 0.7494674921035767 304
1679506289816 0.7497535943984985 305
1679506289925 0.7497854232788086 306
1679506290031 0.7497535943984985 307
1679506290137 0.7494357228279114 308
1679506290251 0.7493880391120911 309
1679506290359 0.7494674921035767 310
1679506290469 0.7492767572402954 311
1679506290572 0.7499602437019348 312
1679506290676 0.7493880391120911 313
1679506290782 0.7494198083877563 314
1679506290887 0.7502145767211914 315
1679506290998 0.7498012781143188 316
1679506291102 0.7488952279090881 317
1679506291209 0.7496582269668579 318
1679506291317 0.7494198083877563 319
1679506291426 0.7491018772125244 320
1679506291530 0.7500397562980652 321
1679506291634 0.7494198083877563 322
1679506291740 0.7495946884155273 323
1679506291843 0.7496264576911926 324
1679506291951 0.7498012781143188 325
1679506292073 0.7492131590843201 326
1679506292180 0.7497059106826782 327
1679506292290 0.7495469450950623 328
1679506292401 0.7499443888664246 329
1679506292509 0.7493403553962708 330
1679506292617 0.7497059106826782 331
1679506292727 0.7502304911613464 332
1679506292834 0.7494038939476013 333
1679506292938 0.7500079274177551 334
1679506293044 0.749690055847168 335
1679506293154 0.7494198083877563 336
1679506293260 0.7498331069946289 337
1679506293364 0.7495628595352173 338
1679506293466 0.7498331069946289 339
1679506293569 0.7497377395629883 340
1679506293679 0.7498967051506042 341
1679506293783 0.7499125599861145 342
1679506293888 0.7494834065437317 343
1679506293993 0.7496105432510376 344
1679506294101 0.7498807907104492 345
1679506294203 0.7491337060928345 346
1679506294305 0.7498807907104492 347
1679506294410 0.7501192092895508 348
1679506294518 0.7494834065437317 349
1679506294627 0.7496264576911926 350
1679506294737 0.7496582269668579 351
1679506294844 0.7492767572402954 352
1679506294954 0.7499125599861145 353
1679506295071 0.7499284744262695 354
1679506295175 0.7495787739753723 355
1679506295280 0.7498967051506042 356
1679506295384 0.7498489618301392 357
1679506295488 0.7495628595352173 358
1679506295592 0.7497854232788086 359
1679506295701 0.7499920725822449 360
1679506295805 0.7495628595352173 361
1679506295915 0.7500874400138855 362
1679506296027 0.7496264576911926 363
1679506296134 0.7499443888664246 364
1679506296240 0.7498648762702942 365
1679506296349 0.7495469450950623 366
1679506296458 0.7498012781143188 367
1679506296572 0.7499125599861145 368
1679506296674 0.7497535943984985 369
1679506296785 0.7498012781143188 370
1679506296895 0.7498648762702942 371
1679506297007 0.7502622604370117 372
1679506297116 0.7498331069946289 373
1679506297221 0.7495628595352173 374
1679506297326 0.7497854232788086 375
1679506297434 0.7497854232788086 376
1679506297537 0.7501668930053711 377
1679506297643 0.7498331069946289 378
1679506297754 0.7497218251228333 379
1679506297863 0.7500556111335754 380
1679506297972 0.7499761581420898 381
1679506298079 0.7501668930053711 382
1679506298186 0.7498648762702942 383
1679506298291 0.749690055847168 384
1679506298396 0.7496741414070129 385
1679506298500 0.7499920725822449 386
1679506298605 0.7503258585929871 387
1679506298711 0.7499602437019348 388
1679506298818 0.7498331069946289 389
1679506298922 0.750484824180603 390
1679506299033 0.7500556111335754 391
1679506299140 0.7500079274177551 392
1679506299247 0.7496741414070129 393
1679506299358 0.7497377395629883 394
1679506299464 0.7501828074455261 395
1679506299569 0.7495787739753723 396
1679506299678 0.7500079274177551 397
1679506299784 0.7505325078964233 398
1679506299892 0.7499761581420898 399
1679506299999 0.7497535943984985 400
1679506300110 0.7498648762702942 401
1679506300216 0.7499761581420898 402
1679506300319 0.7501351237297058 403
1679506300424 0.7499602437019348 404
1679506300532 0.7501510381698608 405
1679506300640 0.7497535943984985 406
1679506300747 0.7501192092895508 407
1679506300853 0.7499125599861145 408
1679506300962 0.7499761581420898 409
1679506301070 0.7504530549049377 410
1679506301174 0.7499284744262695 411
1679506301277 0.7496105432510376 412
1679506301381 0.7498648762702942 413
1679506301485 0.7498807907104492 414
1679506301588 0.7502145767211914 415
1679506301692 0.7500715255737305 416
1679506301797 0.7500397562980652 417
1679506301903 0.7500238418579102 418
1679506302008 0.7499443888664246 419
1679506302111 0.7501510381698608 420
1679506302223 0.7499443888664246 421
1679506302328 0.7498967051506042 422
1679506302434 0.7503258585929871 423
1679506302539 0.7497377395629883 424
1679506302644 0.7501828074455261 425
1679506302751 0.7501510381698608 426
1679506302853 0.7502145767211914 427
1679506302958 0.7502940893173218 428
1679506303064 0.7502781748771667 429
1679506303179 0.7503735423088074 430
1679506303293 0.7501032948493958 431
1679506303405 0.7503417730331421 432
1679506303514 0.7498648762702942 433
1679506303625 0.7503576278686523 434
1679506303730 0.7500715255737305 435
1679506303836 0.750627875328064 436
1679506303942 0.7502622604370117 437
1679506304048 0.7502622604370117 438
1679506304161 0.750468909740448 439
1679506304272 0.7503735423088074 440
1679506304376 0.7500238418579102 441
1679506304481 0.7502781748771667 442
1679506304594 0.7501351237297058 443
1679506304698 0.7501668930053711 444
1679506304802 0.7502145767211914 445
1679506304907 0.750309944152832 446
1679506305016 0.7503258585929871 447
1679506305132 0.7499284744262695 448
1679506305242 0.7501032948493958 449
1679506305351 0.7498648762702942 450
1679506305455 0.7502304911613464 451
1679506305560 0.7501032948493958 452
1679506305668 0.750309944152832 453
1679506305772 0.750468909740448 454
1679506305893 0.7498967051506042 455
1679506306003 0.7505801916122437 456
1679506306110 0.7501032948493958 457
1679506306223 0.7500397562980652 458
1679506306327 0.7503417730331421 459
1679506306431 0.7505325078964233 460
1679506306535 0.7498489618301392 461
1679506306638 0.7498331069946289 462
1679506306740 0.7502940893173218 463
1679506306847 0.7502781748771667 464
1679506306955 0.7501668930053711 465
1679506307070 0.7502940893173218 466
1679506307183 0.7507232427597046 467
1679506307294 0.7504053115844727 468
1679506307405 0.7503417730331421 469
1679506307521 0.7507073879241943 470
1679506307628 0.7504530549049377 471
1679506307736 0.7501668930053711 472
1679506307841 0.750484824180603 473
1679506307949 0.7504530549049377 474
1679506308054 0.7508504390716553 475
1679506308160 0.7501668930053711 476
1679506308273 0.7502940893173218 477
1679506308386 0.7502304911613464 478
1679506308497 0.7502940893173218 479
1679506308609 0.7506596446037292 480
1679506308719 0.7504530549049377 481
1679506308821 0.7500556111335754 482
1679506308926 0.7505484223365784 483
1679506309039 0.7503258585929871 484
1679506309153 0.7505961060523987 485
1679506309262 0.7502622604370117 486
1679506309369 0.750484824180603 487
1679506309482 0.750802755355835 488
1679506309598 0.7503576278686523 489
1679506309706 0.7501032948493958 490
1679506309814 0.7502464056015015 491
1679506309923 0.7505165934562683 492
1679506310032 0.7505484223365784 493
1679506310137 0.7506914734840393 494
1679506310245 0.7509617209434509 495
1679506310360 0.7505484223365784 496
1679506310465 0.750468909740448 497
1679506310569 0.7501032948493958 498
1679506310674 0.7502145767211914 499
1679506310781 0.7503258585929871 500
1679506310893 0.750309944152832 501
1679506311003 0.750484824180603 502
1679506311112 0.7506596446037292 503
1679506311219 0.7504530549049377 504
1679506311325 0.7504212260246277 505
1679506311429 0.750309944152832 506
1679506311538 0.750484824180603 507
1679506311641 0.7508981227874756 508
1679506311747 0.7503258585929871 509
1679506311853 0.7507550716400146 510
1679506311970 0.7505325078964233 511
1679506312075 0.750484824180603 512
1679506312182 0.7501192092895508 513
1679506312290 0.7507391571998596 514
1679506312400 0.750643789768219 515
1679506312508 0.7505165934562683 516
1679506312614 0.750309944152832 517
1679506312720 0.7503576278686523 518
1679506312825 0.7509934902191162 519
1679506312932 0.7505165934562683 520
1679506313035 0.7502622604370117 521
1679506313150 0.7500715255737305 522
1679506313255 0.7505642771720886 523
1679506313363 0.7504371404647827 524
1679506313468 0.7514067888259888 525
1679506313574 0.7504212260246277 526
1679506313679 0.7507232427597046 527
1679506313783 0.7507232427597046 528
1679506313885 0.750484824180603 529
1679506313988 0.7507868409156799 530
1679506314091 0.7507709264755249 531
1679506314198 0.7506755590438843 532
1679506314311 0.7507550716400146 533
1679506314426 0.7502940893173218 534
1679506314531 0.7503735423088074 535
1679506314640 0.7507868409156799 536
1679506314744 0.7505325078964233 537
1679506314848 0.7509775757789612 538
1679506314952 0.7503735423088074 539
1679506315059 0.7505007386207581 540
1679506315166 0.7509458065032959 541
1679506315276 0.7510729432106018 542
1679506315385 0.7507868409156799 543
1679506315498 0.7507073879241943 544
1679506315607 0.7505961060523987 545
1679506315715 0.7505801916122437 546
1679506315821 0.7507073879241943 547
1679506315927 0.7504212260246277 548
1679506316036 0.7504371404647827 549
1679506316139 0.7507391571998596 550
1679506316246 0.7506755590438843 551
1679506316352 0.7505642771720886 552
1679506316456 0.7507073879241943 553
1679506316568 0.7506755590438843 554
1679506316680 0.7511047720909119 555
1679506316787 0.7505642771720886 556
1679506316894 0.7508981227874756 557
1679506316999 0.7506119608879089 558
1679506317104 0.7510252594947815 559
1679506317207 0.7509617209434509 560
1679506317311 0.7505325078964233 561
1679506317417 0.7505484223365784 562
1679506317524 0.7505642771720886 563
1679506317636 0.7509139776229858 564
1679506317740 0.7510411739349365 565
1679506317847 0.7509617209434509 566
1679506317953 0.7508504390716553 567
1679506318056 0.7503417730331421 568
1679506318159 0.7504530549049377 569
1679506318266 0.7503576278686523 570
1679506318373 0.7505642771720886 571
1679506318483 0.7507709264755249 572
1679506318587 0.7511365413665771 573
1679506318703 0.7505165934562683 574
1679506318809 0.7506914734840393 575
1679506318916 0.7505642771720886 576
1679506319025 0.7506914734840393 577
1679506319132 0.7502781748771667 578
1679506319239 0.7506755590438843 579
1679506319344 0.7507073879241943 580
1679506319452 0.7506755590438843 581
1679506319559 0.7510252594947815 582
1679506319672 0.7509617209434509 583
1679506319781 0.7506119608879089 584
1679506319886 0.7507391571998596 585
1679506319990 0.7507550716400146 586
1679506320098 0.7505325078964233 587
1679506320202 0.7508662939071655 588
1679506320310 0.7506596446037292 589
1679506320416 0.7507391571998596 590
1679506320533 0.7507073879241943 591
1679506320647 0.7511842250823975 592
1679506320752 0.7513272762298584 593
1679506320860 0.750802755355835 594
1679506320969 0.7507550716400146 595
1679506321074 0.7509934902191162 596
1679506321179 0.7509934902191162 597
1679506321283 0.7507073879241943 598
1679506321392 0.7506596446037292 599
1679506321499 0.7506755590438843 600
1679506321604 0.7509298920631409 601
1679506321713 0.750468909740448 602
1679506321820 0.7510094046592712 603
1679506321924 0.7508662939071655 604
1679506322029 0.7507709264755249 605
1679506322137 0.7506914734840393 606
1679506322242 0.7509775757789612 607
1679506322349 0.7508186101913452 608
1679506322455 0.7507073879241943 609
1679506322568 0.7508822083473206 610
1679506322671 0.7509458065032959 611
1679506322784 0.750643789768219 612
1679506322892 0.7509934902191162 613
1679506323003 0.7507073879241943 614
1679506323144 0.7509775757789612 615
1679506323250 0.7503576278686523 616
1679506323357 0.7503894567489624 617
1679506323482 0.7507232427597046 618
1679506323591 0.7508822083473206 619
1679506323697 0.7508186101913452 620
1679506323811 0.7510888576507568 621
1679506323923 0.7508662939071655 622
1679506324031 0.7508981227874756 623
1679506324136 0.7510252594947815 624
1679506324240 0.7509139776229858 625
1679506324347 0.7510888576507568 626
1679506324451 0.7511683106422424 627
1679506324571 0.7517882585525513 628
1679506324674 0.7509139776229858 629
1679506324785 0.7508504390716553 630
1679506324890 0.7509775757789612 631
1679506324997 0.7511524558067322 632
1679506325104 0.7508504390716553 633
1679506325207 0.7511047720909119 634
1679506325315 0.7510570883750916 635
1679506325420 0.7509775757789612 636
1679506325523 0.7510094046592712 637
1679506325632 0.7508822083473206 638
1679506325737 0.750802755355835 639
1679506325847 0.7509139776229858 640
1679506325950 0.7508662939071655 641
1679506326055 0.7510094046592712 642
1679506326157 0.7512159943580627 643
1679506326262 0.7512159943580627 644
1679506326364 0.751438558101654 645
1679506326468 0.7508504390716553 646
1679506326573 0.7513114213943481 647
1679506326677 0.7510570883750916 648
1679506326794 0.7512637376785278 649
1679506326899 0.7508662939071655 650
1679506327003 0.7510888576507568 651
1679506327107 0.7510729432106018 652
1679506327212 0.7511683106422424 653
1679506327321 0.7513591051101685 654
1679506327427 0.751422643661499 655
1679506327535 0.7508504390716553 656
1679506327641 0.7511524558067322 657
1679506327750 0.7516611218452454 658
1679506327858 0.7511683106422424 659
1679506327965 0.7511365413665771 660
1679506328070 0.7512637376785278 661
1679506328180 0.7511047720909119 662
1679506328284 0.7512795925140381 663
1679506328391 0.7508345246315002 664
1679506328498 0.7508504390716553 665
1679506328604 0.7510729432106018 666
1679506328718 0.7510729432106018 667
1679506328826 0.7512637376785278 668
1679506328936 0.7510411739349365 669
1679506329041 0.7510729432106018 670
1679506329149 0.7512955069541931 671
1679506329253 0.7510094046592712 672
1679506329357 0.7510252594947815 673
1679506329463 0.7512955069541931 674
1679506329573 0.7513591051101685 675
1679506329678 0.7508504390716553 676
1679506329785 0.7512319087982178 677
1679506329893 0.7509617209434509 678
1679506330002 0.7512319087982178 679
1679506330107 0.7517246603965759 680
1679506330211 0.7507073879241943 681
1679506330315 0.7512001395225525 682
1679506330419 0.7509775757789612 683
1679506330531 0.7511047720909119 684
1679506330636 0.7512159943580627 685
1679506330742 0.7511206269264221 686
1679506330845 0.7516611218452454 687
1679506330954 0.7510252594947815 688
1679506331062 0.7510729432106018 689
1679506331170 0.7512159943580627 690
1679506331278 0.7511842250823975 691
1679506331390 0.7515498399734497 692
1679506331494 0.7513272762298584 693
1679506331603 0.7515021562576294 694
1679506331714 0.7512159943580627 695
1679506331822 0.7511206269264221 696
1679506331929 0.7512478232383728 697
1679506332033 0.7512001395225525 698
1679506332140 0.7507550716400146 699
1679506332251 0.7512478232383728 700
1679506332356 0.7513114213943481 701
1679506332463 0.7514862418174744 702
1679506332567 0.7513114213943481 703
1679506332674 0.7513114213943481 704
1679506332775 0.7510888576507568 705
1679506332880 0.7516292929649353 706
1679506332984 0.7512795925140381 707
1679506333087 0.7512159943580627 708
1679506333200 0.751613438129425 709
1679506333305 0.7513908743858337 710
1679506333413 0.7512637376785278 711
1679506333518 0.751581609249115 712
1679506333624 0.7511683106422424 713
1679506333731 0.7515021562576294 714
1679506333841 0.7516611218452454 715
1679506333948 0.7514862418174744 716
1679506334056 0.7513272762298584 717
1679506334165 0.7516292929649353 718
1679506334280 0.751438558101654 719
1679506334386 0.7509617209434509 720
1679506334493 0.7508186101913452 721
1679506334595 0.7512637376785278 722
1679506334700 0.7511524558067322 723
1679506334806 0.7511683106422424 724
1679506334911 0.7512478232383728 725
1679506335020 0.7511206269264221 726
1679506335125 0.7514544725418091 727
1679506335232 0.751438558101654 728
1679506335341 0.751581609249115 729
1679506335447 0.7510729432106018 730
1679506335553 0.7516611218452454 731
1679506335661 0.7513591051101685 732
1679506335768 0.7514067888259888 733
1679506335873 0.7512319087982178 734
1679506335985 0.751613438129425 735
1679506336089 0.751438558101654 736
1679506336196 0.7511842250823975 737
1679506336302 0.7517882585525513 738
1679506336407 0.7515657544136047 739
1679506336511 0.7515021562576294 740
1679506336618 0.7511365413665771 741
1679506336722 0.7511365413665771 742
1679506336826 0.7510570883750916 743
1679506336943 0.7510570883750916 744
1679506337046 0.7510729432106018 745
1679506337150 0.7513114213943481 746
1679506337256 0.7507868409156799 747
1679506337361 0.7511842250823975 748
1679506337470 0.7511842250823975 749
1679506337574 0.7514067888259888 750
1679506337681 0.7514544725418091 751
1679506337794 0.7515021562576294 752
1679506337902 0.7515021562576294 753
1679506338010 0.7513272762298584 754
1679506338130 0.7512955069541931 755
1679506338235 0.7512637376785278 756
1679506338338 0.7512319087982178 757
1679506338448 0.7512637376785278 758
1679506338550 0.7518995404243469 759
1679506338657 0.7513114213943481 760
1679506338760 0.7512637376785278 761
1679506338866 0.7515339255332947 762
1679506338972 0.7518359422683716 763
1679506339075 0.7514703273773193 764
1679506339182 0.7514067888259888 765
1679506339289 0.7513431906700134 766
1679506339399 0.7518995404243469 767
1679506339506 0.7513431906700134 768
1679506339614 0.7514862418174744 769
1679506339719 0.7513114213943481 770
1679506339824 0.7510729432106018 771
1679506339935 0.7511047720909119 772
1679506340038 0.7516292929649353 773
1679506340141 0.7519789934158325 774
1679506340251 0.7510252594947815 775
1679506340355 0.7513431906700134 776
1679506340464 0.7512955069541931 777
1679506340574 0.7508186101913452 778
1679506340678 0.7512637376785278 779
1679506340785 0.7515339255332947 780
1679506340897 0.7513591051101685 781
1679506341007 0.7511524558067322 782
1679506341113 0.751438558101654 783
1679506341221 0.7514703273773193 784
1679506341328 0.7515180706977844 785
1679506341431 0.7514862418174744 786
1679506341540 0.7516611218452454 787
1679506341648 0.7512637376785278 788
1679506341758 0.7512319087982178 789
1679506341864 0.751613438129425 790
1679506341972 0.7515657544136047 791
1679506342079 0.7515180706977844 792
1679506342183 0.7513431906700134 793
1679506342290 0.7515498399734497 794
1679506342395 0.7513431906700134 795
1679506342505 0.7515657544136047 796
1679506342608 0.7516452074050903 797
1679506342714 0.751740574836731 798
1679506342821 0.7515021562576294 799
1679506342935 0.751438558101654 800
1679506343044 0.7517088055610657 801
1679506343154 0.7512319087982178 802
1679506343270 0.7509617209434509 803
1679506343378 0.7515657544136047 804
1679506343483 0.7516611218452454 805
1679506343595 0.7510729432106018 806
1679506343699 0.7515021562576294 807
1679506343803 0.7509775757789612 808
1679506343907 0.7511842250823975 809
1679506344013 0.75159752368927 810
1679506344126 0.7513908743858337 811
1679506344235 0.7517088055610657 812
1679506344340 0.7511683106422424 813
1679506344447 0.7508822083473206 814
1679506344552 0.7511683106422424 815
1679506344657 0.7515021562576294 816
1679506344764 0.751581609249115 817
1679506344883 0.7515339255332947 818
1679506344990 0.7510888576507568 819
1679506345097 0.7517246603965759 820
1679506345201 0.7521538734436035 821
1679506345304 0.7514067888259888 822
1679506345412 0.751581609249115 823
1679506345519 0.7512001395225525 824
1679506345627 0.7512478232383728 825
1679506345741 0.7515339255332947 826
1679506345845 0.7514544725418091 827
1679506345950 0.7521538734436035 828
1679506346064 0.7510570883750916 829
1679506346170 0.7513749599456787 830
1679506346274 0.751438558101654 831
1679506346381 0.7513749599456787 832
1679506346493 0.7516611218452454 833
1679506346599 0.7515498399734497 834
1679506346704 0.7511365413665771 835
1679506346811 0.7511524558067322 836
1679506346921 0.7510888576507568 837
1679506347028 0.7516769766807556 838
1679506347141 0.751740574836731 839
1679506347251 0.75159752368927 840
1679506347359 0.7516928911209106 841
1679506347466 0.7518041729927063 842
1679506347571 0.7513908743858337 843
1679506347681 0.751756489276886 844
1679506347786 0.7518200874328613 845
1679506347894 0.7517088055610657 846
1679506348005 0.7515657544136047 847
1679506348116 0.7512955069541931 848
1679506348222 0.7512319087982178 849
1679506348331 0.7509458065032959 850
1679506348433 0.7514544725418091 851
1679506348537 0.7516928911209106 852
1679506348641 0.7511365413665771 853
1679506348751 0.7515498399734497 854
1679506348855 0.751613438129425 855
1679506348969 0.7515339255332947 856
1679506349072 0.7510888576507568 857
1679506349180 0.7518518567085266 858
1679506349285 0.7518836259841919 859
1679506349391 0.751756489276886 860
1679506349496 0.7515498399734497 861
1679506349602 0.7514544725418091 862
1679506349708 0.7514067888259888 863
1679506349815 0.7515180706977844 864
1679506349923 0.7519313097000122 865
1679506350033 0.7516452074050903 866
1679506350142 0.7518041729927063 867
1679506350248 0.7518200874328613 868
1679506350354 0.751756489276886 869
1679506350460 0.7515180706977844 870
1679506350578 0.7520108222961426 871
1679506350685 0.7518518567085266 872
1679506350791 0.7514703273773193 873
1679506350901 0.751581609249115 874
1679506351014 0.7515021562576294 875
1679506351119 0.751613438129425 876
1679506351223 0.751740574836731 877
1679506351336 0.751915454864502 878
1679506351442 0.7516611218452454 879
1679506351550 0.7517882585525513 880
1679506351655 0.7517088055610657 881
1679506351759 0.7515021562576294 882
1679506351866 0.7519313097000122 883
1679506351974 0.7517246603965759 884
1679506352080 0.751422643661499 885
1679506352191 0.751581609249115 886
1679506352297 0.7517246603965759 887
1679506352406 0.7519472241401672 888
1679506352515 0.7512795925140381 889
1679506352617 0.7515021562576294 890
1679506352722 0.7518836259841919 891
1679506352830 0.7515657544136047 892
1679506352934 0.75159752368927 893
1679506353053 0.7513272762298584 894
1679506353161 0.7520902752876282 895
1679506353269 0.7513591051101685 896
1679506353373 0.7513591051101685 897
1679506353478 0.7515498399734497 898
1679506353582 0.7518518567085266 899
1679506353692 0.7514862418174744 900
1679506353801 0.7515180706977844 901
1679506353912 0.7515339255332947 902
1679506354020 0.7512001395225525 903
1679506354130 0.7514862418174744 904
1679506354236 0.7518995404243469 905
1679506354343 0.7512001395225525 906
1679506354448 0.7517882585525513 907
1679506354562 0.7518041729927063 908
1679506354666 0.751756489276886 909
1679506354770 0.7514703273773193 910
1679506354879 0.7516769766807556 911
1679506354981 0.7517246603965759 912
1679506355094 0.7518995404243469 913
1679506355213 0.751740574836731 914
1679506355318 0.7517088055610657 915
1679506355425 0.7518041729927063 916
1679506355535 0.7515498399734497 917
1679506355640 0.7520266771316528 918
1679506355744 0.7521538734436035 919
1679506355853 0.7516769766807556 920
1679506355960 0.751915454864502 921
1679506356067 0.7520744204521179 922
1679506356171 0.7518995404243469 923
1679506356275 0.7514544725418091 924
1679506356381 0.7518836259841919 925
1679506356492 0.7518200874328613 926
1679506356598 0.751581609249115 927
1679506356703 0.7514703273773193 928
1679506356812 0.7516292929649353 929
1679506356923 0.7515339255332947 930
1679506357031 0.751740574836731 931
1679506357151 0.7517723441123962 932
1679506357263 0.7516452074050903 933
1679506357369 0.7516769766807556 934
1679506357477 0.7520266771316528 935
1679506357585 0.7517723441123962 936
1679506357699 0.7518836259841919 937
1679506357804 0.7518518567085266 938
1679506357916 0.7514544725418091 939
1679506358026 0.7521538734436035 940
1679506358136 0.75159752368927 941
1679506358238 0.751422643661499 942
1679506358344 0.7518677711486816 943
1679506358453 0.751438558101654 944
1679506358567 0.7516611218452454 945
1679506358673 0.7518359422683716 946
1679506358781 0.7515180706977844 947
1679506358890 0.7516452074050903 948
1679506358997 0.7515339255332947 949
1679506359103 0.7520425915718079 950
1679506359219 0.7514067888259888 951
1679506359330 0.7516928911209106 952
1679506359441 0.7517246603965759 953
1679506359549 0.7515498399734497 954
1679506359657 0.751613438129425 955
1679506359767 0.7518677711486816 956
1679506359884 0.7518200874328613 957
1679506359991 0.7515657544136047 958
1679506360097 0.7515021562576294 959
1679506360204 0.7514067888259888 960
1679506360314 0.7520108222961426 961
1679506360426 0.751740574836731 962
1679506360532 0.7515498399734497 963
1679506360636 0.7520425915718079 964
1679506360745 0.7518041729927063 965
1679506360849 0.7522492408752441 966
1679506360956 0.7524241209030151 967
1679506361067 0.7518518567085266 968
1679506361183 0.7519631385803223 969
1679506361286 0.7516292929649353 970
1679506361392 0.751740574836731 971
1679506361499 0.7520744204521179 972
1679506361605 0.7516928911209106 973
1679506361713 0.7520108222961426 974
1679506361816 0.7514862418174744 975
1679506361919 0.7518677711486816 976
1679506362028 0.7520744204521179 977
1679506362136 0.7519472241401672 978
1679506362244 0.7515021562576294 979
1679506362355 0.7517882585525513 980
1679506362461 0.7514862418174744 981
1679506362568 0.7522015571594238 982
1679506362680 0.751740574836731 983
1679506362787 0.751756489276886 984
1679506362897 0.751613438129425 985
1679506363010 0.7516611218452454 986
1679506363122 0.7514703273773193 987
1679506363241 0.7513591051101685 988
1679506363352 0.7517723441123962 989
1679506363459 0.7522969245910645 990
1679506363565 0.751915454864502 991
1679506363682 0.7519472241401672 992
1679506363791 0.7520902752876282 993
1679506363901 0.7519631385803223 994
1679506364008 0.7518200874328613 995
1679506364115 0.7516769766807556 996
1679506364220 0.7518677711486816 997
1679506364335 0.7516452074050903 998
1679506364444 0.7518995404243469 999
1679506364549 0.7519789934158325 1000
1679506364658 0.7520744204521179 1001
1679506364764 0.7519472241401672 1002
1679506364868 0.7521061897277832 1003
1679506364979 0.7516769766807556 1004
1679506365089 0.7516928911209106 1005
1679506365196 0.7513591051101685 1006
1679506365313 0.7519949078559875 1007
1679506365423 0.7520108222961426 1008
1679506365534 0.75159752368927 1009
1679506365642 0.7514862418174744 1010
1679506365752 0.751740574836731 1011
1679506365858 0.7526307702064514 1012
1679506365963 0.7520266771316528 1013
1679506366066 0.75159752368927 1014
1679506366175 0.7519472241401672 1015
1679506366282 0.7517723441123962 1016
1679506366387 0.7518518567085266 1017
1679506366492 0.7520108222961426 1018
1679506366598 0.7518836259841919 1019
1679506366705 0.7523764371871948 1020
1679506366810 0.7522810101509094 1021
1679506366914 0.751613438129425 1022
1679506367019 0.7515180706977844 1023
1679506367124 0.7523286938667297 1024
1679506367234 0.751756489276886 1025
1679506367344 0.7515657544136047 1026
1679506367450 0.7519472241401672 1027
1679506367553 0.751756489276886 1028
1679506367658 0.7525671720504761 1029
1679506367764 0.7517723441123962 1030
1679506367870 0.7518041729927063 1031
1679506367982 0.7516769766807556 1032
1679506368116 0.7519631385803223 1033
1679506368227 0.7520902752876282 1034
1679506368333 0.75159752368927 1035
1679506368439 0.751756489276886 1036
1679506368545 0.7520744204521179 1037
1679506368655 0.7518995404243469 1038
1679506368765 0.7518359422683716 1039
1679506368872 0.7523764371871948 1040
1679506368976 0.7519949078559875 1041
1679506369083 0.7516769766807556 1042
1679506369202 0.7519472241401672 1043
1679506369309 0.7524082064628601 1044
1679506369416 0.7520108222961426 1045
1679506369519 0.7516769766807556 1046
1679506369624 0.7521856427192688 1047
1679506369729 0.7518518567085266 1048
1679506369841 0.7518677711486816 1049
1679506369946 0.7520266771316528 1050
1679506370051 0.7519789934158325 1051
1679506370157 0.7520585060119629 1052
1679506370262 0.7519472241401672 1053
1679506370375 0.7519472241401672 1054
1679506370482 0.751756489276886 1055
1679506370590 0.7525035738945007 1056
1679506370697 0.7517246603965759 1057
1679506370806 0.7518200874328613 1058
1679506370912 0.7519789934158325 1059
1679506371020 0.751740574836731 1060
1679506371129 0.7523286938667297 1061
1679506371234 0.7520425915718079 1062
1679506371342 0.7522174715995789 1063
1679506371447 0.7521538734436035 1064
1679506371557 0.7514544725418091 1065
1679506371665 0.7518677711486816 1066
1679506371772 0.7520266771316528 1067
1679506371879 0.7520108222961426 1068
1679506371989 0.7523446083068848 1069
1679506372101 0.751915454864502 1070
1679506372214 0.7522492408752441 1071
1679506372321 0.7518836259841919 1072
1679506372429 0.7516611218452454 1073
1679506372531 0.7522015571594238 1074
1679506372641 0.751756489276886 1075
1679506372755 0.7519631385803223 1076
1679506372876 0.7521538734436035 1077
1679506372987 0.7522015571594238 1078
1679506373093 0.7515498399734497 1079
1679506373202 0.751915454864502 1080
1679506373317 0.751756489276886 1081
1679506373428 0.7518041729927063 1082
1679506373539 0.7514703273773193 1083
1679506373651 0.7516928911209106 1084
1679506373756 0.7515657544136047 1085
1679506373872 0.7518995404243469 1086
1679506373976 0.7525989413261414 1087
1679506374086 0.751756489276886 1088
1679506374193 0.7522969245910645 1089
1679506374300 0.7518200874328613 1090
1679506374417 0.751756489276886 1091
1679506374520 0.7518995404243469 1092
1679506374628 0.7523764371871948 1093
1679506374740 0.7521221041679382 1094
1679506374846 0.7514703273773193 1095
1679506374957 0.7520266771316528 1096
1679506375065 0.7519631385803223 1097
1679506375174 0.7520744204521179 1098
1679506375282 0.7521697878837585 1099
1679506375387 0.7519789934158325 1100
1679506375502 0.7524399757385254 1101
1679506375608 0.7519949078559875 1102
1679506375713 0.7516452074050903 1103
1679506375818 0.7522174715995789 1104
1679506375924 0.7521697878837585 1105
1679506376035 0.7518677711486816 1106
1679506376139 0.7517723441123962 1107
1679506376244 0.7518995404243469 1108
1679506376349 0.7520744204521179 1109
1679506376456 0.7519789934158325 1110
1679506376566 0.7521061897277832 1111
1679506376683 0.7520744204521179 1112
1679506376795 0.7525830268859863 1113
1679506376904 0.751915454864502 1114
1679506377014 0.751915454864502 1115
1679506377122 0.7521538734436035 1116
1679506377235 0.7519949078559875 1117
1679506377345 0.7520108222961426 1118
1679506377462 0.7520744204521179 1119
1679506377564 0.7520266771316528 1120
1679506377673 0.7522651553153992 1121
1679506377786 0.7520266771316528 1122
1679506377892 0.7519789934158325 1123
1679506378002 0.751915454864502 1124
1679506378110 0.751740574836731 1125
1679506378218 0.7524718046188354 1126
1679506378331 0.7522810101509094 1127
1679506378440 0.7521538734436035 1128
1679506378549 0.7521697878837585 1129
1679506378653 0.7518041729927063 1130
1679506378766 0.7520266771316528 1131
1679506378883 0.7518518567085266 1132
1679506378988 0.7523446083068848 1133
1679506379099 0.7525035738945007 1134
1679506379213 0.7519472241401672 1135
1679506379324 0.7521538734436035 1136
1679506379438 0.7521221041679382 1137
1679506379551 0.7519631385803223 1138
1679506379667 0.7515180706977844 1139
1679506379778 0.7521061897277832 1140
1679506379889 0.7521379590034485 1141
1679506380013 0.7520425915718079 1142
1679506380119 0.7523922920227051 1143
1679506380224 0.7520744204521179 1144
1679506380334 0.7518995404243469 1145
1679506380446 0.7526307702064514 1146
1679506380557 0.7521538734436035 1147
1679506380665 0.7522015571594238 1148
1679506380771 0.7518995404243469 1149
1679506380882 0.7522015571594238 1150
1679506380987 0.7521538734436035 1151
1679506381096 0.7520585060119629 1152
1679506381206 0.7518359422683716 1153
1679506381313 0.7520902752876282 1154
1679506381417 0.7518200874328613 1155
1679506381522 0.7520585060119629 1156
1679506381632 0.7521379590034485 1157
1679506381745 0.751915454864502 1158
1679506381853 0.751915454864502 1159
1679506381966 0.7522174715995789 1160
1679506382073 0.7517088055610657 1161
1679506382188 0.7520585060119629 1162
1679506382293 0.7520266771316528 1163
1679506382398 0.7520266771316528 1164
1679506382503 0.7525830268859863 1165
1679506382612 0.7521697878837585 1166
1679506382723 0.7523922920227051 1167
1679506382834 0.7519313097000122 1168
1679506382940 0.7522651553153992 1169
1679506383048 0.7522651553153992 1170
1679506383158 0.7521061897277832 1171
1679506383272 0.7525194883346558 1172
1679506383382 0.7520585060119629 1173
1679506383489 0.7519472241401672 1174
1679506383597 0.7522174715995789 1175
1679506383704 0.7517882585525513 1176
1679506383818 0.7521379590034485 1177
1679506383925 0.7521856427192688 1178
1679506384032 0.7520902752876282 1179
1679506384146 0.7520744204521179 1180
1679506384253 0.7519789934158325 1181
1679506384368 0.7522174715995789 1182
1679506384475 0.7519631385803223 1183
1679506384583 0.7519949078559875 1184
1679506384687 0.7523764371871948 1185
1679506384792 0.7523922920227051 1186
1679506384906 0.7518836259841919 1187
1679506385014 0.7520744204521179 1188
1679506385118 0.7518836259841919 1189
1679506385223 0.7522174715995789 1190
1679506385327 0.7521379590034485 1191
1679506385437 0.7520902752876282 1192
1679506385545 0.7522492408752441 1193
1679506385651 0.7520585060119629 1194
1679506385755 0.7523605227470398 1195
1679506385862 0.7517246603965759 1196
1679506385979 0.7521061897277832 1197
1679506386089 0.7524718046188354 1198
1679506386196 0.7517723441123962 1199
1679506386301 0.7523764371871948 1200
1679506386407 0.7521061897277832 1201
1679506386517 0.7520744204521179 1202
1679506386629 0.7524718046188354 1203
1679506386731 0.7523922920227051 1204
1679506386840 0.7522333264350891 1205
1679506386947 0.7519313097000122 1206
1679506387053 0.7523605227470398 1207
1679506387157 0.7522969245910645 1208
1679506387266 0.7522015571594238 1209
1679506387372 0.7516452074050903 1210
1679506387481 0.7521379590034485 1211
1679506387593 0.7523605227470398 1212
1679506387703 0.7522492408752441 1213
1679506387808 0.7522810101509094 1214
1679506387915 0.7522810101509094 1215
1679506388021 0.7522492408752441 1216
1679506388131 0.7518041729927063 1217
1679506388240 0.7516928911209106 1218
1679506388347 0.7526625394821167 1219
1679506388453 0.7517088055610657 1220
1679506388561 0.7522969245910645 1221
1679506388675 0.7523286938667297 1222
1679506388780 0.7526307702064514 1223
1679506388887 0.7516769766807556 1224
1679506388996 0.7518677711486816 1225
1679506389104 0.7523286938667297 1226
1679506389217 0.7523286938667297 1227
1679506389321 0.7520108222961426 1228
1679506389425 0.7522333264350891 1229
1679506389531 0.7522969245910645 1230
1679506389637 0.7521856427192688 1231
1679506389747 0.7523128390312195 1232
1679506389856 0.7522492408752441 1233
1679506389961 0.7523446083068848 1234
1679506390063 0.7522333264350891 1235
1679506390168 0.7524718046188354 1236
1679506390284 0.7521061897277832 1237
1679506390391 0.7527579069137573 1238
1679506390501 0.7517882585525513 1239
1679506390616 0.7520902752876282 1240
1679506390729 0.7520902752876282 1241
1679506390836 0.752694308757782 1242
1679506390943 0.7520744204521179 1243
1679506391046 0.7523922920227051 1244
1679506391151 0.7520902752876282 1245
1679506391264 0.7520108222961426 1246
1679506391370 0.7524241209030151 1247
1679506391486 0.7521379590034485 1248
1679506391599 0.7526307702064514 1249
1679506391710 0.7521379590034485 1250
1679506391825 0.7526307702064514 1251
1679506391939 0.7522333264350891 1252
1679506392051 0.7522810101509094 1253
1679506392162 0.7524558901786804 1254
1679506392279 0.7520108222961426 1255
1679506392395 0.7519949078559875 1256
1679506392501 0.7522174715995789 1257
1679506392611 0.7520902752876282 1258
1679506392717 0.7525194883346558 1259
1679506392831 0.751740574836731 1260
1679506392953 0.7522174715995789 1261
1679506393074 0.752535343170166 1262
1679506393182 0.7523286938667297 1263
1679506393291 0.7520425915718079 1264
1679506393397 0.7519949078559875 1265
1679506393509 0.7524082064628601 1266
1679506393618 0.7522810101509094 1267
1679506393730 0.7518836259841919 1268
1679506393838 0.7522651553153992 1269
1679506393948 0.7520585060119629 1270
1679506394065 0.7522015571594238 1271
1679506394169 0.7523922920227051 1272
1679506394278 0.7525194883346558 1273
1679506394385 0.7523922920227051 1274
1679506394491 0.7521221041679382 1275
1679506394599 0.7521856427192688 1276
1679506394711 0.7519949078559875 1277
1679506394813 0.7522969245910645 1278
1679506394920 0.752694308757782 1279
1679506395029 0.7522174715995789 1280
1679506395140 0.7523605227470398 1281
1679506395246 0.7520585060119629 1282
1679506395363 0.7522810101509094 1283
1679506395467 0.7521221041679382 1284
1679506395573 0.7518836259841919 1285
1679506395689 0.7520266771316528 1286
1679506395795 0.7521379590034485 1287
1679506395899 0.7523605227470398 1288
1679506396006 0.7522174715995789 1289
1679506396114 0.7520744204521179 1290
1679506396236 0.7523922920227051 1291
1679506396362 0.7518836259841919 1292
1679506396473 0.7525194883346558 1293
1679506396584 0.752535343170166 1294
1679506396694 0.7520585060119629 1295
1679506396806 0.7526625394821167 1296
1679506396916 0.7523446083068848 1297
1679506397035 0.7522651553153992 1298
1679506397142 0.7522969245910645 1299
1679506397245 0.7524241209030151 1300
1679506397352 0.7523446083068848 1301
1679506397458 0.7522015571594238 1302
1679506397564 0.7523128390312195 1303
1679506397684 0.7523286938667297 1304
1679506397798 0.7521856427192688 1305
1679506397906 0.752710223197937 1306
1679506398020 0.7518995404243469 1307
1679506398138 0.7517882585525513 1308
1679506398255 0.752551257610321 1309
1679506398364 0.7524558901786804 1310
1679506398482 0.7520902752876282 1311
1679506398594 0.7523605227470398 1312
1679506398704 0.7520425915718079 1313
1679506398828 0.7520585060119629 1314
1679506398935 0.7519631385803223 1315
1679506399041 0.7519631385803223 1316
1679506399146 0.7524558901786804 1317
1679506399256 0.7523764371871948 1318
1679506399370 0.7523446083068848 1319
1679506399481 0.7520425915718079 1320
1679506399591 0.7523922920227051 1321
1679506399699 0.7522969245910645 1322
1679506399806 0.7522651553153992 1323
1679506399925 0.7527738213539124 1324
1679506400038 0.7521538734436035 1325
1679506400147 0.7519789934158325 1326
1679506400253 0.7525035738945007 1327
1679506400364 0.7523605227470398 1328
1679506400468 0.7519949078559875 1329
1679506400573 0.752694308757782 1330
1679506400692 0.7525671720504761 1331
1679506400803 0.7521856427192688 1332
1679506400913 0.7521856427192688 1333
1679506401020 0.7522333264350891 1334
1679506401135 0.7521221041679382 1335
1679506401246 0.7522492408752441 1336
1679506401352 0.7520744204521179 1337
1679506401460 0.7519949078559875 1338
1679506401578 0.7521061897277832 1339
1679506401689 0.7520585060119629 1340
1679506401798 0.7523128390312195 1341
1679506401913 0.7525035738945007 1342
1679506402017 0.7520266771316528 1343
1679506402126 0.7519472241401672 1344
1679506402235 0.7517088055610657 1345
1679506402341 0.7522174715995789 1346
1679506402449 0.7519949078559875 1347
1679506402557 0.752535343170166 1348
1679506402668 0.7526625394821167 1349
1679506402776 0.7519949078559875 1350
1679506402886 0.7522333264350891 1351
1679506402998 0.7523922920227051 1352
1679506403114 0.752551257610321 1353
1679506403228 0.7521538734436035 1354
1679506403334 0.7521221041679382 1355
1679506403442 0.7521221041679382 1356
1679506403557 0.7523922920227051 1357
1679506403668 0.7525671720504761 1358
1679506403783 0.7529963254928589 1359
1679506403898 0.7523446083068848 1360
1679506404011 0.7523446083068848 1361
1679506404117 0.752535343170166 1362
1679506404228 0.7522651553153992 1363
1679506404333 0.7519631385803223 1364
1679506404452 0.7521697878837585 1365
1679506404576 0.7524082064628601 1366
1679506404686 0.7524082064628601 1367
1679506404794 0.7524241209030151 1368
1679506404906 0.7522492408752441 1369
1679506405019 0.7520266771316528 1370
1679506405129 0.7519949078559875 1371
1679506405240 0.752726137638092 1372
1679506405349 0.7521379590034485 1373
1679506405465 0.7524558901786804 1374
1679506405571 0.7523764371871948 1375
1679506405679 0.7523605227470398 1376
1679506405784 0.7523922920227051 1377
1679506405899 0.7521379590034485 1378
1679506406013 0.7523446083068848 1379
1679506406121 0.7520425915718079 1380
1679506406229 0.7523446083068848 1381
1679506406336 0.7523922920227051 1382
1679506406450 0.7520425915718079 1383
1679506406559 0.7524399757385254 1384
1679506406669 0.7524718046188354 1385
1679506406780 0.7521538734436035 1386
1679506406892 0.7520902752876282 1387
1679506407042 0.7523446083068848 1388
1679506407156 0.7526784539222717 1389
1679506407272 0.7524558901786804 1390
1679506407385 0.7521061897277832 1391
1679506407491 0.752551257610321 1392
1679506407599 0.7521538734436035 1393
1679506407711 0.7521697878837585 1394
1679506407828 0.7526148557662964 1395
1679506407946 0.7523605227470398 1396
1679506408054 0.7518995404243469 1397
1679506408164 0.752726137638092 1398
1679506408281 0.7520585060119629 1399
1679506408390 0.7524082064628601 1400
1679506408500 0.7526466250419617 1401
1679506408611 0.7522492408752441 1402
1679506408727 0.7520902752876282 1403
1679506408845 0.7522651553153992 1404
1679506408961 0.7526625394821167 1405
1679506409064 0.7521538734436035 1406
1679506409168 0.7524399757385254 1407
1679506409275 0.7524399757385254 1408
1679506409385 0.7523764371871948 1409
1679506409493 0.7521697878837585 1410
1679506409603 0.7523605227470398 1411
1679506409717 0.7526148557662964 1412
1679506409829 0.7523922920227051 1413
1679506409947 0.7525194883346558 1414
1679506410053 0.7526466250419617 1415
1679506410162 0.7523764371871948 1416
1679506410268 0.7527579069137573 1417
1679506410381 0.7525035738945007 1418
1679506410504 0.7522651553153992 1419
1679506410627 0.7523605227470398 1420
1679506410788 0.7532506585121155 1421
1679506410909 0.7524399757385254 1422
1679506411016 0.7524399757385254 1423
1679506411124 0.7520266771316528 1424
1679506411236 0.7526784539222717 1425
1679506411349 0.7521697878837585 1426
1679506411463 0.7525989413261414 1427
1679506411642 0.7523922920227051 1428
1679506411763 0.752869188785553 1429
1679506411886 0.7523286938667297 1430
1679506412002 0.7523128390312195 1431
1679506412119 0.7527419924736023 1432
1679506412225 0.7523128390312195 1433
1679506412336 0.7523446083068848 1434
1679506412449 0.7521379590034485 1435
1679506412559 0.7520425915718079 1436
1679506412668 0.7523764371871948 1437
1679506412824 0.7524399757385254 1438
1679506412937 0.7520744204521179 1439
1679506413060 0.7517088055610657 1440
1679506413204 0.7522174715995789 1441
1679506413317 0.7522969245910645 1442
1679506413435 0.7524241209030151 1443
1679506413547 0.7522333264350891 1444
1679506413653 0.7521538734436035 1445
1679506413759 0.7523286938667297 1446
1679506413867 0.7519313097000122 1447
1679506413982 0.7521061897277832 1448
1679506414101 0.7522333264350891 1449
1679506414214 0.7524082064628601 1450
1679506414328 0.7520744204521179 1451
1679506414437 0.7521221041679382 1452
1679506414547 0.7524241209030151 1453
1679506414655 0.7526148557662964 1454
1679506414767 0.752869188785553 1455
1679506414878 0.7522333264350891 1456
1679506414994 0.7521221041679382 1457
1679506415105 0.7521061897277832 1458
1679506415216 0.7528215050697327 1459
1679506415325 0.7522651553153992 1460
1679506415440 0.7524558901786804 1461
1679506415552 0.7519631385803223 1462
1679506415666 0.7525989413261414 1463
1679506415779 0.7523922920227051 1464
1679506415890 0.7521697878837585 1465
1679506415999 0.7521538734436035 1466
1679506416118 0.7525830268859863 1467
1679506416229 0.7518041729927063 1468
1679506416340 0.7526148557662964 1469
1679506416449 0.7523605227470398 1470
1679506416558 0.7524558901786804 1471
1679506416663 0.7524558901786804 1472
1679506416771 0.7524082064628601 1473
1679506416878 0.7523128390312195 1474
1679506416982 0.7523605227470398 1475
1679506417092 0.7525194883346558 1476
1679506417202 0.7519472241401672 1477
1679506417307 0.751915454864502 1478
1679506417416 0.7524082064628601 1479
1679506417520 0.7524876594543457 1480
1679506417631 0.7523922920227051 1481
1679506417743 0.7524876594543457 1482
1679506417847 0.7524399757385254 1483
1679506417953 0.7522015571594238 1484
1679506418074 0.7524558901786804 1485
1679506418181 0.7523605227470398 1486
1679506418289 0.7524241209030151 1487
1679506418398 0.7523605227470398 1488
1679506418509 0.7523286938667297 1489
1679506418617 0.7521538734436035 1490
1679506418722 0.7524399757385254 1491
1679506418829 0.7524718046188354 1492
1679506418939 0.7527738213539124 1493
1679506419048 0.7523922920227051 1494
1679506419155 0.7522174715995789 1495
1679506419265 0.7528055906295776 1496
1679506419374 0.7525989413261414 1497
1679506419483 0.7524082064628601 1498
1679506419588 0.7522651553153992 1499
1679506419700 0.7520902752876282 1500
1679506419809 0.7524876594543457 1501
1679506419917 0.7523922920227051 1502
1679506420022 0.7520425915718079 1503
1679506420135 0.7523922920227051 1504
1679506420244 0.7524876594543457 1505
1679506420354 0.7520744204521179 1506
1679506420463 0.7522174715995789 1507
1679506420565 0.7523286938667297 1508
1679506420668 0.7522651553153992 1509
1679506420782 0.7518518567085266 1510
1679506420890 0.7522015571594238 1511
1679506421001 0.7524876594543457 1512
1679506421110 0.7522174715995789 1513
1679506421219 0.7523286938667297 1514
1679506421326 0.7519472241401672 1515
1679506421433 0.752535343170166 1516
1679506421538 0.7520266771316528 1517
1679506421653 0.7528215050697327 1518
1679506421757 0.7524876594543457 1519
1679506421863 0.7525194883346558 1520
1679506421970 0.7523764371871948 1521
1679506422077 0.752551257610321 1522
1679506422203 0.7522969245910645 1523
1679506422313 0.7526625394821167 1524
1679506422418 0.7524399757385254 1525
1679506422526 0.7520425915718079 1526
1679506422640 0.7524241209030151 1527
1679506422751 0.7524558901786804 1528
1679506422856 0.7527419924736023 1529
1679506422960 0.7529168725013733 1530
1679506423080 0.7519313097000122 1531
1679506423187 0.7532348036766052 1532
1679506423294 0.752869188785553 1533
1679506423406 0.7524876594543457 1534
1679506423521 0.7523446083068848 1535
1679506423630 0.7524876594543457 1536
1679506423743 0.7523446083068848 1537
1679506423851 0.7529486417770386 1538
1679506423963 0.752885103225708 1539
1679506424070 0.7522015571594238 1540
1679506424175 0.7520266771316528 1541
1679506424282 0.7522333264350891 1542
1679506424388 0.7520108222961426 1543
1679506424502 0.7523922920227051 1544
1679506424615 0.751915454864502 1545
1679506424719 0.7523764371871948 1546
1679506424830 0.7528215050697327 1547
1679506424938 0.7526148557662964 1548
1679506425046 0.7525194883346558 1549
1679506425157 0.7522015571594238 1550
1679506425271 0.7526466250419617 1551
1679506425378 0.7525989413261414 1552
1679506425485 0.7523764371871948 1553
1679506425588 0.7528055906295776 1554
1679506425698 0.7521221041679382 1555
1679506425813 0.7523764371871948 1556
1679506425919 0.7522492408752441 1557
1679506426026 0.752853274345398 1558
1679506426141 0.7521856427192688 1559
1679506426248 0.7522651553153992 1560
1679506426353 0.7528373599052429 1561
1679506426462 0.7523764371871948 1562
1679506426572 0.7525830268859863 1563
1679506426683 0.7523286938667297 1564
1679506426797 0.7520744204521179 1565
1679506426903 0.7521538734436035 1566
1679506427014 0.7523286938667297 1567
1679506427120 0.7527738213539124 1568
1679506427229 0.7519789934158325 1569
1679506427336 0.752535343170166 1570
1679506427453 0.7524241209030151 1571
1679506427563 0.7525671720504761 1572
1679506427674 0.7523922920227051 1573
1679506427780 0.7526148557662964 1574
1679506427894 0.7520266771316528 1575
1679506428002 0.7524718046188354 1576
1679506428113 0.7523922920227051 1577
1679506428261 0.7526148557662964 1578
1679506428373 0.7521061897277832 1579
1679506428479 0.7529804706573486 1580
1679506428586 0.7524558901786804 1581
1679506428699 0.7523605227470398 1582
1679506428817 0.7523128390312195 1583
1679506428924 0.7518359422683716 1584
1679506429035 0.7524399757385254 1585
1679506429145 0.7525194883346558 1586
1679506429262 0.7527738213539124 1587
1679506429370 0.7523446083068848 1588
1679506429484 0.7523446083068848 1589
1679506429599 0.7518995404243469 1590
1679506429720 0.7531871199607849 1591
1679506429832 0.7524241209030151 1592
1679506429940 0.752710223197937 1593
1679506430052 0.7523764371871948 1594
1679506430166 0.7523764371871948 1595
1679506430279 0.7519472241401672 1596
1679506430388 0.7526466250419617 1597
1679506430495 0.7524718046188354 1598
1679506430615 0.7523605227470398 1599
1679506430726 0.7523922920227051 1600
1679506430834 0.7525035738945007 1601
1679506430941 0.7524876594543457 1602
1679506431053 0.7522810101509094 1603
1679506431169 0.7526784539222717 1604
1679506431278 0.7522333264350891 1605
1679506431395 0.7522174715995789 1606
1679506431513 0.752726137638092 1607
1679506431622 0.7524399757385254 1608
1679506431733 0.7524876594543457 1609
1679506431841 0.752551257610321 1610
1679506431958 0.7524558901786804 1611
1679506432071 0.7521061897277832 1612
1679506432181 0.7523605227470398 1613
1679506432294 0.7526625394821167 1614
1679506432408 0.7522651553153992 1615
1679506432516 0.7524718046188354 1616
1679506432630 0.7526148557662964 1617
1679506432735 0.7522015571594238 1618
1679506432852 0.752885103225708 1619
1679506432964 0.7521697878837585 1620
1679506433073 0.7521379590034485 1621
1679506433180 0.7529009580612183 1622
1679506433296 0.7523446083068848 1623
1679506433405 0.7520744204521179 1624
1679506433513 0.7520902752876282 1625
1679506433620 0.7525830268859863 1626
1679506433731 0.7527738213539124 1627
1679506433835 0.7522651553153992 1628
1679506433948 0.7522651553153992 1629
1679506434052 0.7522492408752441 1630
1679506434166 0.7529486417770386 1631
1679506434274 0.7521061897277832 1632
1679506434384 0.7527896761894226 1633
1679506434490 0.7522810101509094 1634
1679506434600 0.7522810101509094 1635
1679506434707 0.752551257610321 1636
1679506434815 0.7522810101509094 1637
1679506434921 0.7524241209030151 1638
1679506435044 0.7527579069137573 1639
1679506435154 0.7521379590034485 1640
1679506435269 0.7525035738945007 1641
1679506435382 0.7521697878837585 1642
1679506435498 0.7524082064628601 1643
1679506435618 0.7526466250419617 1644
1679506435735 0.7525830268859863 1645
1679506435856 0.7527579069137573 1646
1679506435976 0.7525194883346558 1647
1679506436082 0.7523286938667297 1648
1679506436193 0.7522810101509094 1649
1679506436306 0.7527419924736023 1650
1679506436423 0.7522810101509094 1651
1679506436532 0.7523764371871948 1652
1679506436639 0.7526307702064514 1653
1679506436748 0.7524876594543457 1654
1679506436868 0.7525035738945007 1655
1679506436977 0.7518995404243469 1656
1679506437086 0.7522492408752441 1657
1679506437195 0.752535343170166 1658
1679506437305 0.7523764371871948 1659
1679506437418 0.7522015571594238 1660
1679506437531 0.752551257610321 1661
1679506437638 0.752710223197937 1662
1679506437744 0.752535343170166 1663
1679506437851 0.7526784539222717 1664
1679506437963 0.752710223197937 1665
1679506438083 0.7521697878837585 1666
1679506438193 0.752710223197937 1667
1679506438300 0.7522651553153992 1668
1679506438409 0.7530440092086792 1669
1679506438522 0.7523446083068848 1670
1679506438636 0.7521061897277832 1671
1679506438748 0.7524241209030151 1672
1679506438862 0.7521856427192688 1673
1679506438968 0.7526784539222717 1674
1679506439078 0.752853274345398 1675
1679506439193 0.7526148557662964 1676
1679506439304 0.7523922920227051 1677
1679506439419 0.7522969245910645 1678
1679506439532 0.7530122399330139 1679
1679506439650 0.7520585060119629 1680
1679506439764 0.7521538734436035 1681
1679506439874 0.7522651553153992 1682
1679506439981 0.7525194883346558 1683
1679506440090 0.7525194883346558 1684
1679506440199 0.7526784539222717 1685
1679506440306 0.7523286938667297 1686
1679506440415 0.7523922920227051 1687
1679506440535 0.7525035738945007 1688
1679506440640 0.7524558901786804 1689
1679506440746 0.7522810101509094 1690
1679506440850 0.7522333264350891 1691
1679506440964 0.752853274345398 1692
1679506441074 0.7524399757385254 1693
1679506441182 0.7525194883346558 1694
1679506441289 0.7523764371871948 1695
1679506441401 0.7524082064628601 1696
1679506441514 0.7527738213539124 1697
1679506441629 0.7530758380889893 1698
1679506441735 0.7529009580612183 1699
1679506441847 0.752551257610321 1700
1679506441965 0.752535343170166 1701
1679506442076 0.7521697878837585 1702
1679506442192 0.7526466250419617 1703
1679506442299 0.7526625394821167 1704
1679506442416 0.7523128390312195 1705
1679506442529 0.7523128390312195 1706
1679506442637 0.7522651553153992 1707
1679506442745 0.752853274345398 1708
1679506442863 0.7527579069137573 1709
1679506442973 0.7520902752876282 1710
1679506443079 0.752726137638092 1711
1679506443216 0.7527419924736023 1712
1679506443335 0.7523605227470398 1713
1679506443444 0.7527419924736023 1714
1679506443557 0.752535343170166 1715
1679506443666 0.7525194883346558 1716
1679506443771 0.7529009580612183 1717
1679506443886 0.7522333264350891 1718
1679506443990 0.752710223197937 1719
1679506444101 0.7527579069137573 1720
1679506444208 0.7523446083068848 1721
1679506444322 0.7525671720504761 1722
1679506444431 0.7526148557662964 1723
1679506444545 0.752694308757782 1724
1679506444665 0.7525671720504761 1725
1679506444779 0.7525830268859863 1726
1679506444890 0.752535343170166 1727
1679506445002 0.7527419924736023 1728
1679506445114 0.7525830268859863 1729
1679506445225 0.7525989413261414 1730
1679506445346 0.7526625394821167 1731
1679506445452 0.752535343170166 1732
1679506445560 0.752726137638092 1733
1679506445664 0.7522969245910645 1734
1679506445774 0.7529486417770386 1735
1679506445890 0.752710223197937 1736
1679506445997 0.7527579069137573 1737
1679506446110 0.7519789934158325 1738
1679506446221 0.7529804706573486 1739
1679506446331 0.7526466250419617 1740
1679506446448 0.7527896761894226 1741
1679506446567 0.7531871199607849 1742
1679506446683 0.7526307702064514 1743
1679506446798 0.7528055906295776 1744
1679506446908 0.7530440092086792 1745
1679506447015 0.7525989413261414 1746
1679506447123 0.7525989413261414 1747
1679506447243 0.7529327869415283 1748
1679506447352 0.7523605227470398 1749
1679506447468 0.7524399757385254 1750
1679506447579 0.7525671720504761 1751
1679506447689 0.7526784539222717 1752
1679506447815 0.7525194883346558 1753
1679506447921 0.752885103225708 1754
1679506448032 0.7526307702064514 1755
1679506448148 0.7529327869415283 1756
1679506448256 0.7529486417770386 1757
1679506448364 0.7525671720504761 1758
1679506448475 0.7522015571594238 1759
1679506448592 0.7527738213539124 1760
1679506448714 0.7522492408752441 1761
1679506448824 0.7528373599052429 1762
1679506448942 0.752535343170166 1763
1679506449050 0.7524718046188354 1764
1679506449158 0.7526307702064514 1765
1679506449267 0.7526148557662964 1766
1679506449380 0.7527738213539124 1767
1679506449492 0.7523764371871948 1768
1679506449600 0.7525830268859863 1769
1679506449707 0.7524399757385254 1770
1679506449820 0.7527579069137573 1771
1679506449930 0.7529645562171936 1772
1679506450040 0.7525989413261414 1773
1679506450150 0.7523605227470398 1774
1679506450268 0.7526466250419617 1775
1679506450377 0.7529486417770386 1776
1679506450495 0.7526625394821167 1777
1679506450612 0.7524241209030151 1778
1679506450727 0.752694308757782 1779
1679506450839 0.753028154373169 1780
1679506450953 0.7526466250419617 1781
1679506451066 0.7529804706573486 1782
1679506451179 0.7525035738945007 1783
1679506451298 0.7520585060119629 1784
1679506451408 0.7526148557662964 1785
1679506451518 0.7523286938667297 1786
1679506451629 0.752535343170166 1787
1679506451744 0.7526784539222717 1788
1679506451854 0.7524876594543457 1789
1679506451966 0.7529009580612183 1790
1679506452081 0.7527579069137573 1791
1679506452189 0.752535343170166 1792
1679506452302 0.752694308757782 1793
1679506452411 0.7529009580612183 1794
1679506452521 0.7525830268859863 1795
1679506452640 0.7525194883346558 1796
1679506452750 0.753028154373169 1797
1679506452870 0.7524876594543457 1798
1679506452983 0.7523605227470398 1799
1679506453095 0.7529963254928589 1800
1679506453209 0.7523286938667297 1801
1679506453323 0.7522333264350891 1802
1679506453434 0.7529486417770386 1803
1679506453553 0.7531235218048096 1804
1679506453670 0.7526784539222717 1805
1679506453781 0.7526307702064514 1806
1679506453893 0.752710223197937 1807
1679506454005 0.7528373599052429 1808
1679506454119 0.7527896761894226 1809
1679506454233 0.7530122399330139 1810
1679506454342 0.7525830268859863 1811
1679506454446 0.752535343170166 1812
1679506454563 0.7524558901786804 1813
1679506454673 0.7525830268859863 1814
1679506454791 0.7524399757385254 1815
1679506454897 0.752869188785553 1816
1679506455010 0.7523286938667297 1817
1679506455122 0.7525989413261414 1818
1679506455232 0.7523605227470398 1819
1679506455344 0.7523605227470398 1820
1679506455450 0.7522333264350891 1821
1679506455560 0.7520108222961426 1822
1679506455678 0.7526784539222717 1823
1679506455787 0.7524082064628601 1824
1679506455893 0.7524558901786804 1825
1679506456001 0.7524241209030151 1826
1679506456117 0.752726137638092 1827
1679506456227 0.7529009580612183 1828
1679506456343 0.7527419924736023 1829
1679506456458 0.752853274345398 1830
1679506456565 0.7527579069137573 1831
1679506456671 0.752551257610321 1832
1679506456792 0.7528055906295776 1833
1679506456902 0.7525989413261414 1834
1679506457014 0.7532506585121155 1835
1679506457122 0.7524558901786804 1836
1679506457230 0.752853274345398 1837
1679506457339 0.7526784539222717 1838
1679506457449 0.7530440092086792 1839
1679506457563 0.7524082064628601 1840
1679506457670 0.7526784539222717 1841
1679506457776 0.752853274345398 1842
1679506457884 0.7522810101509094 1843
1679506457998 0.7530599236488342 1844
1679506458104 0.7526307702064514 1845
1679506458246 0.7523446083068848 1846
1679506458364 0.7525194883346558 1847
1679506458468 0.7522015571594238 1848
1679506458579 0.7527579069137573 1849
1679506458694 0.7526307702064514 1850
1679506458800 0.7527579069137573 1851
1679506458910 0.7525830268859863 1852
1679506459016 0.7524876594543457 1853
1679506459131 0.752885103225708 1854
1679506459242 0.7526784539222717 1855
1679506459350 0.7523764371871948 1856
1679506459463 0.7526784539222717 1857
1679506459580 0.7524876594543457 1858
1679506459685 0.752551257610321 1859
1679506459799 0.7528215050697327 1860
1679506459908 0.7525194883346558 1861
1679506460014 0.7526784539222717 1862
1679506460126 0.752535343170166 1863
1679506460244 0.7529168725013733 1864
1679506460350 0.7527896761894226 1865
1679506460462 0.7529327869415283 1866
1679506460577 0.7528055906295776 1867
1679506460692 0.7529009580612183 1868
1679506460801 0.7524082064628601 1869
1679506460914 0.7529168725013733 1870
1679506461020 0.7525671720504761 1871
1679506461126 0.7524082064628601 1872
1679506461234 0.7529327869415283 1873
1679506461345 0.7524718046188354 1874
1679506461451 0.7528373599052429 1875
1679506461558 0.7525035738945007 1876
1679506461675 0.7528373599052429 1877
1679506461784 0.752885103225708 1878
1679506461889 0.7529645562171936 1879
1679506462001 0.752710223197937 1880
1679506462110 0.7527896761894226 1881
1679506462224 0.7522174715995789 1882
1679506462333 0.7526148557662964 1883
1679506462444 0.7525035738945007 1884
1679506462559 0.7525989413261414 1885
1679506462667 0.7530599236488342 1886
1679506462774 0.7522333264350891 1887
1679506462890 0.7522810101509094 1888
1679506463006 0.7526307702064514 1889
1679506463115 0.7530122399330139 1890
1679506463222 0.7527738213539124 1891
1679506463338 0.7527419924736023 1892
1679506463447 0.7526784539222717 1893
1679506463554 0.752853274345398 1894
1679506463664 0.7522015571594238 1895
1679506463772 0.7534732222557068 1896
1679506463889 0.7521856427192688 1897
1679506463998 0.7525035738945007 1898
1679506464104 0.752551257610321 1899
1679506464218 0.7534096240997314 1900
1679506464329 0.7527579069137573 1901
1679506464439 0.7530758380889893 1902
1679506464556 0.7528055906295776 1903
1679506464662 0.7531393766403198 1904
1679506464771 0.7523922920227051 1905
1679506464883 0.7526466250419617 1906
1679506464998 0.7527419924736023 1907
1679506465104 0.7530758380889893 1908
1679506465218 0.7529009580612183 1909
1679506465328 0.752694308757782 1910
1679506465433 0.7526307702064514 1911
1679506465545 0.7531871199607849 1912
1679506465659 0.7525194883346558 1913
1679506465769 0.752535343170166 1914
1679506465880 0.7529327869415283 1915
1679506465990 0.7533460259437561 1916
1679506466099 0.7523922920227051 1917
1679506466214 0.7525035738945007 1918
1679506466325 0.7525671720504761 1919
1679506466432 0.7523128390312195 1920
1679506466549 0.752726137638092 1921
1679506466660 0.7524082064628601 1922
1679506466771 0.7525830268859863 1923
1679506466880 0.7529327869415283 1924
1679506466998 0.7529009580612183 1925
1679506467109 0.7529486417770386 1926
1679506467226 0.7527579069137573 1927
1679506467330 0.7527738213539124 1928
1679506467436 0.7525035738945007 1929
1679506467550 0.7527896761894226 1930
1679506467655 0.7528373599052429 1931
1679506467771 0.7527738213539124 1932
1679506467887 0.7529645562171936 1933
1679506467998 0.7526625394821167 1934
1679506468109 0.7529009580612183 1935
1679506468225 0.7535368204116821 1936
1679506468347 0.7525830268859863 1937
1679506468466 0.7525194883346558 1938
1679506468576 0.7525194883346558 1939
1679506468691 0.7534414529800415 1940
1679506468804 0.7523446083068848 1941
1679506468922 0.7528373599052429 1942
1679506469040 0.753028154373169 1943
1679506469154 0.752869188785553 1944
1679506469265 0.753028154373169 1945
1679506469378 0.7528055906295776 1946
1679506469488 0.7527579069137573 1947
1679506469605 0.7524718046188354 1948
1679506469716 0.7531235218048096 1949
1679506469825 0.7526625394821167 1950
1679506469934 0.752885103225708 1951
1679506470051 0.7523764371871948 1952
1679506470164 0.7526625394821167 1953
1679506470280 0.752694308757782 1954
1679506470391 0.7527579069137573 1955
1679506470501 0.7526466250419617 1956
1679506470615 0.752710223197937 1957
1679506470736 0.7526625394821167 1958
1679506470847 0.752551257610321 1959
1679506470962 0.7529327869415283 1960
1679506471082 0.7524718046188354 1961
1679506471197 0.7522174715995789 1962
1679506471389 0.7532188892364502 1963
1679506471560 0.7526307702064514 1964
1679506471668 0.752535343170166 1965
1679506471784 0.7529327869415283 1966
1679506471944 0.7528055906295776 1967
1679506472067 0.7529963254928589 1968
1679506472210 0.7530440092086792 1969
1679506472364 0.7524241209030151 1970
1679506472473 0.7525989413261414 1971
1679506472633 0.7528215050697327 1972
1679506472752 0.7524082064628601 1973
1679506472865 0.7523922920227051 1974
1679506472974 0.752710223197937 1975
1679506473094 0.7524082064628601 1976
1679506473202 0.7534096240997314 1977
1679506473315 0.752551257610321 1978
1679506473421 0.7529486417770386 1979
1679506473534 0.7525989413261414 1980
1679506473645 0.7525671720504761 1981
1679506473802 0.7528215050697327 1982
1679506473924 0.7532348036766052 1983
1679506474033 0.752869188785553 1984
1679506474144 0.7525035738945007 1985
1679506474270 0.7529963254928589 1986
1679506474380 0.7526466250419617 1987
1679506474493 0.7529804706573486 1988
1679506474602 0.7527896761894226 1989
1679506474711 0.752853274345398 1990
1679506474821 0.7529804706573486 1991
1679506474938 0.7523764371871948 1992
1679506475044 0.7529009580612183 1993
1679506475149 0.7529804706573486 1994
1679506475264 0.7526307702064514 1995
1679506475377 0.7526784539222717 1996
1679506475489 0.752885103225708 1997
1679506475609 0.7527579069137573 1998
1679506475725 0.7529486417770386 1999
