1679506257485 0.6500063538551331 0
1679506257585 0.5998978018760681 1
1679506257690 0.5726489424705505 2
1679506257793 0.553267240524292 3
1679506257895 0.5405365228652954 4
1679506257996 0.5328331589698792 5
1679506258110 0.528476357460022 6
1679506258213 0.5262523293495178 7
1679506258315 0.5249621868133545 8
1679506258417 0.5241008996963501 9
1679506258518 0.5235562324523926 10
1679506258619 0.5230630040168762 11
1679506258718 0.5227258801460266 12
1679506258818 0.5224148631095886 13
1679506258921 0.52217036485672 14
1679506259023 0.5218901634216309 15
1679506259123 0.5216821432113647 16
1679506259224 0.52147376537323 17
1679506259327 0.5212739706039429 18
1679506259437 0.5211259722709656 19
1679506259539 0.5209078788757324 20
1679506259642 0.5207921862602234 21
1679506259746 0.5206151604652405 22
1679506259846 0.5204675793647766 23
1679506259951 0.5203227996826172 24
1679506260057 0.5201433300971985 25
1679506260166 0.5200744867324829 26
1679506260274 0.519905149936676 27
1679506260383 0.5198279619216919 28
1679506260488 0.5197060108184814 29
1679506260593 0.5195754170417786 30
1679506260698 0.519453763961792 31
1679506260808 0.5193502902984619 32
1679506260910 0.5193028450012207 33
1679506261017 0.5191738605499268 34
1679506261125 0.5190831422805786 35
1679506261234 0.5189868807792664 36
1679506261343 0.5188823938369751 37
1679506261459 0.5188003182411194 38
1679506261564 0.5186954736709595 39
1679506261671 0.5186727046966553 40
1679506261773 0.5185845494270325 41
1679506261876 0.5184962749481201 42
1679506261977 0.5184205174446106 43
1679506262085 0.5183219909667969 44
1679506262191 0.5182872414588928 45
1679506262300 0.5181841254234314 46
1679506262415 0.5181437730789185 47
1679506262548 0.51806640625 48
1679506262657 0.5180100202560425 49
1679506262774 0.5179348587989807 50
1679506262928 0.5178242325782776 51
1679506263092 0.5177839994430542 52
1679506263208 0.5177308320999146 53
1679506263309 0.5176571011543274 54
1679506263417 0.5176077485084534 55
1679506263522 0.5175244212150574 56
1679506263631 0.5174708962440491 57
1679506263744 0.5173919796943665 58
1679506263852 0.5173246264457703 59
1679506263957 0.5172659754753113 60
1679506264062 0.5172507166862488 61
1679506264167 0.5171761512756348 62
1679506264268 0.5170699954032898 63
1679506264371 0.5170750021934509 64
1679506264475 0.5170176029205322 65
1679506264578 0.5169085264205933 66
1679506264680 0.5168548822402954 67
1679506264785 0.516775906085968 68
1679506264894 0.5167540907859802 69
1679506264999 0.5167174339294434 70
1679506265105 0.5166600942611694 71
1679506265210 0.5166040658950806 72
1679506265312 0.5165283679962158 73
1679506265417 0.5164722204208374 74
1679506265524 0.5164228081703186 75
1679506265624 0.5163862109184265 76
1679506265734 0.5162264108657837 77
1679506265839 0.5162935853004456 78
1679506265942 0.5162171721458435 79
1679506266044 0.5161742568016052 80
1679506266146 0.516069769859314 81
1679506266256 0.5160620808601379 82
1679506266361 0.5160412192344666 83
1679506266464 0.5159674286842346 84
1679506266566 0.515895426273346 85
1679506266666 0.5158121585845947 86
1679506266768 0.5158170461654663 87
1679506266875 0.515727698802948 88
1679506266984 0.5156605839729309 89
1679506267089 0.5156295299530029 90
1679506267196 0.5155761241912842 91
1679506267303 0.5155178308486938 92
1679506267413 0.5154520273208618 93
1679506267521 0.5154089331626892 94
1679506267623 0.5153262615203857 95
1679506267726 0.5153219699859619 96
1679506267832 0.5152407288551331 97
1679506267942 0.5152342915534973 98
1679506268056 0.5150949358940125 99
1679506268162 0.5151102542877197 100
1679506268274 0.5150485038757324 101
1679506268380 0.5149669051170349 102
1679506268490 0.5148881673812866 103
1679506268592 0.5148674845695496 104
1679506268699 0.5148412585258484 105
1679506268804 0.5147597789764404 106
1679506268908 0.5146639347076416 107
1679506269011 0.5146145224571228 108
1679506269119 0.5145735144615173 109
1679506269220 0.5145597457885742 110
1679506269322 0.5144709944725037 111
1679506269426 0.5143983960151672 112
1679506269535 0.514388382434845 113
1679506269640 0.5143194794654846 114
1679506269746 0.514279842376709 115
1679506269849 0.5142333507537842 116
1679506269952 0.5141462087631226 117
1679506270053 0.5141558051109314 118
1679506270155 0.5140702724456787 119
1679506270256 0.5140361189842224 120
1679506270362 0.5139836668968201 121
1679506270468 0.5139226317405701 122
1679506270570 0.5138937830924988 123
1679506270675 0.5138276815414429 124
1679506270777 0.5137826204299927 125
1679506270887 0.513708233833313 126
1679506270992 0.5136817097663879 127
1679506271099 0.5136233568191528 128
1679506271200 0.5135209560394287 129
1679506271304 0.513521134853363 130
1679506271407 0.5134968757629395 131
1679506271514 0.5134288668632507 132
1679506271621 0.5134045481681824 133
1679506271723 0.513350248336792 134
1679506271826 0.5133034586906433 135
1679506271933 0.513253390789032 136
1679506272036 0.5131891369819641 137
1679506272142 0.5131607055664062 138
1679506272243 0.513120174407959 139
1679506272345 0.513042688369751 140
1679506272444 0.5129975080490112 141
1679506272547 0.5129684209823608 142
1679506272650 0.5129303336143494 143
1679506272755 0.5128573179244995 144
1679506272859 0.5128226280212402 145
1679506272961 0.5127962231636047 146
1679506273068 0.5127448439598083 147
1679506273172 0.5127133131027222 148
1679506273275 0.5126267671585083 149
1679506273378 0.5125648975372314 150
1679506273489 0.5125327706336975 151
1679506273591 0.5124856233596802 152
1679506273699 0.5124997496604919 153
1679506273803 0.5124008655548096 154
1679506273909 0.5122769474983215 155
1679506274018 0.5122844576835632 156
1679506274120 0.5122398138046265 157
1679506274223 0.5122169256210327 158
1679506274325 0.5121820569038391 159
1679506274427 0.5121384859085083 160
1679506274530 0.5120084881782532 161
1679506274633 0.5120440125465393 162
1679506274737 0.5119611024856567 163
1679506274840 0.5119556188583374 164
1679506274944 0.511907696723938 165
1679506275054 0.511898934841156 166
1679506275161 0.5118272304534912 167
1679506275263 0.5117794871330261 168
1679506275367 0.5117679238319397 169
1679506275471 0.5116952061653137 170
1679506275575 0.5116506218910217 171
1679506275686 0.5116643905639648 172
1679506275790 0.5116046667098999 173
1679506275900 0.5115597248077393 174
1679506276002 0.5114404559135437 175
1679506276107 0.5114906430244446 176
1679506276210 0.5113932490348816 177
1679506276317 0.511370062828064 178
1679506276420 0.5113633275032043 179
1679506276525 0.5112926959991455 180
1679506276627 0.5112658739089966 181
1679506276735 0.511221706867218 182
1679506276838 0.5111837387084961 183
1679506276944 0.5111324191093445 184
1679506277050 0.5110986828804016 185
1679506277153 0.5110630393028259 186
1679506277257 0.5110142230987549 187
1679506277360 0.5109782814979553 188
1679506277466 0.5109524726867676 189
1679506277570 0.5109362006187439 190
1679506277673 0.5108533501625061 191
1679506277783 0.5108569860458374 192
1679506277886 0.5108372569084167 193
1679506277991 0.5107247233390808 194
1679506278133 0.5107346773147583 195
1679506278238 0.5106763243675232 196
1679506278343 0.5106534361839294 197
1679506278444 0.5106419920921326 198
1679506278546 0.5106151700019836 199
1679506278647 0.5105629563331604 200
1679506278754 0.5104872584342957 201
1679506278861 0.5105124711990356 202
1679506278966 0.5104851126670837 203
1679506279068 0.5103768706321716 204
1679506279172 0.5103669166564941 205
1679506279274 0.5103307962417603 206
1679506279379 0.5103108286857605 207
1679506279482 0.5102698802947998 208
1679506279591 0.5102450251579285 209
1679506279693 0.5101622343063354 210
1679506279802 0.510185182094574 211
1679506279906 0.5101701617240906 212
1679506280014 0.5100969076156616 213
1679506280124 0.5100724697113037 214
1679506280232 0.5100220441818237 215
1679506280336 0.5099892616271973 216
1679506280440 0.5100011229515076 217
1679506280542 0.5099427700042725 218
1679506280648 0.5099332332611084 219
1679506280753 0.5098655819892883 220
1679506280857 0.5098348259925842 221
1679506280959 0.5098430514335632 222
1679506281065 0.5098258256912231 223
1679506281169 0.5097823739051819 224
1679506281274 0.5097101926803589 225
1679506281379 0.5097058415412903 226
1679506281486 0.5096770524978638 227
1679506281589 0.5096390843391418 228
1679506281691 0.5095975995063782 229
1679506281802 0.5095833539962769 230
1679506281904 0.5095322132110596 231
1679506282010 0.5095219612121582 232
1679506282126 0.5094768404960632 233
1679506282240 0.5094940662384033 234
1679506282348 0.5094230771064758 235
1679506282458 0.5093758702278137 236
1679506282573 0.5094420313835144 237
1679506282683 0.5093259215354919 238
1679506282788 0.509337842464447 239
1679506282891 0.5092730522155762 240
1679506282998 0.509272038936615 241
1679506283105 0.5092801451683044 242
1679506283216 0.5091992020606995 243
1679506283321 0.5092257261276245 244
1679506283428 0.5091673135757446 245
1679506283535 0.509155809879303 246
1679506283638 0.5091172456741333 247
1679506283742 0.5090866088867188 248
1679506283856 0.5090322494506836 249
1679506283961 0.5090274810791016 250
1679506284072 0.508995771408081 251
1679506284178 0.5089655518531799 252
1679506284284 0.5089790225028992 253
1679506284387 0.5089679956436157 254
1679506284495 0.5089346170425415 255
1679506284600 0.5088194608688354 256
1679506284705 0.508897066116333 257
1679506284807 0.5088896751403809 258
1679506284909 0.5088557600975037 259
1679506285014 0.5088454484939575 260
1679506285117 0.5087854266166687 261
1679506285222 0.5087350606918335 262
1679506285330 0.5087165832519531 263
1679506285439 0.5087430477142334 264
1679506285546 0.5086942315101624 265
1679506285660 0.508659839630127 266
1679506285761 0.5086140632629395 267
1679506285877 0.5086698532104492 268
1679506285984 0.5085856318473816 269
1679506286088 0.50856614112854 270
1679506286193 0.508593738079071 271
1679506286299 0.5085538029670715 272
1679506286404 0.5085271000862122 273
1679506286510 0.5084980130195618 274
1679506286618 0.5084963440895081 275
1679506286722 0.5084534883499146 276
1679506286824 0.5084646344184875 277
1679506286933 0.5084143280982971 278
1679506287036 0.508399248123169 279
1679506287141 0.5083752870559692 280
1679506287245 0.5083914399147034 281
1679506287350 0.5083668828010559 282
1679506287457 0.508338987827301 283
1679506287580 0.5083217620849609 284
1679506287689 0.5082560777664185 285
1679506287795 0.5082807540893555 286
1679506287910 0.5082630515098572 287
1679506288013 0.5082292556762695 288
1679506288119 0.5081928968429565 289
1679506288234 0.5081614255905151 290
1679506288350 0.5081304907798767 291
1679506288455 0.5081603527069092 292
1679506288560 0.508117139339447 293
1679506288664 0.5080986022949219 294
1679506288769 0.5080229043960571 295
1679506288873 0.5080732107162476 296
1679506288975 0.5080561637878418 297
1679506289076 0.5080010294914246 298
1679506289177 0.5079780220985413 299
1679506289285 0.507980227470398 300
1679506289388 0.5079894065856934 301
1679506289496 0.5079365372657776 302
1679506289604 0.507919192314148 303
1679506289709 0.5079256892204285 304
1679506289816 0.5079143047332764 305
1679506289925 0.5078719258308411 306
1679506290031 0.5078703761100769 307
1679506290137 0.5078731179237366 308
1679506290251 0.5078556537628174 309
1679506290359 0.5077943801879883 310
1679506290469 0.5078417062759399 311
1679506290572 0.5077595710754395 312
1679506290676 0.5077465772628784 313
1679506290782 0.5077314972877502 314
1679506290887 0.5077465176582336 315
1679506290998 0.5077322721481323 316
1679506291102 0.5076730847358704 317
1679506291209 0.5076716542243958 318
1679506291317 0.5076870322227478 319
1679506291426 0.5076491236686707 320
1679506291530 0.507655918598175 321
1679506291634 0.5076335072517395 322
1679506291740 0.5075799822807312 323
1679506291843 0.507603645324707 324
1679506291951 0.5075592994689941 325
1679506292073 0.5075677633285522 326
1679506292180 0.507573664188385 327
1679506292290 0.5075151920318604 328
1679506292401 0.507465124130249 329
1679506292509 0.5075148940086365 330
1679506292617 0.5074946284294128 331
1679506292727 0.5074467062950134 332
1679506292834 0.5074589252471924 333
1679506292938 0.5074456334114075 334
1679506293044 0.5074038505554199 335
1679506293154 0.5074374079704285 336
1679506293260 0.5074246525764465 337
1679506293364 0.5074096322059631 338
1679506293466 0.5073738098144531 339
1679506293569 0.507373571395874 340
1679506293679 0.5073805451393127 341
1679506293783 0.5073326826095581 342
1679506293888 0.5072727799415588 343
1679506293993 0.5073128938674927 344
1679506294101 0.5072693228721619 345
1679506294203 0.5072615146636963 346
1679506294305 0.5071739554405212 347
1679506294410 0.5072164535522461 348
1679506294518 0.5072616934776306 349
1679506294627 0.5072049498558044 350
1679506294737 0.5071918368339539 351
1679506294844 0.507125973701477 352
1679506294954 0.5071530342102051 353
1679506295071 0.5071506500244141 354
1679506295175 0.5071062445640564 355
1679506295280 0.507112979888916 356
1679506295384 0.5070882439613342 357
1679506295488 0.507049560546875 358
1679506295592 0.5071033835411072 359
1679506295701 0.5070525407791138 360
1679506295805 0.5070655941963196 361
1679506295915 0.5070229172706604 362
1679506296027 0.5070357322692871 363
1679506296134 0.5070797801017761 364
1679506296240 0.5070169568061829 365
1679506296349 0.5069974660873413 366
1679506296458 0.507034420967102 367
1679506296572 0.5069896578788757 368
1679506296674 0.5069668292999268 369
1679506296785 0.5069630146026611 370
1679506296895 0.5069777369499207 371
1679506297007 0.5069277882575989 372
1679506297116 0.5069204568862915 373
1679506297221 0.5069533586502075 374
1679506297326 0.5069175362586975 375
1679506297434 0.5068971514701843 376
1679506297537 0.5068771839141846 377
1679506297643 0.5068539381027222 378
1679506297754 0.5068755149841309 379
1679506297863 0.5068444013595581 380
1679506297972 0.5068166255950928 381
1679506298079 0.5067937970161438 382
1679506298186 0.5068221092224121 383
1679506298291 0.5067906975746155 384
1679506298396 0.5068070888519287 385
1679506298500 0.5068181753158569 386
1679506298605 0.5067808628082275 387
1679506298711 0.5066968202590942 388
1679506298818 0.5067299008369446 389
1679506298922 0.5066437125205994 390
1679506299033 0.5067567229270935 391
1679506299140 0.5066690444946289 392
1679506299247 0.5066800117492676 393
1679506299358 0.5067118406295776 394
1679506299464 0.5067256689071655 395
1679506299569 0.5066453218460083 396
1679506299678 0.5066484808921814 397
1679506299784 0.506603479385376 398
1679506299892 0.5066823959350586 399
1679506299999 0.5065781474113464 400
1679506300110 0.5066168904304504 401
1679506300216 0.5065987706184387 402
1679506300319 0.5066248774528503 403
1679506300424 0.5065736770629883 404
1679506300532 0.5065450668334961 405
1679506300640 0.5065445899963379 406
1679506300747 0.5065770745277405 407
1679506300853 0.5065426230430603 408
1679506300962 0.5065294504165649 409
1679506301070 0.5065464377403259 410
1679506301174 0.5064924359321594 411
1679506301277 0.5065464973449707 412
1679506301381 0.5064833164215088 413
1679506301485 0.5064768195152283 414
1679506301588 0.5064579248428345 415
1679506301692 0.5064941644668579 416
1679506301797 0.5064509510993958 417
1679506301903 0.5064370632171631 418
1679506302008 0.5064411163330078 419
1679506302111 0.5064166188240051 420
1679506302223 0.506440281867981 421
1679506302328 0.5063849687576294 422
1679506302434 0.5063984990119934 423
1679506302539 0.5063886046409607 424
1679506302644 0.5063731670379639 425
1679506302751 0.5063655376434326 426
1679506302853 0.50636225938797 427
1679506302958 0.5063050389289856 428
1679506303064 0.5063333511352539 429
1679506303179 0.5063343644142151 430
1679506303293 0.5063095688819885 431
1679506303405 0.5063433051109314 432
1679506303514 0.5063072443008423 433
1679506303625 0.506287157535553 434
1679506303730 0.5063297748565674 435
1679506303836 0.5062251687049866 436
1679506303942 0.5062870979309082 437
1679506304048 0.5062463283538818 438
1679506304161 0.506199836730957 439
1679506304272 0.5062350034713745 440
1679506304376 0.5062440037727356 441
1679506304481 0.5061824917793274 442
1679506304594 0.5062398910522461 443
1679506304698 0.5061960816383362 444
1679506304802 0.5061830282211304 445
1679506304907 0.506205677986145 446
1679506305016 0.5061885714530945 447
1679506305132 0.5062055587768555 448
1679506305242 0.506126344203949 449
1679506305351 0.5061368942260742 450
1679506305455 0.506177544593811 451
1679506305560 0.5061365962028503 452
1679506305668 0.5061233043670654 453
1679506305772 0.5061551928520203 454
1679506305893 0.5061169266700745 455
1679506306003 0.5060544610023499 456
1679506306110 0.506048321723938 457
1679506306223 0.5060744881629944 458
1679506306327 0.5060641765594482 459
1679506306431 0.506091296672821 460
1679506306535 0.5060822367668152 461
1679506306638 0.506000816822052 462
1679506306740 0.5060100555419922 463
1679506306847 0.5060664415359497 464
1679506306955 0.5060529112815857 465
1679506307070 0.5059676170349121 466
1679506307183 0.5060282945632935 467
1679506307294 0.5060375332832336 468
1679506307405 0.5059602856636047 469
1679506307521 0.50596684217453 470
1679506307628 0.505952000617981 471
1679506307736 0.5060024857521057 472
1679506307841 0.5059971809387207 473
1679506307949 0.5059221386909485 474
1679506308054 0.5059405565261841 475
1679506308160 0.5059857368469238 476
1679506308273 0.5059534311294556 477
1679506308386 0.5059599280357361 478
1679506308497 0.5059365034103394 479
1679506308609 0.5059765577316284 480
1679506308719 0.505888819694519 481
1679506308821 0.505901575088501 482
1679506308926 0.5058753490447998 483
1679506309039 0.5059029459953308 484
1679506309153 0.505886971950531 485
1679506309262 0.5058708190917969 486
1679506309369 0.5058757662773132 487
1679506309482 0.5058579444885254 488
1679506309598 0.5058225989341736 489
1679506309706 0.5058355331420898 490
1679506309814 0.5058274865150452 491
1679506309923 0.5057874321937561 492
1679506310032 0.5058175921440125 493
1679506310137 0.5058366060256958 494
1679506310245 0.5057828426361084 495
1679506310360 0.5057624578475952 496
1679506310465 0.5057555437088013 497
1679506310569 0.5058180689811707 498
1679506310674 0.5057858228683472 499
1679506310781 0.5057710409164429 500
1679506310893 0.5058120489120483 501
1679506311003 0.5057766437530518 502
1679506311112 0.5057216882705688 503
1679506311219 0.5057982206344604 504
1679506311325 0.5057421326637268 505
1679506311429 0.5057333111763 506
1679506311538 0.5057325959205627 507
1679506311641 0.5057574510574341 508
1679506311747 0.5056655406951904 509
1679506311853 0.5056834816932678 510
1679506311970 0.5057251453399658 511
1679506312075 0.5056816339492798 512
1679506312182 0.5056741237640381 513
1679506312290 0.5056900382041931 514
1679506312400 0.5056963562965393 515
1679506312508 0.5056540369987488 516
1679506312614 0.5056712627410889 517
1679506312720 0.5056281089782715 518
1679506312825 0.5056620836257935 519
1679506312932 0.5056313872337341 520
1679506313035 0.5056356191635132 521
1679506313150 0.505599856376648 522
1679506313255 0.5056036114692688 523
1679506313363 0.5055796504020691 524
1679506313468 0.5056004524230957 525
1679506313574 0.505563497543335 526
1679506313679 0.505580723285675 527
1679506313783 0.5055988430976868 528
1679506313885 0.5055453181266785 529
1679506313988 0.5055331587791443 530
1679506314091 0.5055932998657227 531
1679506314198 0.505563497543335 532
1679506314311 0.505508303642273 533
1679506314426 0.5055777430534363 534
1679506314531 0.5055649280548096 535
1679506314640 0.5055220723152161 536
1679506314744 0.505495011806488 537
1679506314848 0.5054969191551208 538
1679506314952 0.5054948329925537 539
1679506315059 0.505518913269043 540
1679506315166 0.5055144429206848 541
1679506315276 0.505466103553772 542
1679506315385 0.5054450035095215 543
1679506315498 0.5054121613502502 544
1679506315607 0.5054886341094971 545
1679506315715 0.5054783225059509 546
1679506315821 0.5054569244384766 547
1679506315927 0.5054855942726135 548
1679506316036 0.5054513216018677 549
1679506316139 0.5054593086242676 550
1679506316246 0.5054744482040405 551
1679506316352 0.5054193735122681 552
1679506316456 0.505445122718811 553
1679506316568 0.5053837895393372 554
1679506316680 0.5054322481155396 555
1679506316787 0.5054498910903931 556
1679506316894 0.5053905248641968 557
1679506316999 0.5054157376289368 558
1679506317104 0.5053642392158508 559
1679506317207 0.5054006576538086 560
1679506317311 0.5053756237030029 561
1679506317417 0.5054163932800293 562
1679506317524 0.5053171515464783 563
1679506317636 0.5053423643112183 564
1679506317740 0.505346417427063 565
1679506317847 0.505355179309845 566
1679506317953 0.5053444504737854 567
1679506318056 0.5053220391273499 568
1679506318159 0.5053523182868958 569
1679506318266 0.5053405165672302 570
1679506318373 0.5053648948669434 571
1679506318483 0.5053030848503113 572
1679506318587 0.5052945017814636 573
1679506318703 0.5052893757820129 574
1679506318809 0.5053226947784424 575
1679506318916 0.5053063035011292 576
1679506319025 0.5052701830863953 577
1679506319132 0.5052779912948608 578
1679506319239 0.5052744150161743 579
1679506319344 0.5052953362464905 580
1679506319452 0.5052403807640076 581
1679506319559 0.5052633881568909 582
1679506319672 0.505283534526825 583
1679506319781 0.5052306652069092 584
1679506319886 0.5052937865257263 585
1679506319990 0.5052236318588257 586
1679506320098 0.5052395462989807 587
1679506320202 0.5052699446678162 588
1679506320310 0.5052387118339539 589
1679506320416 0.5052434206008911 590
1679506320533 0.505204975605011 591
1679506320647 0.5051957368850708 592
1679506320752 0.5051822662353516 593
1679506320860 0.5052024126052856 594
1679506320969 0.50518798828125 595
1679506321074 0.5051670074462891 596
1679506321179 0.5051720142364502 597
1679506321283 0.5052475929260254 598
1679506321392 0.5052017569541931 599
1679506321499 0.5051630139350891 600
1679506321604 0.5051559805870056 601
1679506321713 0.5051860213279724 602
1679506321820 0.5051747560501099 603
1679506321924 0.5051660537719727 604
1679506322029 0.5051499009132385 605
1679506322137 0.5051454305648804 606
1679506322242 0.5052023530006409 607
1679506322349 0.5051531195640564 608
1679506322455 0.5051053762435913 609
1679506322568 0.5051851272583008 610
1679506322671 0.5051208734512329 611
1679506322784 0.5051308870315552 612
1679506322892 0.5050825476646423 613
1679506323003 0.5050495862960815 614
1679506323144 0.5050992965698242 615
1679506323250 0.5051131844520569 616
1679506323357 0.505146324634552 617
1679506323482 0.505066990852356 618
1679506323591 0.505087673664093 619
1679506323697 0.5050503611564636 620
1679506323811 0.5050540566444397 621
1679506323923 0.5050543546676636 622
1679506324031 0.5050631165504456 623
1679506324136 0.5050275325775146 624
1679506324240 0.5050485134124756 625
1679506324347 0.5050467848777771 626
1679506324451 0.5050231218338013 627
1679506324571 0.5050363540649414 628
1679506324674 0.5050539374351501 629
1679506324785 0.5050519704818726 630
1679506324890 0.5049639344215393 631
1679506324997 0.5049725770950317 632
1679506325104 0.5050169229507446 633
1679506325207 0.504989504814148 634
1679506325315 0.5050246119499207 635
1679506325420 0.5050038695335388 636
1679506325523 0.5050340890884399 637
1679506325632 0.5050118565559387 638
1679506325737 0.5049372315406799 639
1679506325847 0.5049864649772644 640
1679506325950 0.5050045251846313 641
1679506326055 0.5049763321876526 642
1679506326157 0.5049928426742554 643
1679506326262 0.504973828792572 644
1679506326364 0.5049241185188293 645
1679506326468 0.5049054622650146 646
1679506326573 0.5049452185630798 647
1679506326677 0.5049472451210022 648
1679506326794 0.5048896074295044 649
1679506326899 0.5049564838409424 650
1679506327003 0.5049042105674744 651
1679506327107 0.5049557685852051 652
1679506327212 0.5049186944961548 653
1679506327321 0.504898726940155 654
1679506327427 0.5049682855606079 655
1679506327535 0.5049012303352356 656
1679506327641 0.5048815011978149 657
1679506327750 0.5048965811729431 658
1679506327858 0.5049186944961548 659
1679506327965 0.5048966407775879 660
1679506328070 0.5049208402633667 661
1679506328180 0.5048496127128601 662
1679506328284 0.5048866271972656 663
1679506328391 0.5048573613166809 664
1679506328498 0.5048518180847168 665
1679506328604 0.5048818588256836 666
1679506328718 0.5048716068267822 667
1679506328826 0.5048259496688843 668
1679506328936 0.5048695206642151 669
1679506329041 0.5048328042030334 670
1679506329149 0.5048598051071167 671
1679506329253 0.5048717856407166 672
1679506329357 0.5048560500144958 673
1679506329463 0.5048486590385437 674
1679506329573 0.5048666596412659 675
1679506329678 0.504819393157959 676
1679506329785 0.5048273205757141 677
1679506329893 0.5048013925552368 678
1679506330002 0.5048420429229736 679
1679506330107 0.5048366189002991 680
1679506330211 0.5048059225082397 681
1679506330315 0.5048156976699829 682
1679506330419 0.5048201680183411 683
1679506330531 0.5047524571418762 684
1679506330636 0.5048161745071411 685
1679506330742 0.5048345327377319 686
1679506330845 0.5047829747200012 687
1679506330954 0.5047368407249451 688
1679506331062 0.5048220157623291 689
1679506331170 0.5047528147697449 690
1679506331278 0.5048168301582336 691
1679506331390 0.5047622323036194 692
1679506331494 0.5047918558120728 693
1679506331603 0.5047444105148315 694
1679506331714 0.5046842694282532 695
1679506331822 0.5047364234924316 696
1679506331929 0.5047661066055298 697
1679506332033 0.5047417283058167 698
1679506332140 0.5047503709793091 699
1679506332251 0.5047478675842285 700
1679506332356 0.5047060251235962 701
1679506332463 0.5047217011451721 702
1679506332567 0.5047407150268555 703
1679506332674 0.5046923756599426 704
1679506332775 0.504733145236969 705
1679506332880 0.5047226548194885 706
1679506332984 0.5047019124031067 707
1679506333087 0.5046921372413635 708
1679506333200 0.5047054886817932 709
1679506333305 0.5046712756156921 710
1679506333413 0.5046513676643372 711
1679506333518 0.504592776298523 712
1679506333624 0.5046714544296265 713
1679506333731 0.504686176776886 714
1679506333841 0.5046664476394653 715
1679506333948 0.5045925974845886 716
1679506334056 0.5047346949577332 717
1679506334165 0.5045815706253052 718
1679506334280 0.5046553015708923 719
1679506334386 0.5045971274375916 720
1679506334493 0.504644513130188 721
1679506334595 0.5047076344490051 722
1679506334700 0.5046547055244446 723
1679506334806 0.504635751247406 724
1679506334911 0.504639208316803 725
1679506335020 0.5046693086624146 726
1679506335125 0.5045285224914551 727
1679506335232 0.5046641826629639 728
1679506335341 0.5045822262763977 729
1679506335447 0.5046632289886475 730
1679506335553 0.5046237111091614 731
1679506335661 0.5046415328979492 732
1679506335768 0.5045822262763977 733
1679506335873 0.5046215653419495 734
1679506335985 0.5046146512031555 735
1679506336089 0.50462806224823 736
1679506336196 0.5046005249023438 737
1679506336302 0.5046124458312988 738
1679506336407 0.5046206712722778 739
1679506336511 0.5045490264892578 740
1679506336618 0.504601001739502 741
1679506336722 0.5045605897903442 742
1679506336826 0.5045619010925293 743
1679506336943 0.5045722126960754 744
1679506337046 0.5045902132987976 745
1679506337150 0.5045490264892578 746
1679506337256 0.5045589208602905 747
1679506337361 0.5045878291130066 748
1679506337470 0.5045509338378906 749
1679506337574 0.504515528678894 750
1679506337681 0.5045720338821411 751
1679506337794 0.5045554637908936 752
1679506337902 0.5045399069786072 753
1679506338010 0.504561185836792 754
1679506338130 0.5045408010482788 755
1679506338235 0.5045262575149536 756
1679506338338 0.5045390129089355 757
1679506338448 0.5044865012168884 758
1679506338550 0.5045008659362793 759
1679506338657 0.5045027732849121 760
1679506338760 0.5045146942138672 761
1679506338866 0.5043766498565674 762
1679506338972 0.5044763684272766 763
1679506339075 0.5045160055160522 764
1679506339182 0.5045327544212341 765
1679506339289 0.5045039057731628 766
1679506339399 0.5044969916343689 767
1679506339506 0.5045140981674194 768
1679506339614 0.5044926404953003 769
1679506339719 0.5044687986373901 770
1679506339824 0.504458487033844 771
1679506339935 0.5045229196548462 772
1679506340038 0.5044637322425842 773
1679506340141 0.504452109336853 774
1679506340251 0.5044554471969604 775
1679506340355 0.5045226812362671 776
1679506340464 0.5043988823890686 777
1679506340574 0.5044653415679932 778
1679506340678 0.5044211745262146 779
1679506340785 0.5044282674789429 780
1679506340897 0.5044538974761963 781
1679506341007 0.5044275522232056 782
1679506341113 0.504438579082489 783
1679506341221 0.5044221878051758 784
1679506341328 0.5044152140617371 785
1679506341431 0.5044596791267395 786
1679506341540 0.5044234395027161 787
1679506341648 0.504474401473999 788
1679506341758 0.5044524073600769 789
1679506341864 0.504400372505188 790
1679506341972 0.5044404864311218 791
1679506342079 0.5044401288032532 792
1679506342183 0.5044030547142029 793
1679506342290 0.5044106245040894 794
1679506342395 0.5044670701026917 795
1679506342505 0.5043453574180603 796
1679506342608 0.5043832659721375 797
1679506342714 0.5044052600860596 798
1679506342821 0.504417896270752 799
1679506342935 0.5044227242469788 800
1679506343044 0.5043803453445435 801
1679506343154 0.5043833255767822 802
1679506343270 0.5043747425079346 803
1679506343378 0.5043991208076477 804
1679506343483 0.5043303966522217 805
1679506343595 0.5043779015541077 806
1679506343699 0.5043339729309082 807
1679506343803 0.50435870885849 808
1679506343907 0.5044392347335815 809
1679506344013 0.5043653249740601 810
1679506344126 0.5043683648109436 811
1679506344235 0.50431889295578 812
1679506344340 0.5043418407440186 813
1679506344447 0.504364550113678 814
1679506344552 0.5043083429336548 815
1679506344657 0.5043550133705139 816
1679506344764 0.504392147064209 817
1679506344883 0.5043356418609619 818
1679506344990 0.5043677091598511 819
1679506345097 0.5043460726737976 820
1679506345201 0.5043160319328308 821
1679506345304 0.504329264163971 822
1679506345412 0.504321813583374 823
1679506345519 0.5042988657951355 824
1679506345627 0.5042833089828491 825
1679506345741 0.5042960047721863 826
1679506345845 0.5043054223060608 827
1679506345950 0.5043498873710632 828
1679506346064 0.5041741132736206 829
1679506346170 0.5043469071388245 830
1679506346274 0.5042921304702759 831
1679506346381 0.5043037533760071 832
1679506346493 0.5043444633483887 833
1679506346599 0.504236102104187 834
1679506346704 0.5043262839317322 835
1679506346811 0.5041929483413696 836
1679506346921 0.5042643547058105 837
1679506347028 0.5042734146118164 838
1679506347141 0.5042878985404968 839
1679506347251 0.5041856169700623 840
1679506347359 0.5042746663093567 841
1679506347466 0.5042771697044373 842
1679506347571 0.5042882561683655 843
1679506347681 0.5042407512664795 844
1679506347786 0.5042252540588379 845
1679506347894 0.504267692565918 846
1679506348005 0.5042908787727356 847
1679506348116 0.5042581558227539 848
1679506348222 0.5042482018470764 849
1679506348331 0.5042335391044617 850
1679506348433 0.5041857361793518 851
1679506348537 0.504267692565918 852
1679506348641 0.5041624307632446 853
1679506348751 0.5042389631271362 854
1679506348855 0.5041851997375488 855
1679506348969 0.504192590713501 856
1679506349072 0.5042747855186462 857
1679506349180 0.5041710734367371 858
1679506349285 0.504228413105011 859
1679506349391 0.5042324662208557 860
1679506349496 0.5042221546173096 861
1679506349602 0.5041812658309937 862
1679506349708 0.5042062401771545 863
1679506349815 0.5042111277580261 864
1679506349923 0.5041792988777161 865
1679506350033 0.5042131543159485 866
1679506350142 0.5041831135749817 867
1679506350248 0.5041943192481995 868
1679506350354 0.5042121410369873 869
1679506350460 0.504173755645752 870
1679506350578 0.5041462182998657 871
1679506350685 0.5041533708572388 872
1679506350791 0.5041366219520569 873
1679506350901 0.5041252970695496 874
1679506351014 0.5041778087615967 875
1679506351119 0.5042303204536438 876
1679506351223 0.5040909647941589 877
1679506351336 0.504157543182373 878
1679506351442 0.5041631460189819 879
1679506351550 0.5041481852531433 880
1679506351655 0.5041497349739075 881
1679506351759 0.5041899085044861 882
1679506351866 0.5041245818138123 883
1679506351974 0.5041413903236389 884
1679506352080 0.5041596293449402 885
1679506352191 0.5042123794555664 886
1679506352297 0.5040593147277832 887
1679506352406 0.5040971636772156 888
1679506352515 0.5041285753250122 889
1679506352617 0.5041391253471375 890
1679506352722 0.5041093230247498 891
1679506352830 0.5041168928146362 892
1679506352934 0.5041338801383972 893
1679506353053 0.5041208267211914 894
1679506353161 0.5040744543075562 895
1679506353269 0.5040859580039978 896
1679506353373 0.5041066408157349 897
1679506353478 0.5040807723999023 898
1679506353582 0.5040889382362366 899
1679506353692 0.5041149258613586 900
1679506353801 0.5040571093559265 901
1679506353912 0.5041084885597229 902
1679506354020 0.5041317343711853 903
1679506354130 0.5040959715843201 904
1679506354236 0.5040468573570251 905
1679506354343 0.5040836930274963 906
1679506354448 0.5040878057479858 907
1679506354562 0.5040980577468872 908
1679506354666 0.504095733165741 909
1679506354770 0.5040895342826843 910
1679506354879 0.5040543675422668 911
1679506354981 0.5040301084518433 912
1679506355094 0.5040277242660522 913
1679506355213 0.5040680766105652 914
1679506355318 0.5040194392204285 915
1679506355425 0.504020094871521 916
1679506355535 0.504044771194458 917
1679506355640 0.5040668249130249 918
1679506355744 0.5039604306221008 919
1679506355853 0.5040684342384338 920
1679506355960 0.5040124654769897 921
1679506356067 0.5040163397789001 922
1679506356171 0.5040647387504578 923
1679506356275 0.5040470957756042 924
1679506356381 0.5040279030799866 925
1679506356492 0.5040385127067566 926
1679506356598 0.5040537714958191 927
1679506356703 0.5039900541305542 928
1679506356812 0.5040333271026611 929
1679506356923 0.5039998888969421 930
1679506357031 0.5039994120597839 931
1679506357151 0.5040123462677002 932
1679506357263 0.5040088891983032 933
1679506357369 0.5040518045425415 934
1679506357477 0.5040373802185059 935
1679506357585 0.5040308833122253 936
1679506357699 0.5039706230163574 937
1679506357804 0.5040143132209778 938
1679506357916 0.5039434432983398 939
1679506358026 0.5039733648300171 940
1679506358136 0.5039961934089661 941
1679506358238 0.5039723515510559 942
1679506358344 0.5039797425270081 943
1679506358453 0.5039612054824829 944
1679506358567 0.5040118098258972 945
1679506358673 0.5040121674537659 946
1679506358781 0.5040203332901001 947
1679506358890 0.5039909482002258 948
1679506358997 0.5039643049240112 949
1679506359103 0.5039703845977783 950
1679506359219 0.5039708614349365 951
1679506359330 0.5040113925933838 952
1679506359441 0.5039829611778259 953
1679506359549 0.5039246082305908 954
1679506359657 0.5039781928062439 955
1679506359767 0.5039790868759155 956
1679506359884 0.5038508772850037 957
1679506359991 0.5039467811584473 958
1679506360097 0.5038752555847168 959
1679506360204 0.5039398670196533 960
1679506360314 0.5039480328559875 961
1679506360426 0.5039916038513184 962
1679506360532 0.5039187669754028 963
1679506360636 0.5039538145065308 964
1679506360745 0.5039328932762146 965
1679506360849 0.5039862990379333 966
1679506360956 0.5039404630661011 967
1679506361067 0.5039657950401306 968
1679506361183 0.5039219856262207 969
1679506361286 0.5039849281311035 970
1679506361392 0.5038993954658508 971
1679506361499 0.5039068460464478 972
1679506361605 0.503865659236908 973
1679506361713 0.503929853439331 974
1679506361816 0.5039220452308655 975
1679506361919 0.5039247870445251 976
1679506362028 0.5038731098175049 977
1679506362136 0.5038508176803589 978
1679506362244 0.5039058923721313 979
1679506362355 0.5038981437683105 980
1679506362461 0.5038923621177673 981
1679506362568 0.5038217306137085 982
1679506362680 0.5039288997650146 983
1679506362787 0.50393146276474 984
1679506362897 0.5038688778877258 985
1679506363010 0.5038796663284302 986
1679506363122 0.5038483738899231 987
1679506363241 0.5038929581642151 988
1679506363352 0.5038487315177917 989
1679506363459 0.5038967132568359 990
1679506363565 0.5038999319076538 991
1679506363682 0.5039164423942566 992
1679506363791 0.5038679838180542 993
1679506363901 0.5038440227508545 994
1679506364008 0.5038639903068542 995
1679506364115 0.5038641095161438 996
1679506364220 0.5038408041000366 997
1679506364335 0.5039026737213135 998
1679506364444 0.5038421154022217 999
1679506364549 0.5038183927536011 1000
1679506364658 0.5038815140724182 1001
1679506364764 0.5038710236549377 1002
1679506364868 0.5038716197013855 1003
1679506364979 0.5038692951202393 1004
1679506365089 0.5038426518440247 1005
1679506365196 0.5038363933563232 1006
1679506365313 0.5038422346115112 1007
1679506365423 0.5038543939590454 1008
1679506365534 0.503777027130127 1009
1679506365642 0.503859281539917 1010
1679506365752 0.5038381218910217 1011
1679506365858 0.5038740038871765 1012
1679506365963 0.5038369297981262 1013
1679506366066 0.5038180947303772 1014
1679506366175 0.5038332343101501 1015
1679506366282 0.5037296414375305 1016
1679506366387 0.503827691078186 1017
1679506366492 0.5038517713546753 1018
1679506366598 0.5038198232650757 1019
1679506366705 0.5037829279899597 1020
1679506366810 0.5038373470306396 1021
1679506366914 0.5037884712219238 1022
1679506367019 0.5037602782249451 1023
1679506367124 0.5038104057312012 1024
1679506367234 0.5037961006164551 1025
1679506367344 0.503766655921936 1026
1679506367450 0.5038610696792603 1027
1679506367553 0.5038041472434998 1028
1679506367658 0.5037349462509155 1029
1679506367764 0.5037371516227722 1030
1679506367870 0.5038018226623535 1031
1679506367982 0.5038173794746399 1032
1679506368116 0.5037004947662354 1033
1679506368227 0.5037742257118225 1034
1679506368333 0.5037969350814819 1035
1679506368439 0.5038042068481445 1036
1679506368545 0.5037081241607666 1037
1679506368655 0.5037213563919067 1038
1679506368765 0.5037721395492554 1039
1679506368872 0.5037652254104614 1040
1679506368976 0.5037497878074646 1041
1679506369083 0.5037290453910828 1042
1679506369202 0.5037505030632019 1043
1679506369309 0.5037384629249573 1044
1679506369416 0.5037503242492676 1045
1679506369519 0.5037705302238464 1046
1679506369624 0.5037668347358704 1047
1679506369729 0.5037521123886108 1048
1679506369841 0.5037260055541992 1049
1679506369946 0.5037686824798584 1050
1679506370051 0.5037786960601807 1051
1679506370157 0.5037753582000732 1052
1679506370262 0.5037363767623901 1053
1679506370375 0.5037347674369812 1054
1679506370482 0.5037465691566467 1055
1679506370590 0.5036974549293518 1056
1679506370697 0.5036743879318237 1057
1679506370806 0.5037268400192261 1058
1679506370912 0.5037723183631897 1059
1679506371020 0.5036753416061401 1060
1679506371129 0.5036747455596924 1061
1679506371234 0.503690242767334 1062
1679506371342 0.5036661624908447 1063
1679506371447 0.5037305355072021 1064
1679506371557 0.5037339925765991 1065
1679506371665 0.5037005543708801 1066
1679506371772 0.5037525296211243 1067
1679506371879 0.5036933422088623 1068
1679506371989 0.5037511587142944 1069
1679506372101 0.5037094950675964 1070
1679506372214 0.5037465691566467 1071
1679506372321 0.5036702156066895 1072
1679506372429 0.5037122964859009 1073
1679506372531 0.5036954283714294 1074
1679506372641 0.5036829113960266 1075
1679506372755 0.5036723017692566 1076
1679506372876 0.5036336779594421 1077
1679506372987 0.5036885142326355 1078
1679506373093 0.5037031173706055 1079
1679506373202 0.503684401512146 1080
1679506373317 0.5036785006523132 1081
1679506373428 0.5036661028862 1082
1679506373539 0.5036876201629639 1083
1679506373651 0.5036757588386536 1084
1679506373756 0.5036882162094116 1085
1679506373872 0.5036366581916809 1086
1679506373976 0.503704845905304 1087
1679506374086 0.5037373900413513 1088
1679506374193 0.5036383271217346 1089
1679506374300 0.5036324858665466 1090
1679506374417 0.5037200450897217 1091
1679506374520 0.5036710500717163 1092
1679506374628 0.503607451915741 1093
1679506374740 0.5036541223526001 1094
1679506374846 0.5036877393722534 1095
1679506374957 0.5036581754684448 1096
1679506375065 0.5036665797233582 1097
1679506375174 0.5036588907241821 1098
1679506375282 0.5035753846168518 1099
1679506375387 0.5036086440086365 1100
1679506375502 0.5036481022834778 1101
1679506375608 0.5036173462867737 1102
1679506375713 0.5036070942878723 1103
1679506375818 0.5036073327064514 1104
1679506375924 0.5036232471466064 1105
1679506376035 0.5036510229110718 1106
1679506376139 0.5036330819129944 1107
1679506376244 0.5036091804504395 1108
1679506376349 0.5036002993583679 1109
1679506376456 0.5036547183990479 1110
1679506376566 0.5035935044288635 1111
1679506376683 0.5035927295684814 1112
1679506376795 0.5036167502403259 1113
1679506376904 0.5035809278488159 1114
1679506377014 0.5035914778709412 1115
1679506377122 0.5036057233810425 1116
1679506377235 0.5035580396652222 1117
1679506377345 0.5035947561264038 1118
1679506377462 0.5035876035690308 1119
1679506377564 0.5035828948020935 1120
1679506377673 0.5035797357559204 1121
1679506377786 0.5035334825515747 1122
1679506377892 0.5035949349403381 1123
1679506378002 0.503593921661377 1124
1679506378110 0.5035998225212097 1125
1679506378218 0.5035799145698547 1126
1679506378331 0.5035826563835144 1127
1679506378440 0.503597617149353 1128
1679506378549 0.503546416759491 1129
1679506378653 0.5035701990127563 1130
1679506378766 0.5035319924354553 1131
1679506378883 0.5035671591758728 1132
1679506378988 0.503540575504303 1133
1679506379099 0.5035577416419983 1134
1679506379213 0.5035843253135681 1135
1679506379324 0.5035139918327332 1136
1679506379438 0.5036298036575317 1137
1679506379551 0.503585159778595 1138
1679506379667 0.5035573840141296 1139
1679506379778 0.5035473108291626 1140
1679506379889 0.5035544037818909 1141
1679506380013 0.5035427808761597 1142
1679506380119 0.5035362839698792 1143
1679506380224 0.5035112500190735 1144
1679506380334 0.503515362739563 1145
1679506380446 0.5035492777824402 1146
1679506380557 0.5035764575004578 1147
1679506380665 0.5035321116447449 1148
1679506380771 0.5035482048988342 1149
1679506380882 0.5034723281860352 1150
1679506380987 0.5035653710365295 1151
1679506381096 0.5035500526428223 1152
1679506381206 0.503481388092041 1153
1679506381313 0.5035305023193359 1154
1679506381417 0.5035549998283386 1155
1679506381522 0.5035173892974854 1156
1679506381632 0.5035423040390015 1157
1679506381745 0.5034856200218201 1158
1679506381853 0.5035032033920288 1159
1679506381966 0.5035371780395508 1160
1679506382073 0.5035066604614258 1161
1679506382188 0.5034806728363037 1162
1679506382293 0.503551185131073 1163
1679506382398 0.5034598112106323 1164
1679506382503 0.5034970641136169 1165
1679506382612 0.5035105347633362 1166
1679506382723 0.5034938454627991 1167
1679506382834 0.5034998059272766 1168
1679506382940 0.5034531354904175 1169
1679506383048 0.5035475492477417 1170
1679506383158 0.503517746925354 1171
1679506383272 0.503442108631134 1172
1679506383382 0.5034554600715637 1173
1679506383489 0.5034593343734741 1174
1679506383597 0.5035072565078735 1175
1679506383704 0.503524661064148 1176
1679506383818 0.5034931302070618 1177
1679506383925 0.503484308719635 1178
1679506384032 0.5034490823745728 1179
1679506384146 0.503429651260376 1180
1679506384253 0.5035133361816406 1181
1679506384368 0.5034630298614502 1182
1679506384475 0.5034269690513611 1183
1679506384583 0.5034888386726379 1184
1679506384687 0.5034984350204468 1185
1679506384792 0.503371000289917 1186
1679506384906 0.503484308719635 1187
1679506385014 0.5034309029579163 1188
1679506385118 0.50347900390625 1189
1679506385223 0.5034781694412231 1190
1679506385327 0.503459095954895 1191
1679506385437 0.5034863948822021 1192
1679506385545 0.5034278631210327 1193
1679506385651 0.5034049153327942 1194
1679506385755 0.5034340620040894 1195
1679506385862 0.5034282207489014 1196
1679506385979 0.5033616423606873 1197
1679506386089 0.5033577680587769 1198
1679506386196 0.5034109950065613 1199
1679506386301 0.5034205317497253 1200
1679506386407 0.5033817291259766 1201
1679506386517 0.5034536123275757 1202
1679506386629 0.5033692121505737 1203
1679506386731 0.5034313797950745 1204
1679506386840 0.5034182667732239 1205
1679506386947 0.5034319758415222 1206
1679506387053 0.5033844709396362 1207
1679506387157 0.5034435391426086 1208
1679506387266 0.5034118890762329 1209
1679506387372 0.5033855438232422 1210
1679506387481 0.5034238696098328 1211
1679506387593 0.5033687949180603 1212
1679506387703 0.5034365057945251 1213
1679506387808 0.5034414529800415 1214
1679506387915 0.5033875703811646 1215
1679506388021 0.5034122467041016 1216
1679506388131 0.5034147500991821 1217
1679506388240 0.5034307241439819 1218
1679506388347 0.5033575296401978 1219
1679506388453 0.503399670124054 1220
1679506388561 0.5033634901046753 1221
1679506388675 0.5034080743789673 1222
1679506388780 0.5033758878707886 1223
1679506388887 0.5034276247024536 1224
1679506388996 0.503363311290741 1225
1679506389104 0.5033431053161621 1226
1679506389217 0.5034291744232178 1227
1679506389321 0.5033715963363647 1228
1679506389425 0.5032929182052612 1229
1679506389531 0.5033801794052124 1230
1679506389637 0.5033512711524963 1231
1679506389747 0.5033525228500366 1232
1679506389856 0.5033907890319824 1233
1679506389961 0.5033840537071228 1234
1679506390063 0.5033504962921143 1235
1679506390168 0.5033535361289978 1236
1679506390284 0.5033228993415833 1237
1679506390391 0.5032960176467896 1238
1679506390501 0.5033732652664185 1239
1679506390616 0.5033462643623352 1240
1679506390729 0.5033800005912781 1241
1679506390836 0.5033666491508484 1242
1679506390943 0.5033183097839355 1243
1679506391046 0.5033583045005798 1244
1679506391151 0.5033679008483887 1245
1679506391264 0.5033667683601379 1246
1679506391370 0.5033382177352905 1247
1679506391486 0.5033612251281738 1248
1679506391599 0.5033732056617737 1249
1679506391710 0.5033430457115173 1250
1679506391825 0.503308117389679 1251
1679506391939 0.5033694505691528 1252
1679506392051 0.5033493638038635 1253
1679506392162 0.5033567547798157 1254
1679506392279 0.5033036470413208 1255
1679506392395 0.5033344030380249 1256
1679506392501 0.5033448338508606 1257
1679506392611 0.5033271312713623 1258
1679506392717 0.5033195614814758 1259
1679506392831 0.5033217072486877 1260
1679506392953 0.5032902359962463 1261
1679506393074 0.5033403038978577 1262
1679506393182 0.5033057332038879 1263
1679506393291 0.5033537149429321 1264
1679506393397 0.5033242702484131 1265
1679506393509 0.5033833980560303 1266
1679506393618 0.5032099485397339 1267
1679506393730 0.5032726526260376 1268
1679506393838 0.5033038854598999 1269
1679506393948 0.5033361911773682 1270
1679506394065 0.5032739043235779 1271
1679506394169 0.5033130049705505 1272
1679506394278 0.5033153295516968 1273
1679506394385 0.5032817125320435 1274
1679506394491 0.5032781362533569 1275
1679506394599 0.5032978057861328 1276
1679506394711 0.5033087134361267 1277
1679506394813 0.5032980442047119 1278
1679506394920 0.5032728910446167 1279
1679506395029 0.5032724142074585 1280
1679506395140 0.5032785534858704 1281
1679506395246 0.5032570958137512 1282
1679506395363 0.5032718181610107 1283
1679506395467 0.5032259225845337 1284
1679506395573 0.5032727718353271 1285
1679506395689 0.5032752156257629 1286
1679506395795 0.5032766461372375 1287
1679506395899 0.5032512545585632 1288
1679506396006 0.5032218098640442 1289
1679506396114 0.5032579898834229 1290
1679506396236 0.5031949281692505 1291
1679506396362 0.5032603740692139 1292
1679506396473 0.5032684803009033 1293
1679506396584 0.5032593607902527 1294
1679506396694 0.5032466053962708 1295
1679506396806 0.5033096075057983 1296
1679506396916 0.50326007604599 1297
1679506397035 0.5032778382301331 1298
1679506397142 0.5032292604446411 1299
1679506397245 0.5032831430435181 1300
1679506397352 0.503277063369751 1301
1679506397458 0.5032246708869934 1302
1679506397564 0.5031946301460266 1303
1679506397684 0.5032358765602112 1304
1679506397798 0.5032381415367126 1305
1679506397906 0.5032262802124023 1306
1679506398020 0.5032566785812378 1307
1679506398138 0.5032153725624084 1308
1679506398255 0.5032714605331421 1309
1679506398364 0.5032181739807129 1310
1679506398482 0.5032732486724854 1311
1679506398594 0.5032266974449158 1312
1679506398704 0.5032723546028137 1313
1679506398828 0.5032221674919128 1314
1679506398935 0.5031623840332031 1315
1679506399041 0.5032457113265991 1316
1679506399146 0.5031906962394714 1317
1679506399256 0.5031744241714478 1318
1679506399370 0.503231942653656 1319
1679506399481 0.5032154321670532 1320
1679506399591 0.5032134056091309 1321
1679506399699 0.5032206773757935 1322
1679506399806 0.503157913684845 1323
1679506399925 0.503232479095459 1324
1679506400038 0.5032053589820862 1325
1679506400147 0.503171443939209 1326
1679506400253 0.5032312273979187 1327
1679506400364 0.5032371878623962 1328
1679506400468 0.5031734704971313 1329
1679506400573 0.503178060054779 1330
1679506400692 0.5032187104225159 1331
1679506400803 0.5032020211219788 1332
1679506400913 0.5031940937042236 1333
1679506401020 0.5031690001487732 1334
1679506401135 0.5031957030296326 1335
1679506401246 0.5032013058662415 1336
1679506401352 0.5032020211219788 1337
1679506401460 0.5032076835632324 1338
1679506401578 0.5031875371932983 1339
1679506401689 0.5031818747520447 1340
1679506401798 0.5031460523605347 1341
1679506401913 0.5032041072845459 1342
1679506402017 0.5032166838645935 1343
1679506402126 0.5031299591064453 1344
1679506402235 0.5032030940055847 1345
1679506402341 0.5031591057777405 1346
1679506402449 0.50319504737854 1347
1679506402557 0.5031402707099915 1348
1679506402668 0.5031183958053589 1349
1679506402776 0.5031460523605347 1350
1679506402886 0.5031793117523193 1351
1679506402998 0.503150463104248 1352
1679506403114 0.503156840801239 1353
1679506403228 0.5031175017356873 1354
1679506403334 0.5031706094741821 1355
1679506403442 0.5031721591949463 1356
1679506403557 0.5031185746192932 1357
1679506403668 0.5031869411468506 1358
1679506403783 0.5031424164772034 1359
1679506403898 0.503151535987854 1360
1679506404011 0.5031065344810486 1361
1679506404117 0.5030518770217896 1362
1679506404228 0.503113865852356 1363
1679506404333 0.5031591653823853 1364
1679506404452 0.5031285285949707 1365
1679506404576 0.503148078918457 1366
1679506404686 0.5031487941741943 1367
1679506404794 0.5031002759933472 1368
1679506404906 0.5031628012657166 1369
1679506405019 0.5031355619430542 1370
1679506405129 0.5031670331954956 1371
1679506405240 0.5030736327171326 1372
1679506405349 0.5031396150588989 1373
1679506405465 0.503139078617096 1374
1679506405571 0.5030651092529297 1375
1679506405679 0.5030885338783264 1376
1679506405784 0.5031335353851318 1377
1679506405899 0.5030682682991028 1378
1679506406013 0.5030514001846313 1379
1679506406121 0.5030482411384583 1380
1679506406229 0.5031259655952454 1381
1679506406336 0.5031134486198425 1382
1679506406450 0.5031455159187317 1383
1679506406559 0.5031337738037109 1384
1679506406669 0.5030727982521057 1385
1679506406780 0.5031182765960693 1386
1679506406892 0.5031252503395081 1387
1679506407042 0.5031234622001648 1388
1679506407156 0.5031305551528931 1389
1679506407272 0.5030829906463623 1390
1679506407385 0.5031288266181946 1391
1679506407491 0.5030921697616577 1392
1679506407599 0.5030437707901001 1393
1679506407711 0.503090500831604 1394
1679506407828 0.5030856728553772 1395
1679506407946 0.5030109882354736 1396
1679506408054 0.5030606389045715 1397
1679506408164 0.5030798316001892 1398
1679506408281 0.5031094551086426 1399
1679506408390 0.5030979514122009 1400
1679506408500 0.5030593276023865 1401
1679506408611 0.5031366944313049 1402
1679506408727 0.503096878528595 1403
1679506408845 0.503017246723175 1404
1679506408961 0.5030800700187683 1405
1679506409064 0.503101110458374 1406
1679506409168 0.5030660033226013 1407
1679506409275 0.5030132532119751 1408
1679506409385 0.5030263066291809 1409
1679506409493 0.5031386613845825 1410
1679506409603 0.5030690431594849 1411
1679506409717 0.5030269622802734 1412
1679506409829 0.5030062198638916 1413
1679506409947 0.5030288696289062 1414
1679506410053 0.5030234456062317 1415
1679506410162 0.5030702948570251 1416
1679506410268 0.503005862236023 1417
1679506410381 0.5030985474586487 1418
1679506410504 0.5030859708786011 1419
1679506410627 0.5030239224433899 1420
1679506410788 0.5030611753463745 1421
1679506410909 0.5030515193939209 1422
1679506411016 0.5030279755592346 1423
1679506411124 0.503061830997467 1424
1679506411236 0.5030517578125 1425
1679506411349 0.5030288696289062 1426
1679506411463 0.5030667185783386 1427
1679506411642 0.5030672550201416 1428
1679506411763 0.5029689073562622 1429
1679506411886 0.5031047463417053 1430
1679506412002 0.5030413866043091 1431
1679506412119 0.5029681921005249 1432
1679506412225 0.5031006932258606 1433
1679506412336 0.5030490159988403 1434
1679506412449 0.5030335783958435 1435
1679506412559 0.503036618232727 1436
1679506412668 0.5029980540275574 1437
1679506412824 0.5030646920204163 1438
1679506412937 0.5029666423797607 1439
1679506413060 0.5030485987663269 1440
1679506413204 0.5029950737953186 1441
1679506413317 0.5030025243759155 1442
1679506413435 0.5029916167259216 1443
1679506413547 0.5029998421669006 1444
1679506413653 0.5030012726783752 1445
1679506413759 0.5029829144477844 1446
1679506413867 0.5030425190925598 1447
1679506413982 0.5029978156089783 1448
1679506414101 0.5029613375663757 1449
1679506414214 0.5029996633529663 1450
1679506414328 0.5030438899993896 1451
1679506414437 0.5030482411384583 1452
1679506414547 0.5029922127723694 1453
1679506414655 0.5030184388160706 1454
1679506414767 0.5030173063278198 1455
1679506414878 0.5030125975608826 1456
1679506414994 0.5029950141906738 1457
1679506415105 0.5029662251472473 1458
1679506415216 0.503017246723175 1459
1679506415325 0.5030012130737305 1460
1679506415440 0.5030080080032349 1461
1679506415552 0.5029831528663635 1462
1679506415666 0.5029348134994507 1463
1679506415779 0.502977728843689 1464
1679506415890 0.5029721260070801 1465
1679506415999 0.5029779076576233 1466
1679506416118 0.5030415058135986 1467
1679506416229 0.5030338168144226 1468
1679506416340 0.5029062628746033 1469
1679506416449 0.5029540657997131 1470
1679506416558 0.5030216574668884 1471
1679506416663 0.5029515624046326 1472
1679506416771 0.5029710531234741 1473
1679506416878 0.502985954284668 1474
1679506416982 0.5029709935188293 1475
1679506417092 0.5029798150062561 1476
1679506417202 0.5029112100601196 1477
1679506417307 0.502956211566925 1478
1679506417416 0.5029841065406799 1479
1679506417520 0.5029658079147339 1480
1679506417631 0.5028833746910095 1481
1679506417743 0.5029608011245728 1482
1679506417847 0.5029407739639282 1483
1679506417953 0.5030044317245483 1484
1679506418074 0.5029323101043701 1485
1679506418181 0.5029004216194153 1486
1679506418289 0.5029885768890381 1487
1679506418398 0.5029612183570862 1488
1679506418509 0.5029851794242859 1489
1679506418617 0.5030097365379333 1490
1679506418722 0.5029426217079163 1491
1679506418829 0.5029444694519043 1492
1679506418939 0.5028809905052185 1493
1679506419048 0.5029662847518921 1494
1679506419155 0.5029776096343994 1495
1679506419265 0.5029183626174927 1496
1679506419374 0.5029706358909607 1497
1679506419483 0.5029428601264954 1498
1679506419588 0.5029153823852539 1499
1679506419700 0.5029717683792114 1500
1679506419809 0.502911388874054 1501
1679506419917 0.502903163433075 1502
1679506420022 0.5028963685035706 1503
1679506420135 0.5029910802841187 1504
1679506420244 0.5028507709503174 1505
1679506420354 0.5028700232505798 1506
1679506420463 0.5029190182685852 1507
1679506420565 0.5029571652412415 1508
1679506420668 0.5029064416885376 1509
1679506420782 0.5028977990150452 1510
1679506420890 0.5029091238975525 1511
1679506421001 0.5029208064079285 1512
1679506421110 0.5029170513153076 1513
1679506421219 0.5028969049453735 1514
1679506421326 0.5028706789016724 1515
1679506421433 0.5029138922691345 1516
1679506421538 0.5028572678565979 1517
1679506421653 0.5028721690177917 1518
1679506421757 0.5029135346412659 1519
1679506421863 0.5028948783874512 1520
1679506421970 0.5028907060623169 1521
1679506422077 0.5028839707374573 1522
1679506422203 0.502869725227356 1523
1679506422313 0.5028421878814697 1524
1679506422418 0.5028190612792969 1525
1679506422526 0.5028896331787109 1526
1679506422640 0.5029364824295044 1527
1679506422751 0.5028492212295532 1528
1679506422856 0.502924382686615 1529
1679506422960 0.5028977990150452 1530
1679506423080 0.5028764009475708 1531
1679506423187 0.502848207950592 1532
1679506423294 0.5029038190841675 1533
1679506423406 0.5028689503669739 1534
1679506423521 0.5028650164604187 1535
1679506423630 0.5028131604194641 1536
1679506423743 0.5028250217437744 1537
1679506423851 0.5028588175773621 1538
1679506423963 0.5028218030929565 1539
1679506424070 0.5028837323188782 1540
1679506424175 0.5028663873672485 1541
1679506424282 0.5028812289237976 1542
1679506424388 0.5028601288795471 1543
1679506424502 0.5028839707374573 1544
1679506424615 0.5028391480445862 1545
1679506424719 0.502829909324646 1546
1679506424830 0.5028453469276428 1547
1679506424938 0.5028764605522156 1548
1679506425046 0.5028348565101624 1549
1679506425157 0.5028068423271179 1550
1679506425271 0.5028751492500305 1551
1679506425378 0.5028772354125977 1552
1679506425485 0.5028718709945679 1553
1679506425588 0.5028337240219116 1554
1679506425698 0.5028535723686218 1555
1679506425813 0.5028965473175049 1556
1679506425919 0.5028522610664368 1557
1679506426026 0.5028384327888489 1558
1679506426141 0.5028673410415649 1559
1679506426248 0.5028156042098999 1560
1679506426353 0.5027709007263184 1561
1679506426462 0.502899706363678 1562
1679506426572 0.5028259754180908 1563
1679506426683 0.5028185248374939 1564
1679506426797 0.5028214454650879 1565
1679506426903 0.5028018355369568 1566
1679506427014 0.5028461217880249 1567
1679506427120 0.502799928188324 1568
1679506427229 0.5027636289596558 1569
1679506427336 0.5028424263000488 1570
1679506427453 0.5027804374694824 1571
1679506427563 0.5028115510940552 1572
1679506427674 0.5027914047241211 1573
1679506427780 0.5028194189071655 1574
1679506427894 0.5028400421142578 1575
1679506428002 0.502839207649231 1576
1679506428113 0.502797544002533 1577
1679506428261 0.5027774572372437 1578
1679506428373 0.5028609037399292 1579
1679506428479 0.5027962327003479 1580
1679506428586 0.5028096437454224 1581
1679506428699 0.5027869939804077 1582
1679506428817 0.5027815699577332 1583
1679506428924 0.5028164982795715 1584
1679506429035 0.5027817487716675 1585
1679506429145 0.502869188785553 1586
1679506429262 0.5027251243591309 1587
1679506429370 0.5028213262557983 1588
1679506429484 0.5028143525123596 1589
1679506429599 0.5028048157691956 1590
1679506429720 0.5027347207069397 1591
1679506429832 0.5027769207954407 1592
1679506429940 0.5028026103973389 1593
1679506430052 0.5027991533279419 1594
1679506430166 0.5028135776519775 1595
1679506430279 0.5027691125869751 1596
1679506430388 0.5027492642402649 1597
1679506430495 0.5028237104415894 1598
1679506430615 0.5027920603752136 1599
1679506430726 0.5028243660926819 1600
1679506430834 0.5027615427970886 1601
1679506430941 0.502808153629303 1602
1679506431053 0.5027933120727539 1603
1679506431169 0.5027458071708679 1604
1679506431278 0.5027793645858765 1605
1679506431395 0.5027875304222107 1606
1679506431513 0.5027869939804077 1607
1679506431622 0.5027732253074646 1608
1679506431733 0.5027984380722046 1609
1679506431841 0.5027650594711304 1610
1679506431958 0.5027646422386169 1611
1679506432071 0.5027633905410767 1612
1679506432181 0.5027434229850769 1613
1679506432294 0.5027021765708923 1614
1679506432408 0.5027291774749756 1615
1679506432516 0.5027711391448975 1616
1679506432630 0.50275719165802 1617
1679506432735 0.5027973651885986 1618
1679506432852 0.5026617646217346 1619
1679506432964 0.5027024149894714 1620
1679506433073 0.5027398467063904 1621
1679506433180 0.5027722716331482 1622
1679506433296 0.5027182698249817 1623
1679506433405 0.5027775168418884 1624
1679506433513 0.5027385950088501 1625
1679506433620 0.5027549266815186 1626
1679506433731 0.5026866793632507 1627
1679506433835 0.5027430057525635 1628
1679506433948 0.502677321434021 1629
1679506434052 0.5027323961257935 1630
1679506434166 0.5026777386665344 1631
1679506434274 0.502699613571167 1632
1679506434384 0.5027316212654114 1633
1679506434490 0.5026962161064148 1634
1679506434600 0.5027186870574951 1635
1679506434707 0.5026892423629761 1636
1679506434815 0.5027349591255188 1637
1679506434921 0.5026751756668091 1638
1679506435044 0.5027632713317871 1639
1679506435154 0.5027326345443726 1640
1679506435269 0.5027508735656738 1641
1679506435382 0.5026849508285522 1642
1679506435498 0.5027315020561218 1643
1679506435618 0.5026854276657104 1644
1679506435735 0.5026930570602417 1645
1679506435856 0.5026859641075134 1646
1679506435976 0.5027520656585693 1647
1679506436082 0.5027516484260559 1648
1679506436193 0.502677857875824 1649
1679506436306 0.5026885867118835 1650
1679506436423 0.5027036666870117 1651
1679506436532 0.502747118473053 1652
1679506436639 0.5026451945304871 1653
1679506436748 0.5027138590812683 1654
1679506436868 0.5027437806129456 1655
1679506436977 0.5026915669441223 1656
1679506437086 0.5027196407318115 1657
1679506437195 0.5026871562004089 1658
1679506437305 0.5026800036430359 1659
1679506437418 0.5026434659957886 1660
1679506437531 0.5026963353157043 1661
1679506437638 0.50270015001297 1662
1679506437744 0.5026856064796448 1663
1679506437851 0.5026977062225342 1664
1679506437963 0.5027134418487549 1665
1679506438083 0.5026876926422119 1666
1679506438193 0.5026430487632751 1667
1679506438300 0.5027151107788086 1668
1679506438409 0.5026648640632629 1669
1679506438522 0.5026720762252808 1670
1679506438636 0.5026760101318359 1671
1679506438748 0.5026240348815918 1672
1679506438862 0.5026492476463318 1673
1679506438968 0.5026109218597412 1674
1679506439078 0.5026677846908569 1675
1679506439193 0.5027099847793579 1676
1679506439304 0.5025759935379028 1677
1679506439419 0.502690315246582 1678
1679506439532 0.5026650428771973 1679
1679506439650 0.5026792883872986 1680
1679506439764 0.5026295185089111 1681
1679506439874 0.5026698112487793 1682
1679506439981 0.5026569366455078 1683
1679506440090 0.5026736259460449 1684
1679506440199 0.502696692943573 1685
1679506440306 0.5026915669441223 1686
1679506440415 0.5026829242706299 1687
1679506440535 0.5026611685752869 1688
1679506440640 0.5026444792747498 1689
1679506440746 0.5026022791862488 1690
1679506440850 0.502623975276947 1691
1679506440964 0.502619206905365 1692
1679506441074 0.5026088953018188 1693
1679506441182 0.5026422142982483 1694
1679506441289 0.502612292766571 1695
1679506441401 0.5026648044586182 1696
1679506441514 0.5025860071182251 1697
1679506441629 0.5026379227638245 1698
1679506441735 0.5026724338531494 1699
1679506441847 0.5026791095733643 1700
1679506441965 0.5026429891586304 1701
1679506442076 0.5026678442955017 1702
1679506442192 0.5026649832725525 1703
1679506442299 0.502604603767395 1704
1679506442416 0.5026673078536987 1705
1679506442529 0.5025789141654968 1706
1679506442637 0.5026350021362305 1707
1679506442745 0.5026181936264038 1708
1679506442863 0.5026081204414368 1709
1679506442973 0.5026082396507263 1710
1679506443079 0.5025874972343445 1711
1679506443216 0.5026689767837524 1712
1679506443335 0.5026384592056274 1713
1679506443444 0.5025876760482788 1714
1679506443557 0.5026516318321228 1715
1679506443666 0.5026243925094604 1716
1679506443771 0.5025909543037415 1717
1679506443886 0.5026484727859497 1718
1679506443990 0.5025954246520996 1719
1679506444101 0.5026534795761108 1720
1679506444208 0.5025942325592041 1721
1679506444322 0.502595067024231 1722
1679506444431 0.5025856494903564 1723
1679506444545 0.502606987953186 1724
1679506444665 0.5026442408561707 1725
1679506444779 0.5026281476020813 1726
1679506444890 0.5025892853736877 1727
1679506445002 0.5025526881217957 1728
1679506445114 0.5026288628578186 1729
1679506445225 0.5025635957717896 1730
1679506445346 0.5025718212127686 1731
1679506445452 0.5026297569274902 1732
1679506445560 0.502559244632721 1733
1679506445664 0.502621054649353 1734
1679506445774 0.50262451171875 1735
1679506445890 0.5025879740715027 1736
1679506445997 0.5025696754455566 1737
1679506446110 0.5025679469108582 1738
1679506446221 0.5025845170021057 1739
1679506446331 0.5026005506515503 1740
1679506446448 0.5025355815887451 1741
1679506446567 0.5026085376739502 1742
1679506446683 0.5025215744972229 1743
1679506446798 0.5025579929351807 1744
1679506446908 0.5025584101676941 1745
1679506447015 0.5025538802146912 1746
1679506447123 0.5025981068611145 1747
1679506447243 0.5025540590286255 1748
1679506447352 0.5026007890701294 1749
1679506447468 0.5025272369384766 1750
1679506447579 0.502570390701294 1751
1679506447689 0.5025702118873596 1752
1679506447815 0.5025877952575684 1753
1679506447921 0.5025527477264404 1754
1679506448032 0.5025273561477661 1755
1679506448148 0.5025303363800049 1756
1679506448256 0.5025133490562439 1757
1679506448364 0.5025317072868347 1758
1679506448475 0.5025206208229065 1759
1679506448592 0.5025352239608765 1760
1679506448714 0.5025932788848877 1761
1679506448824 0.502557098865509 1762
1679506448942 0.502525269985199 1763
1679506449050 0.5025628209114075 1764
1679506449158 0.5025468468666077 1765
1679506449267 0.5025628209114075 1766
1679506449380 0.5025464296340942 1767
1679506449492 0.5025243163108826 1768
1679506449600 0.502585232257843 1769
1679506449707 0.5025323629379272 1770
1679506449820 0.5025321245193481 1771
1679506449930 0.5025660991668701 1772
1679506450040 0.5025777816772461 1773
1679506450150 0.5025308132171631 1774
1679506450268 0.5025433897972107 1775
1679506450377 0.5025529861450195 1776
1679506450495 0.5025134086608887 1777
1679506450612 0.5025230646133423 1778
1679506450727 0.5024958848953247 1779
1679506450839 0.5024872422218323 1780
1679506450953 0.5025321841239929 1781
1679506451066 0.5025413632392883 1782
1679506451179 0.5025299191474915 1783
1679506451298 0.5025333166122437 1784
1679506451408 0.5025062561035156 1785
1679506451518 0.5025449395179749 1786
1679506451629 0.5024939775466919 1787
1679506451744 0.5025372505187988 1788
1679506451854 0.5025385618209839 1789
1679506451966 0.5025995373725891 1790
1679506452081 0.5025030374526978 1791
1679506452189 0.5025174617767334 1792
1679506452302 0.502484142780304 1793
1679506452411 0.5025342106819153 1794
1679506452521 0.502470850944519 1795
1679506452640 0.5025119781494141 1796
1679506452750 0.5025017857551575 1797
1679506452870 0.5025069713592529 1798
1679506452983 0.5025296807289124 1799
1679506453095 0.5024645924568176 1800
1679506453209 0.5024812817573547 1801
1679506453323 0.5025320053100586 1802
1679506453434 0.5024560689926147 1803
1679506453553 0.5024750232696533 1804
1679506453670 0.5024893283843994 1805
1679506453781 0.5025153160095215 1806
1679506453893 0.5024846792221069 1807
1679506454005 0.5024572610855103 1808
1679506454119 0.5024775862693787 1809
1679506454233 0.502457320690155 1810
1679506454342 0.502508282661438 1811
1679506454446 0.5024731159210205 1812
1679506454563 0.5025503039360046 1813
1679506454673 0.5024529695510864 1814
1679506454791 0.5023849010467529 1815
1679506454897 0.5024277567863464 1816
1679506455010 0.5025349855422974 1817
1679506455122 0.5025002360343933 1818
1679506455232 0.5024847388267517 1819
1679506455344 0.5025238394737244 1820
1679506455450 0.5024793744087219 1821
1679506455560 0.5024709701538086 1822
1679506455678 0.5024720430374146 1823
1679506455787 0.5025184154510498 1824
1679506455893 0.5024836659431458 1825
1679506456001 0.5024306774139404 1826
1679506456117 0.5025045871734619 1827
1679506456227 0.5023976564407349 1828
1679506456343 0.5024736523628235 1829
1679506456458 0.5024163722991943 1830
1679506456565 0.5024684071540833 1831
1679506456671 0.5024805068969727 1832
1679506456792 0.5024635791778564 1833
1679506456902 0.5024469494819641 1834
1679506457014 0.5024322867393494 1835
1679506457122 0.5024027228355408 1836
1679506457230 0.5024548172950745 1837
1679506457339 0.5024613738059998 1838
1679506457449 0.5023853778839111 1839
1679506457563 0.5024678111076355 1840
1679506457670 0.5024511218070984 1841
1679506457776 0.5024451017379761 1842
1679506457884 0.5024657845497131 1843
1679506457998 0.5024365186691284 1844
1679506458104 0.5024520754814148 1845
1679506458246 0.502467691898346 1846
1679506458364 0.5024069547653198 1847
1679506458468 0.5024517774581909 1848
1679506458579 0.5024685859680176 1849
1679506458694 0.5024505853652954 1850
1679506458800 0.5024194121360779 1851
1679506458910 0.502403199672699 1852
1679506459016 0.5024260878562927 1853
1679506459131 0.5024590492248535 1854
1679506459242 0.5024011135101318 1855
1679506459350 0.5024409890174866 1856
1679506459463 0.5024540424346924 1857
1679506459580 0.5024330615997314 1858
1679506459685 0.502459704875946 1859
1679506459799 0.5023995041847229 1860
1679506459908 0.5024505853652954 1861
1679506460014 0.502440869808197 1862
1679506460126 0.5024137496948242 1863
1679506460244 0.5024170279502869 1864
1679506460350 0.5023243427276611 1865
1679506460462 0.502387523651123 1866
1679506460577 0.5023912787437439 1867
1679506460692 0.5024118423461914 1868
1679506460801 0.5023566484451294 1869
1679506460914 0.5024405717849731 1870
1679506461020 0.5023878216743469 1871
1679506461126 0.5024276971817017 1872
1679506461234 0.5023581385612488 1873
1679506461345 0.5024546384811401 1874
1679506461451 0.502385139465332 1875
1679506461558 0.5023937225341797 1876
1679506461675 0.5024005174636841 1877
1679506461784 0.5024265646934509 1878
1679506461889 0.5023958086967468 1879
1679506462001 0.5024107098579407 1880
1679506462110 0.5024076104164124 1881
1679506462224 0.5024229288101196 1882
1679506462333 0.5023928880691528 1883
1679506462444 0.5024036169052124 1884
1679506462559 0.5023938417434692 1885
1679506462667 0.5023858547210693 1886
1679506462774 0.5024381875991821 1887
1679506462890 0.5023959279060364 1888
1679506463006 0.502368688583374 1889
1679506463115 0.5023955702781677 1890
1679506463222 0.5023854374885559 1891
1679506463338 0.5023905634880066 1892
1679506463447 0.502403974533081 1893
1679506463554 0.5024248957633972 1894
1679506463664 0.502384603023529 1895
1679506463772 0.5023742318153381 1896
1679506463889 0.5023395419120789 1897
1679506463998 0.502378523349762 1898
1679506464104 0.5023751258850098 1899
1679506464218 0.5023150444030762 1900
1679506464329 0.5024003982543945 1901
1679506464439 0.5023472905158997 1902
1679506464556 0.502417266368866 1903
1679506464662 0.502345621585846 1904
1679506464771 0.502328634262085 1905
1679506464883 0.5024123191833496 1906
1679506464998 0.5023981928825378 1907
1679506465104 0.5023761987686157 1908
1679506465218 0.5023528337478638 1909
1679506465328 0.5023499131202698 1910
1679506465433 0.5023511052131653 1911
1679506465545 0.5023888945579529 1912
1679506465659 0.5023579597473145 1913
1679506465769 0.5023874044418335 1914
1679506465880 0.502358078956604 1915
1679506465990 0.5023700594902039 1916
1679506466099 0.502371072769165 1917
1679506466214 0.5023574829101562 1918
1679506466325 0.5023910403251648 1919
1679506466432 0.502297043800354 1920
1679506466549 0.5024256706237793 1921
1679506466660 0.5023030042648315 1922
1679506466771 0.5023122429847717 1923
1679506466880 0.5023382902145386 1924
1679506466998 0.502332866191864 1925
1679506467109 0.5023618936538696 1926
1679506467226 0.5023945569992065 1927
1679506467330 0.5023432970046997 1928
1679506467436 0.5023266077041626 1929
1679506467550 0.5023240447044373 1930
1679506467655 0.5022960901260376 1931
1679506467771 0.5023441910743713 1932
1679506467887 0.5022984743118286 1933
1679506467998 0.5023153424263 1934
1679506468109 0.5023761987686157 1935
1679506468225 0.502255916595459 1936
1679506468347 0.50235915184021 1937
1679506468466 0.5023716688156128 1938
1679506468576 0.5022717714309692 1939
1679506468691 0.5023098587989807 1940
1679506468804 0.5023334622383118 1941
1679506468922 0.5023406147956848 1942
1679506469040 0.502314567565918 1943
1679506469154 0.5022998452186584 1944
1679506469265 0.5023166537284851 1945
1679506469378 0.5023422241210938 1946
1679506469488 0.5023307204246521 1947
1679506469605 0.5022900700569153 1948
1679506469716 0.5022984743118286 1949
1679506469825 0.5023374557495117 1950
1679506469934 0.5022786855697632 1951
1679506470051 0.502315104007721 1952
1679506470164 0.5022767186164856 1953
1679506470280 0.5023084878921509 1954
1679506470391 0.5022912621498108 1955
1679506470501 0.502307116985321 1956
1679506470615 0.5022921562194824 1957
1679506470736 0.5023045539855957 1958
1679506470847 0.5022867918014526 1959
1679506470962 0.5022739171981812 1960
1679506471082 0.5023083686828613 1961
1679506471197 0.5022519826889038 1962
1679506471389 0.5023306012153625 1963
1679506471560 0.5022613406181335 1964
1679506471668 0.5022630095481873 1965
1679506471784 0.5023277401924133 1966
1679506471944 0.5022334456443787 1967
1679506472067 0.5023167729377747 1968
1679506472210 0.5022844076156616 1969
1679506472364 0.5022592544555664 1970
1679506472473 0.5022885203361511 1971
1679506472633 0.502231776714325 1972
1679506472752 0.502298891544342 1973
1679506472865 0.5022847056388855 1974
1679506472974 0.502216637134552 1975
1679506473094 0.5022711157798767 1976
1679506473202 0.5022481679916382 1977
1679506473315 0.5022296905517578 1978
1679506473421 0.5022538304328918 1979
1679506473534 0.5023044347763062 1980
1679506473645 0.5022900700569153 1981
1679506473802 0.5022180080413818 1982
1679506473924 0.5023192763328552 1983
1679506474033 0.5021654367446899 1984
1679506474144 0.5022973418235779 1985
1679506474270 0.502266526222229 1986
1679506474380 0.5023283958435059 1987
1679506474493 0.502233624458313 1988
1679506474602 0.5023229718208313 1989
1679506474711 0.5022481679916382 1990
1679506474821 0.5021822452545166 1991
1679506474938 0.5022341012954712 1992
1679506475044 0.5022517442703247 1993
1679506475149 0.5022439360618591 1994
1679506475264 0.5022370219230652 1995
1679506475377 0.5022420287132263 1996
1679506475489 0.5022851228713989 1997
1679506475609 0.5022232532501221 1998
1679506475725 0.5022227168083191 1999
