1679841247595 0.41875696182250977 0
1679841247740 0.7051025032997131 1
1679841247880 0.7051025032997131 2
1679841248019 0.7051025032997131 3
1679841248161 0.7051025032997131 4
1679841248302 0.7051025032997131 5
1679841248447 0.7051025032997131 6
1679841248596 0.7051025032997131 7
1679841248738 0.7051025032997131 8
1679841248887 0.7051025032997131 9
1679841249030 0.7051025032997131 10
1679841249173 0.7051025032997131 11
1679841249314 0.7051025032997131 12
1679841249459 0.7051025032997131 13
1679841249604 0.7051025032997131 14
1679841249742 0.7051025032997131 15
1679841249882 0.7051025032997131 16
1679841250024 0.7051025032997131 17
1679841250168 0.7051025032997131 18
1679841250307 0.7051025032997131 19
1679841250453 0.7051025032997131 20
1679841250601 0.7051025032997131 21
1679841250745 0.7051025032997131 22
1679841250919 0.7051025032997131 23
1679841251059 0.7051025032997131 24
1679841251210 0.7051025032997131 25
1679841251357 0.7051025032997131 26
1679841251502 0.7051025032997131 27
1679841251643 0.7051025032997131 28
1679841251786 0.7051025032997131 29
1679841251928 0.7051025032997131 30
1679841252078 0.7051025032997131 31
1679841252223 0.7051025032997131 32
1679841252374 0.7051025032997131 33
1679841252518 0.7051025032997131 34
1679841252667 0.7051025032997131 35
1679841252809 0.7051025032997131 36
1679841252953 0.7051025032997131 37
1679841253098 0.7051025032997131 38
