1679841247595 7220.982421875 0
1679841247740 6617.40380859375 1
1679841247880 6040.994140625 2
1679841248019 5491.52197265625 3
1679841248161 4969.2509765625 4
1679841248302 4474.18310546875 5
1679841248447 4006.17236328125 6
1679841248596 3565.063232421875 7
1679841248738 3150.640380859375 8
1679841248887 2762.752197265625 9
1679841249030 2401.28076171875 10
1679841249173 2066.01513671875 11
1679841249314 1756.8319091796875 12
1679841249459 1473.5360107421875 13
1679841249604 1216.0091552734375 14
1679841249742 984.0476684570312 15
1679841249882 777.4163208007812 16
1679841250024 596.06787109375 17
1679841250168 439.8290710449219 18
1679841250307 308.4965515136719 19
1679841250453 201.89120483398438 20
1679841250601 119.89778137207031 21
1679841250745 62.33687973022461 22
1679841250919 29.0606746673584 23
1679841251059 17.940858840942383 24
1679841251210 13.859634399414062 25
1679841251357 11.60125732421875 26
1679841251502 10.012961387634277 27
1679841251643 8.745067596435547 28
1679841251786 7.723554611206055 29
1679841251928 6.89670467376709 30
1679841252078 6.271032810211182 31
1679841252223 5.838768482208252 32
1679841252374 5.582310676574707 33
1679841252518 5.507089614868164 34
1679841252667 5.488161087036133 35
1679841252809 5.478662490844727 36
1679841252953 5.488766193389893 37
1679841253098 5.482728481292725 38
