1679508067776 0.7048481702804565 0
1679508067876 0.7051025032997131 1
1679508067975 0.7134636640548706 2
1679508068076 0.7311397194862366 3
1679508068174 0.7347957491874695 4
1679508068272 0.7359720468521118 5
1679508068370 0.737402617931366 6
1679508068472 0.7377046346664429 7
1679508068570 0.737593412399292 8
1679508068666 0.7382768988609314 9
1679508156367 0.7212367057800293 0
1679508156486 0.7372277975082397 1
1679508156589 0.7387219667434692 2
1679508156687 0.7395644783973694 3
1679508156783 0.7409473657608032 4
1679508156880 0.7419488430023193 5
1679508156979 0.7413288950920105 6
1679508157077 0.7414242625236511 7
1679508157175 0.7429184317588806 8
1679508157271 0.7436178922653198 9
1679508236121 0.7185820937156677 0
1679508236216 0.7378636002540588 1
1679508236313 0.7387378811836243 2
1679508236411 0.7404546141624451 3
1679508236511 0.7400254607200623 4
1679508236616 0.7403115630149841 5
1679508236719 0.7408838272094727 6
1679508236814 0.7429661154747009 7
1679508236911 0.7421077489852905 8
1679508237008 0.743935763835907 9
1679508269653 0.7189000248908997 0
1679508269748 0.7378477454185486 1
1679508269844 0.7391670346260071 2
1679508269938 0.739326000213623 3
1679508270034 0.7412970662117004 4
1679508270131 0.7414719462394714 5
1679508270228 0.741885244846344 6
1679508270325 0.74204421043396 7
1679508270424 0.7429343461990356 8
1679508270531 0.7429343461990356 9
