1679508067776 0.6409719586372375 0
1679508067876 0.5968549251556396 1
1679508067975 0.5708022117614746 2
1679508068076 0.5521048307418823 3
1679508068174 0.5397306084632874 4
1679508068272 0.5324296951293945 5
1679508068370 0.5284116864204407 6
1679508068472 0.5262025594711304 7
1679508068570 0.5250070691108704 8
1679508068666 0.5241920948028564 9
1679508156367 0.5648559331893921 0
1679508156486 0.5250590443611145 1
1679508156589 0.5229319930076599 2
1679508156687 0.5213422179222107 3
1679508156783 0.5201579928398132 4
1679508156880 0.5194013714790344 5
1679508156979 0.5187735557556152 6
1679508157077 0.5185437202453613 7
1679508157175 0.5177680850028992 8
1679508157271 0.5171816349029541 9
1679508236121 0.5655992031097412 0
1679508236216 0.5249850153923035 1
1679508236313 0.5224308371543884 2
1679508236411 0.5210222601890564 3
1679508236511 0.5202569365501404 4
1679508236616 0.5196182131767273 5
1679508236719 0.5188249945640564 6
1679508236814 0.5179949402809143 7
1679508236911 0.5179669857025146 8
1679508237008 0.5175067186355591 9
1679508269653 0.5665680766105652 0
1679508269748 0.5246955752372742 1
1679508269844 0.5222716927528381 2
1679508269938 0.5210193395614624 3
1679508270034 0.5198419094085693 4
1679508270131 0.5193220376968384 5
1679508270228 0.5184457302093506 6
1679508270325 0.5182366967201233 7
1679508270424 0.5175148844718933 8
1679508270531 0.5175219178199768 9
