1679841044718 0.5614051818847656 0
1679841044800 0.6626450419425964 1
1679841044878 0.702559232711792 2
1679841044940 0.7049594521522522 3
1679841045005 0.7051184177398682 4
1679841045069 0.7051025032997131 5
1679841045138 0.7051025032997131 6
1679841045205 0.7051025032997131 7
1679841045271 0.7051025032997131 8
1679841045336 0.7051025032997131 9
1679841045402 0.7051025032997131 10
1679841045475 0.7051025032997131 11
1679841045541 0.7051025032997131 12
1679841045611 0.7051025032997131 13
1679841045681 0.7051025032997131 14
1679841045751 0.7051025032997131 15
1679841045815 0.7051025032997131 16
1679841045886 0.7051025032997131 17
1679841045959 0.7051025032997131 18
1679841046024 0.7051025032997131 19
1679841046090 0.7051025032997131 20
1679841046156 0.7051025032997131 21
1679841046216 0.7051025032997131 22
1679841046278 0.7051025032997131 23
1679841046345 0.7051025032997131 24
1679841046407 0.7051025032997131 25
1679841046470 0.7051025032997131 26
1679841046531 0.7051025032997131 27
1679841046599 0.7051025032997131 28
1679841046665 0.7051025032997131 29
1679841046736 0.7051025032997131 30
1679841046797 0.7051025032997131 31
1679841046861 0.7051025032997131 32
1679841046926 0.7051025032997131 33
1679841046980 0.7051025032997131 34
1679841047047 0.7051025032997131 35
1679841047101 0.7051025032997131 36
1679841047160 0.7051025032997131 37
1679841047236 0.7051025032997131 38
1679841047303 0.7051025032997131 39
1679841047367 0.7051025032997131 40
1679841047424 0.7051025032997131 41
1679841047485 0.7051025032997131 42
1679841047544 0.7051025032997131 43
1679841047608 0.7051025032997131 44
1679841047682 0.7051025032997131 45
1679841047755 0.7051025032997131 46
1679841047823 0.7051025032997131 47
1679841047889 0.7051025032997131 48
1679841047951 0.7051025032997131 49
1679841048019 0.7051025032997131 50
1679841048082 0.7051025032997131 51
1679841048148 0.7051025032997131 52
1679841048212 0.7051025032997131 53
1679841048274 0.7051025032997131 54
1679841048338 0.7051025032997131 55
1679841048401 0.7051025032997131 56
1679841048465 0.7051025032997131 57
1679841048532 0.7051025032997131 58
1679841048597 0.7051025032997131 59
1679841048669 0.7051025032997131 60
1679841048738 0.7051025032997131 61
1679841048806 0.7051025032997131 62
1679841048879 0.7051025032997131 63
1679841048947 0.7051025032997131 64
1679841049010 0.7051025032997131 65
1679841049076 0.7051025032997131 66
1679841049146 0.7051025032997131 67
1679841049214 0.7051025032997131 68
1679841049278 0.7051025032997131 69
1679841049341 0.7051025032997131 70
1679841049400 0.7051025032997131 71
1679841049463 0.7051025032997131 72
