1679841044718 964.1046142578125 0
1679841044800 924.18017578125 1
1679841044878 885.1270751953125 2
1679841044940 846.947021484375 3
1679841045005 809.6450805664062 4
1679841045069 773.2211303710938 5
1679841045138 737.677734375 6
1679841045205 703.0264892578125 7
1679841045271 669.2615356445312 8
1679841045336 636.361083984375 9
1679841045402 604.32177734375 10
1679841045475 573.1552734375 11
1679841045541 542.849365234375 12
1679841045611 513.395751953125 13
1679841045681 484.7949523925781 14
1679841045751 457.0432434082031 15
1679841045815 430.1541442871094 16
1679841045886 404.1224365234375 17
1679841045959 378.9280090332031 18
1679841046024 354.5697937011719 19
1679841046090 331.0578918457031 20
1679841046156 308.39166259765625 21
1679841046216 286.5672607421875 22
1679841046278 265.58111572265625 23
1679841046345 245.430908203125 24
1679841046407 226.10813903808594 25
1679841046470 207.62379455566406 26
1679841046531 189.9661865234375 27
1679841046599 173.1372528076172 28
1679841046665 157.12168884277344 29
1679841046736 141.92803955078125 30
1679841046797 127.56077575683594 31
1679841046861 114.01033782958984 32
1679841046926 101.26766204833984 33
1679841046980 89.33140563964844 34
1679841047047 78.19481658935547 35
1679841047101 67.8614730834961 36
1679841047160 58.32999038696289 37
1679841047236 49.58833312988281 38
1679841047303 41.64353561401367 39
1679841047367 34.481956481933594 40
1679841047424 28.095577239990234 41
1679841047485 22.49225425720215 42
1679841047544 17.681528091430664 43
1679841047608 13.66357707977295 44
1679841047682 10.425589561462402 45
1679841047755 7.968948841094971 46
1679841047823 6.292139530181885 47
1679841047889 5.378225326538086 48
1679841047951 4.834535121917725 49
1679841048019 4.379669189453125 50
1679841048082 3.9719488620758057 51
1679841048148 3.592163562774658 52
1679841048212 3.2378182411193848 53
1679841048274 2.9103593826293945 54
1679841048338 2.607895612716675 55
1679841048401 2.329707384109497 56
1679841048465 2.076183795928955 57
1679841048532 1.8474938869476318 58
1679841048597 1.6436132192611694 59
1679841048669 1.4638839960098267 60
1679841048738 1.309131383895874 61
1679841048806 1.1785279512405396 62
1679841048879 1.0717501640319824 63
1679841048947 0.9892823100090027 64
1679841049010 0.9321260452270508 65
1679841049076 0.8980345726013184 66
1679841049146 0.8860722184181213 67
1679841049214 0.8837140798568726 68
1679841049278 0.8826256394386292 69
1679841049341 0.8825122117996216 70
1679841049400 0.8826605677604675 71
1679841049463 0.882495105266571 72
