1679509934638 0.7196947932243347 0
1679509934743 0.7380225658416748 1
1679509934846 0.7389127612113953 2
1679509934955 0.7400731444358826 3
1679509935059 0.7408838272094727 4
1679509935162 0.7410427331924438 5
1679509935262 0.7419806122779846 6
1679509935364 0.74204421043396 7
1679509935469 0.7435224652290344 8
1679509935584 0.7427117824554443 9
1679509935688 0.7430773973464966 10
1679509935798 0.7443013787269592 11
1679509935912 0.7448418140411377 12
1679509936014 0.7454617619514465 13
1679509936118 0.7457478642463684 14
1679509936224 0.7467334270477295 15
1679509936338 0.7467493414878845 16
1679509936451 0.7465108633041382 17
1679509936558 0.7464473247528076 18
1679509936667 0.7465903759002686 19
1679509936769 0.7476871609687805 20
1679509936875 0.7472261786460876 21
1679509936987 0.746336042881012 22
1679509937093 0.7476553916931152 23
1679509937197 0.7475441098213196 24
1679509937307 0.7484660744667053 25
1679509937411 0.747273862361908 26
1679509937513 0.7479574084281921 27
1679509937613 0.7480368614196777 28
1679509937713 0.7486091256141663 29
1679509937815 0.7488157749176025 30
1679509937919 0.7495946884155273 31
1679509938023 0.7489588260650635 32
1679509938127 0.7492290735244751 33
1679509938235 0.7489111423492432 34
1679509938347 0.7499284744262695 35
1679509938458 0.7489429116249084 36
1679509938567 0.7488475441932678 37
1679509938680 0.7494674921035767 38
1679509938785 0.7495628595352173 39
1679509938896 0.7501668930053711 40
1679509939005 0.7497377395629883 41
1679509939110 0.7490860223770142 42
1679509939215 0.7489747405052185 43
1679509939323 0.7494357228279114 44
1679509939433 0.7500874400138855 45
1679509939545 0.750643789768219 46
1679509939657 0.749690055847168 47
1679509939762 0.7493403553962708 48
1679509939877 0.7490860223770142 49
1679509939984 0.7495628595352173 50
1679509940094 0.7503735423088074 51
1679509940216 0.7498171925544739 52
1679509940337 0.750627875328064 53
1679509940442 0.7500397562980652 54
1679509940551 0.7503417730331421 55
1679509940656 0.7500397562980652 56
1679509940762 0.7497059106826782 57
1679509940867 0.7494834065437317 58
1679509940969 0.7502940893173218 59
1679509941077 0.7503735423088074 60
1679509941185 0.7501987218856812 61
1679509941291 0.7495469450950623 62
1679509941400 0.7502940893173218 63
1679509941504 0.7511842250823975 64
