1679509934638 0.5652793645858765 0
1679509934743 0.5248931050300598 1
1679509934846 0.5225394368171692 2
1679509934955 0.5208286643028259 3
1679509935059 0.520062267780304 4
1679509935162 0.5193004608154297 5
1679509935262 0.5188289284706116 6
1679509935364 0.5181933641433716 7
1679509935469 0.5174099802970886 8
1679509935584 0.5171456933021545 9
1679509935688 0.5166196227073669 10
1679509935798 0.5159465074539185 11
1679509935912 0.5153539180755615 12
1679509936014 0.5154622197151184 13
1679509936118 0.5149710774421692 14
1679509936224 0.5141478776931763 15
1679509936338 0.5138462781906128 16
1679509936451 0.513486921787262 17
1679509936558 0.513421893119812 18
1679509936667 0.5124936103820801 19
1679509936769 0.5121433734893799 20
1679509936875 0.5117211937904358 21
1679509936987 0.5116033554077148 22
1679509937093 0.511214554309845 23
1679509937197 0.5116564631462097 24
1679509937307 0.5108347535133362 25
1679509937411 0.5106622576713562 26
1679509937513 0.5103927850723267 27
1679509937613 0.5101281404495239 28
1679509937713 0.5100253820419312 29
1679509937815 0.5095443725585938 30
1679509937919 0.5094772577285767 31
1679509938023 0.5092104077339172 32
1679509938127 0.5093382596969604 33
1679509938235 0.5092601180076599 34
1679509938347 0.5088484287261963 35
1679509938458 0.5087911486625671 36
1679509938567 0.5087252259254456 37
1679509938680 0.5084349513053894 38
1679509938785 0.5081778168678284 39
1679509938896 0.5082891583442688 40
1679509939005 0.50778728723526 41
1679509939110 0.5085015892982483 42
1679509939215 0.5077296495437622 43
1679509939323 0.5075144171714783 44
1679509939433 0.5081396698951721 45
1679509939545 0.5075412392616272 46
1679509939657 0.5076450705528259 47
1679509939762 0.5074025988578796 48
1679509939877 0.5075340270996094 49
1679509939984 0.5071868896484375 50
1679509940094 0.5069138407707214 51
1679509940216 0.5074564218521118 52
1679509940337 0.5068058371543884 53
1679509940442 0.5070032477378845 54
1679509940551 0.5066661834716797 55
1679509940656 0.5068374276161194 56
1679509940762 0.5069567561149597 57
1679509940867 0.5069900751113892 58
1679509940969 0.5065494775772095 59
1679509941077 0.5066174864768982 60
1679509941185 0.5066550374031067 61
1679509941291 0.5065562129020691 62
1679509941400 0.5064340829849243 63
1679509941504 0.5064869523048401 64
