1679510287701 0.7185661792755127 0
1679510287798 0.7379112839698792 1
1679510287895 0.7394531965255737 2
1679510288027 0.7403592467308044 3
1679510288128 0.7409791946411133 4
1679510288226 0.7404228448867798 5
1679510288325 0.7421236634254456 6
1679510288422 0.7422349452972412 7
1679510288542 0.7422826290130615 8
1679510288641 0.7444285750389099 9
1679510288736 0.7433953285217285 10
1679510288834 0.7430297136306763 11
1679510288931 0.7445080280303955 12
1679510289039 0.7442377805709839 13
1679510289138 0.7442854642868042 14
1679510289232 0.745080292224884 15
1679510289328 0.746161162853241 16
1679510289425 0.7457320094108582 17
1679510289524 0.7468764781951904 18
1679510289619 0.7471626400947571 19
1679510289715 0.747146725654602 20
1679510289813 0.7469241619110107 21
1679510289909 0.7480527758598328 22
1679510290003 0.7468447089195251 23
1679510290100 0.7472580075263977 24
1679510290196 0.7479574084281921 25
1679510290290 0.7486091256141663 26
1679510290387 0.7481799125671387 27
1679510290484 0.7479097247123718 28
1679510290580 0.7483547925949097 29
1679510290679 0.7490701079368591 30
1679510290774 0.7488952279090881 31
1679510290872 0.7489111423492432 32
1679510290966 0.7494357228279114 33
1679510291060 0.749515175819397 34
1679510291157 0.7497535943984985 35
1679510291252 0.7494515776634216 36
1679510291348 0.7492290735244751 37
1679510291446 0.7488316893577576 38
1679510291539 0.7487521767616272 39
1679510291635 0.7490701079368591 40
1679510291731 0.7499920725822449 41
1679510291826 0.7494198083877563 42
1679510291921 0.749690055847168 43
1679510292016 0.7503417730331421 44
1679510292110 0.7493880391120911 45
1679510292204 0.749372124671936 46
1679510292298 0.7496105432510376 47
1679510292391 0.7497535943984985 48
1679510292485 0.7499602437019348 49
1679510292586 0.7500715255737305 50
1679510292682 0.7500079274177551 51
1679510292778 0.7505165934562683 52
1679510292880 0.7501192092895508 53
1679510292984 0.7497695088386536 54
1679510293086 0.749515175819397 55
1679510293189 0.7497854232788086 56
1679510293290 0.7505007386207581 57
1679510293395 0.7505801916122437 58
1679510293506 0.7507550716400146 59
1679510293606 0.7506914734840393 60
1679510293703 0.750627875328064 61
1679510293798 0.7504530549049377 62
1679510293894 0.750627875328064 63
1679510293992 0.7508345246315002 64
1679510294099 0.7500238418579102 65
1679510294205 0.7500556111335754 66
1679510294306 0.7508504390716553 67
1679510294407 0.7511365413665771 68
1679510294511 0.7507232427597046 69
1679510294614 0.751422643661499 70
1679510294720 0.7504371404647827 71
1679510294818 0.7501987218856812 72
1679510294923 0.7504530549049377 73
1679510295035 0.7507073879241943 74
1679510295131 0.7507073879241943 75
1679510295233 0.7508822083473206 76
1679510295331 0.7512795925140381 77
1679510295440 0.7507073879241943 78
1679510295546 0.7503417730331421 79
1679510295649 0.7504053115844727 80
1679510295748 0.7508662939071655 81
1679510295851 0.7521538734436035 82
1679510295950 0.7512955069541931 83
1679510296048 0.7511842250823975 84
1679510296148 0.7509934902191162 85
1679510296244 0.7509298920631409 86
1679510296341 0.7513591051101685 87
1679510296441 0.7508504390716553 88
1679510296541 0.7511206269264221 89
1679510296643 0.7508822083473206 90
1679510296742 0.7520266771316528 91
1679510296844 0.7510888576507568 92
1679510296947 0.7513591051101685 93
1679510297047 0.7514703273773193 94
1679510297148 0.7511047720909119 95
1679510297245 0.7514703273773193 96
1679510297345 0.7513908743858337 97
1679510297450 0.7514703273773193 98
1679510297554 0.7515498399734497 99
1679510297661 0.7511842250823975 100
1679510297767 0.7518677711486816 101
1679510297876 0.7518359422683716 102
1679510297978 0.7515021562576294 103
1679510298086 0.751438558101654 104
1679510298189 0.7510888576507568 105
1679510298293 0.7507232427597046 106
1679510298393 0.7516928911209106 107
1679510298495 0.7513272762298584 108
1679510298598 0.7523286938667297 109
1679510298700 0.7515021562576294 110
1679510298800 0.7514703273773193 111
1679510298899 0.7521538734436035 112
1679510299000 0.7513749599456787 113
1679510299102 0.7518677711486816 114
1679510299205 0.751740574836731 115
1679510299306 0.7518200874328613 116
1679510299408 0.7514067888259888 117
1679510299514 0.7515180706977844 118
1679510299615 0.7519789934158325 119
1679510299716 0.7519631385803223 120
1679510299819 0.751915454864502 121
1679510299920 0.7512955069541931 122
1679510300021 0.7513749599456787 123
1679510300122 0.7522651553153992 124
1679510300221 0.751756489276886 125
1679510300320 0.752694308757782 126
1679510300427 0.7518041729927063 127
1679510300539 0.7520585060119629 128
1679510300640 0.7525671720504761 129
1679510300763 0.7517246603965759 130
