1679510287701 0.5647991895675659 0
1679510287798 0.5246967673301697 1
1679510287895 0.5221973061561584 2
1679510288027 0.5210251212120056 3
1679510288128 0.5201632380485535 4
1679510288226 0.5198924541473389 5
1679510288325 0.5185094475746155 6
1679510288422 0.5179048180580139 7
1679510288542 0.5180335640907288 8
1679510288641 0.5171390175819397 9
1679510288736 0.5168726444244385 10
1679510288834 0.5164079070091248 11
1679510288931 0.5155327916145325 12
1679510289039 0.5162121057510376 13
1679510289138 0.5149509906768799 14
1679510289232 0.5144152641296387 15
1679510289328 0.514428436756134 16
1679510289425 0.5137491822242737 17
1679510289524 0.5131831765174866 18
1679510289619 0.5125630497932434 19
1679510289715 0.5123265385627747 20
1679510289813 0.5123282670974731 21
1679510289909 0.5116779804229736 22
1679510290003 0.5120118856430054 23
1679510290100 0.5114089846611023 24
1679510290196 0.5106251239776611 25
1679510290290 0.5100371837615967 26
1679510290387 0.5102773904800415 27
1679510290484 0.5106621384620667 28
1679510290580 0.5096687078475952 29
1679510290679 0.5098752379417419 30
1679510290774 0.5091543793678284 31
1679510290872 0.5091601610183716 32
1679510290966 0.5088784694671631 33
1679510291060 0.5088257193565369 34
1679510291157 0.5086193084716797 35
1679510291252 0.5084396600723267 36
1679510291348 0.5083392262458801 37
1679510291446 0.5085927844047546 38
1679510291539 0.5083362460136414 39
1679510291635 0.5079208016395569 40
1679510291731 0.508011519908905 41
1679510291826 0.507972240447998 42
1679510291921 0.5081871747970581 43
1679510292016 0.5078136324882507 44
1679510292110 0.5079537034034729 45
1679510292204 0.5079742670059204 46
1679510292298 0.5073832869529724 47
1679510292391 0.5072312355041504 48
1679510292485 0.5073082447052002 49
1679510292586 0.5069145560264587 50
1679510292682 0.5069983601570129 51
1679510292778 0.506833553314209 52
1679510292880 0.5069425106048584 53
1679510292984 0.5070011019706726 54
1679510293086 0.5065836310386658 55
1679510293189 0.5064276456832886 56
1679510293290 0.5064175724983215 57
1679510293395 0.5067000389099121 58
1679510293506 0.5065967440605164 59
1679510293606 0.5061981081962585 60
1679510293703 0.5063216686248779 61
1679510293798 0.5060869455337524 62
1679510293894 0.5062889456748962 63
1679510293992 0.5060347318649292 64
1679510294099 0.5066010355949402 65
1679510294205 0.5066185593605042 66
1679510294306 0.505916178226471 67
1679510294407 0.5059882402420044 68
1679510294511 0.5062945485115051 69
1679510294614 0.505578339099884 70
1679510294720 0.5059220790863037 71
1679510294818 0.506086528301239 72
1679510294923 0.5057258605957031 73
1679510295035 0.5063714981079102 74
1679510295131 0.5059586763381958 75
1679510295233 0.5054832100868225 76
1679510295331 0.5056898593902588 77
1679510295440 0.505837082862854 78
1679510295546 0.5059093236923218 79
1679510295649 0.5058238506317139 80
1679510295748 0.5056493282318115 81
1679510295851 0.5052050352096558 82
1679510295950 0.5052541494369507 83
1679510296048 0.5056180357933044 84
1679510296148 0.5053057670593262 85
1679510296244 0.50545334815979 86
1679510296341 0.5051574110984802 87
1679510296441 0.5058494806289673 88
1679510296541 0.5049229264259338 89
1679510296643 0.5052268505096436 90
1679510296742 0.5051093101501465 91
1679510296844 0.5051243901252747 92
1679510296947 0.5050236582756042 93
1679510297047 0.5048691630363464 94
1679510297148 0.5048288702964783 95
1679510297245 0.5047758221626282 96
1679510297345 0.5052611827850342 97
1679510297450 0.5046936273574829 98
1679510297554 0.5049660801887512 99
1679510297661 0.5053236484527588 100
1679510297767 0.5048311352729797 101
1679510297876 0.5045567750930786 102
1679510297978 0.5046612620353699 103
1679510298086 0.5050619840621948 104
1679510298189 0.5049253106117249 105
1679510298293 0.5047416090965271 106
1679510298393 0.5042650103569031 107
1679510298495 0.5043141841888428 108
1679510298598 0.504741370677948 109
1679510298700 0.5052735209465027 110
1679510298800 0.5044150948524475 111
1679510298899 0.5046090483665466 112
1679510299000 0.5048070549964905 113
1679510299102 0.5043220520019531 114
1679510299205 0.5045266151428223 115
1679510299306 0.5044275522232056 116
1679510299408 0.5045139789581299 117
1679510299514 0.505000650882721 118
1679510299615 0.504161536693573 119
1679510299716 0.5041574835777283 120
1679510299819 0.5042511820793152 121
1679510299920 0.5041863322257996 122
1679510300021 0.5042194724082947 123
1679510300122 0.5042325854301453 124
1679510300221 0.5041993260383606 125
1679510300320 0.5040017366409302 126
1679510300427 0.5039249658584595 127
1679510300539 0.5039772987365723 128
1679510300640 0.5040370225906372 129
1679510300763 0.504065990447998 130
