1679512910756 0.71258944272995 0
1679512910885 0.7367827296257019 1
1679512911019 0.738213300704956 2
1679512911146 0.738213300704956 3
1679512911267 0.7397392988204956 4
1679512911389 0.739326000213623 5
1679512911512 0.7400095462799072 6
1679512911630 0.7399618625640869 7
1679512911751 0.7406612634658813 8
1679512911872 0.7405818104743958 9
1679512911996 0.7417739629745483 10
1679512912119 0.74204421043396 11
1679512912240 0.7412493824958801 12
1679512912364 0.7422349452972412 13
1679512912490 0.7428866624832153 14
1679512912616 0.7427912950515747 15
1679512912785 0.7431092262268066 16
1679512912910 0.7434747815132141 17
1679512913030 0.743013858795166 18
1679512913150 0.7429184317588806 19
1679512913270 0.7446193099021912 20
1679512913390 0.7433476448059082 21
1679512913512 0.7438403964042664 22
1679512913641 0.7446193099021912 23
1679512913763 0.7439199090003967 24
1679512913887 0.7444921135902405 25
1679512914008 0.744126558303833 26
1679512914128 0.7440788149833679 27
1679512914247 0.7448577284812927 28
1679512914373 0.7449849247932434 29
1679512914511 0.7455730438232422 30
1679512914640 0.7448100447654724 31
1679512914759 0.7453187108039856 32
1679512914877 0.7457478642463684 33
1679512914998 0.7456684112548828 34
1679512915118 0.746192991733551 35
1679512915236 0.7466539740562439 36
1679512915358 0.746336042881012 37
1679512915478 0.74601811170578 38
1679512915604 0.7467651963233948 39
1679512915749 0.7473215460777283 40
1679512915879 0.7462565302848816 41
1679512916002 0.7469083070755005 42
1679512916127 0.7475600242614746 43
1679512916249 0.746971845626831 44
1679512916370 0.747305691242218 45
1679512916498 0.7474805116653442 46
1679512916628 0.7475600242614746 47
1679512916751 0.747464656829834 48
1679512916873 0.7478620409965515 49
1679512917002 0.7478938102722168 50
1679512917130 0.7484501600265503 51
1679512917253 0.7480368614196777 52
1679512917372 0.7477189898490906 53
1679512917492 0.7478143572807312 54
1679512917617 0.7482117414474487 55
1679512917740 0.7481958270072937 56
1679512917862 0.7491337060928345 57
1679512917981 0.7488316893577576 58
1679512918103 0.7477984428405762 59
1679512918229 0.748259425163269 60
1679512918356 0.7489429116249084 61
1679512918478 0.7486568093299866 62
1679512918599 0.7479414939880371 63
1679512918725 0.748577356338501 64
1679512918847 0.7486885786056519 65
1679512918971 0.7491018772125244 66
1679512919090 0.7487204074859619 67
1679512919216 0.7486727237701416 68
1679512919360 0.7494674921035767 69
1679512919483 0.7489747405052185 70
1679512919644 0.7484501600265503 71
1679512919769 0.7489429116249084 72
1679512919891 0.7490224242210388 73
1679512920010 0.7491495609283447 74
1679512920129 0.7494515776634216 75
1679512920252 0.7491018772125244 76
1679512920372 0.7501032948493958 77
1679512920493 0.7497535943984985 78
1679512920611 0.7497854232788086 79
1679512920735 0.7488793730735779 80
1679512920854 0.7486568093299866 81
1679512920975 0.7495628595352173 82
1679512921095 0.7495628595352173 83
1679512921262 0.7496582269668579 84
1679512921387 0.7488475441932678 85
1679512921543 0.7499761581420898 86
1679512921661 0.7492449283599854 87
1679512921781 0.749690055847168 88
1679512921901 0.7499761581420898 89
1679512922022 0.7498967051506042 90
1679512922142 0.7498171925544739 91
1679512922258 0.7510252594947815 92
1679512922380 0.7501668930053711 93
1679512922500 0.7500397562980652 94
1679512922618 0.7504212260246277 95
1679512922741 0.7501351237297058 96
1679512922861 0.7499284744262695 97
1679512922981 0.7501510381698608 98
1679512923101 0.7505484223365784 99
1679512923225 0.7498489618301392 100
1679512923346 0.7502464056015015 101
1679512923465 0.7494834065437317 102
1679512923584 0.7499761581420898 103
1679512923702 0.7503417730331421 104
1679512923820 0.7499125599861145 105
1679512923940 0.7498648762702942 106
1679512924062 0.7497695088386536 107
1679512924180 0.7501668930053711 108
1679512924300 0.750802755355835 109
1679512924418 0.750643789768219 110
1679512924538 0.7502781748771667 111
1679512924657 0.7495946884155273 112
1679512924782 0.7502940893173218 113
1679512924902 0.7502145767211914 114
1679512925022 0.7503735423088074 115
1679512925146 0.7503576278686523 116
1679512925266 0.7505007386207581 117
1679512925383 0.7509298920631409 118
1679512925502 0.750627875328064 119
1679512925623 0.7501828074455261 120
1679512925746 0.7515498399734497 121
1679512925870 0.750309944152832 122
1679512925989 0.7516292929649353 123
1679512926109 0.7501510381698608 124
1679512926231 0.750468909740448 125
1679512926351 0.7504371404647827 126
1679512926490 0.7502622604370117 127
1679512926609 0.7506914734840393 128
1679512926728 0.7506596446037292 129
1679512926851 0.7504371404647827 130
1679512926971 0.7508822083473206 131
1679512927089 0.7507073879241943 132
1679512927208 0.7507550716400146 133
1679512927329 0.7505484223365784 134
1679512927449 0.7508345246315002 135
1679512927570 0.7505165934562683 136
1679512927690 0.7505484223365784 137
1679512927816 0.7510888576507568 138
1679512927941 0.7504053115844727 139
1679512928063 0.7510094046592712 140
1679512928189 0.750643789768219 141
1679512928315 0.7505325078964233 142
1679512928435 0.7507232427597046 143
1679512928556 0.7502781748771667 144
1679512928677 0.7502622604370117 145
1679512928797 0.7506119608879089 146
1679512928925 0.7509298920631409 147
1679512929045 0.7511206269264221 148
1679512929164 0.7513114213943481 149
1679512929285 0.7510570883750916 150
1679512929406 0.7513749599456787 151
1679512929528 0.750802755355835 152
1679512929648 0.7513431906700134 153
1679512929770 0.7513431906700134 154
1679512929890 0.751756489276886 155
1679512930010 0.751422643661499 156
1679512930128 0.7520744204521179 157
1679512930246 0.7512795925140381 158
1679512930365 0.7512159943580627 159
1679512930485 0.7512319087982178 160
1679512930610 0.7508504390716553 161
1679512930733 0.7516292929649353 162
1679512930869 0.7512795925140381 163
1679512930988 0.7511047720909119 164
1679512931107 0.7514703273773193 165
1679512931227 0.7513749599456787 166
1679512931346 0.7507868409156799 167
1679512931467 0.7515180706977844 168
1679512931585 0.7515021562576294 169
1679512931706 0.7513114213943481 170
1679512931829 0.7512159943580627 171
1679512931951 0.7517246603965759 172
1679512932071 0.7517246603965759 173
1679512932193 0.7516452074050903 174
1679512932314 0.7505484223365784 175
1679512932433 0.7511365413665771 176
1679512932556 0.7501668930053711 177
1679512932679 0.7512478232383728 178
1679512932799 0.7511524558067322 179
1679512932923 0.7514703273773193 180
1679512933044 0.7519631385803223 181
1679512933164 0.7519472241401672 182
1679512933287 0.7516292929649353 183
1679512933409 0.7514067888259888 184
1679512933526 0.751581609249115 185
1679512933647 0.7520266771316528 186
1679512933768 0.7510094046592712 187
1679512933889 0.751756489276886 188
1679512934007 0.7516452074050903 189
1679512934129 0.7516292929649353 190
1679512934250 0.7518836259841919 191
1679512934372 0.7512795925140381 192
1679512934492 0.7519631385803223 193
1679512934612 0.7519631385803223 194
1679512934736 0.7504530549049377 195
1679512934852 0.7519789934158325 196
1679512934981 0.751613438129425 197
1679512935101 0.7526784539222717 198
1679512935223 0.7509458065032959 199
1679512935343 0.7515657544136047 200
1679512935462 0.7517246603965759 201
1679512935582 0.7508662939071655 202
1679512935702 0.751581609249115 203
1679512935822 0.751915454864502 204
1679512935945 0.7516769766807556 205
1679512936066 0.7514703273773193 206
1679512936186 0.7518518567085266 207
1679512936307 0.7512795925140381 208
1679512936428 0.7511524558067322 209
1679512936553 0.7515180706977844 210
1679512936676 0.7515021562576294 211
1679512936796 0.7519789934158325 212
1679512936915 0.7511524558067322 213
1679512937035 0.7515657544136047 214
1679512937156 0.7513908743858337 215
1679512937280 0.7521856427192688 216
1679512937401 0.7519313097000122 217
1679512937521 0.751740574836731 218
1679512937642 0.7516292929649353 219
1679512937762 0.75159752368927 220
1679512937883 0.7513591051101685 221
1679512938000 0.7512955069541931 222
1679512938119 0.7526784539222717 223
1679512938248 0.751740574836731 224
1679512938368 0.7519949078559875 225
1679512938490 0.7519472241401672 226
1679512938611 0.7519631385803223 227
1679512938732 0.7523446083068848 228
1679512938852 0.7518518567085266 229
1679512938973 0.7514862418174744 230
1679512939094 0.7520902752876282 231
1679512939213 0.7515021562576294 232
1679512939335 0.7521221041679382 233
1679512939456 0.7516292929649353 234
1679512939578 0.7519789934158325 235
1679512939699 0.7521697878837585 236
1679512939817 0.751422643661499 237
1679512939941 0.7518836259841919 238
1679512940063 0.7517723441123962 239
1679512940183 0.7515657544136047 240
1679512940304 0.7513908743858337 241
1679512940423 0.7519313097000122 242
1679512940542 0.7520902752876282 243
1679512940663 0.752551257610321 244
1679512940783 0.7522492408752441 245
1679512940908 0.7524082064628601 246
1679512941030 0.7522174715995789 247
1679512941150 0.7522015571594238 248
1679512941273 0.7512795925140381 249
1679512941394 0.7520585060119629 250
1679512941514 0.7525830268859863 251
1679512941642 0.7516292929649353 252
1679512941768 0.7525194883346558 253
1679512941897 0.7519949078559875 254
1679512942024 0.7516611218452454 255
1679512942154 0.7530440092086792 256
1679512942284 0.752551257610321 257
1679512942411 0.7517246603965759 258
1679512942540 0.7521221041679382 259
1679512942671 0.7524082064628601 260
1679512942801 0.7521061897277832 261
1679512942930 0.751756489276886 262
1679512943053 0.7522651553153992 263
1679512943178 0.7523605227470398 264
1679512943297 0.7526784539222717 265
1679512943417 0.7530122399330139 266
1679512943541 0.7522174715995789 267
1679512943669 0.752535343170166 268
1679512943796 0.7519472241401672 269
1679512943957 0.7518836259841919 270
1679512944078 0.7523446083068848 271
1679512944199 0.751422643661499 272
1679512944320 0.75159752368927 273
1679512944440 0.7522015571594238 274
1679512944561 0.7522333264350891 275
1679512944682 0.7524718046188354 276
1679512944810 0.7515657544136047 277
1679512944934 0.7527738213539124 278
1679512945057 0.753028154373169 279
1679512945183 0.7523605227470398 280
1679512945340 0.7524876594543457 281
1679512945463 0.7524558901786804 282
1679512945642 0.7522015571594238 283
1679512945766 0.7522015571594238 284
1679512945889 0.7529486417770386 285
1679512946010 0.7528215050697327 286
1679512946133 0.7527896761894226 287
1679512946255 0.7522333264350891 288
1679512946377 0.7521697878837585 289
1679512946495 0.7526148557662964 290
1679512946668 0.7526784539222717 291
1679512946798 0.7525194883346558 292
1679512946965 0.7525989413261414 293
1679512947086 0.752535343170166 294
1679512947207 0.7529327869415283 295
1679512947327 0.7519472241401672 296
1679512947449 0.752551257610321 297
1679512947572 0.7529645562171936 298
1679512947691 0.7530599236488342 299
1679512947812 0.7527419924736023 300
1679512947933 0.7525035738945007 301
1679512948053 0.7517246603965759 302
1679512948187 0.7527419924736023 303
1679512948363 0.7521856427192688 304
1679512948487 0.7523286938667297 305
1679512948632 0.7526466250419617 306
1679512948755 0.7523764371871948 307
1679512948881 0.7525035738945007 308
1679512949004 0.7523286938667297 309
1679512949125 0.7529009580612183 310
1679512949252 0.7524399757385254 311
1679512949379 0.7524876594543457 312
1679512949503 0.7528055906295776 313
1679512949661 0.7526307702064514 314
1679512949784 0.7524241209030151 315
1679512949905 0.7535368204116821 316
1679512950028 0.7527579069137573 317
1679512950150 0.7529645562171936 318
1679512950271 0.7528373599052429 319
1679512950394 0.7519789934158325 320
1679512950513 0.7525989413261414 321
1679512950635 0.752853274345398 322
1679512950758 0.7523128390312195 323
1679512950883 0.7523128390312195 324
1679512951009 0.7522651553153992 325
1679512951142 0.7525035738945007 326
1679512951273 0.7523128390312195 327
1679512951397 0.751915454864502 328
1679512951520 0.7531871199607849 329
1679512951642 0.7520744204521179 330
1679512951765 0.7532983422279358 331
1679512951889 0.751915454864502 332
1679512952016 0.752551257610321 333
1679512952149 0.7528055906295776 334
1679512952276 0.7531076073646545 335
1679512952400 0.7533301711082458 336
1679512952523 0.7522810101509094 337
1679512952646 0.7529645562171936 338
1679512952769 0.752726137638092 339
1679512952893 0.7521697878837585 340
1679512953013 0.7532029747962952 341
1679512953138 0.752726137638092 342
1679512953267 0.7526307702064514 343
1679512953389 0.752551257610321 344
1679512953511 0.7523922920227051 345
1679512953635 0.7525830268859863 346
1679512953757 0.753028154373169 347
1679512953886 0.7536957263946533 348
1679512954011 0.7530440092086792 349
1679512954133 0.7529168725013733 350
1679512954254 0.7526307702064514 351
1679512954377 0.7532983422279358 352
1679512954501 0.7529327869415283 353
1679512954624 0.7523128390312195 354
1679512954745 0.7527579069137573 355
1679512954867 0.7520585060119629 356
1679512954987 0.7525671720504761 357
1679512955108 0.7524876594543457 358
1679512955230 0.752535343170166 359
1679512955356 0.7532983422279358 360
1679512955479 0.7523922920227051 361
1679512955601 0.7530122399330139 362
1679512955721 0.7524399757385254 363
1679512955842 0.7532188892364502 364
1679512955965 0.7529168725013733 365
1679512956090 0.7531712055206299 366
1679512956214 0.7526784539222717 367
1679512956339 0.752885103225708 368
1679512956468 0.7530599236488342 369
1679512956600 0.7529486417770386 370
1679512956724 0.7524399757385254 371
1679512956847 0.7530440092086792 372
1679512956971 0.753838837146759 373
1679512957095 0.7534255385398865 374
1679512957218 0.752885103225708 375
1679512957346 0.7535209059715271 376
1679512957469 0.753648042678833 377
1679512957592 0.7537434697151184 378
1679512957715 0.7527738213539124 379
1679512957847 0.7533619403839111 380
1679512958004 0.7529168725013733 381
1679512958132 0.752694308757782 382
1679512958257 0.7534573078155518 383
1679512958403 0.7532824873924255 384
1679512958536 0.753028154373169 385
1679512958660 0.7526307702064514 386
1679512958781 0.753028154373169 387
1679512958902 0.752726137638092 388
1679512959024 0.7533778548240662 389
1679512959147 0.7537116408348083 390
1679512959276 0.7523128390312195 391
1679512959404 0.7535209059715271 392
1679512959526 0.7531393766403198 393
1679512959647 0.7534732222557068 394
1679512959770 0.7524558901786804 395
1679512959892 0.7533937096595764 396
1679512960015 0.7532506585121155 397
1679512960138 0.7534255385398865 398
1679512960263 0.7530122399330139 399
1679512960386 0.7528215050697327 400
1679512960508 0.7535368204116821 401
1679512960634 0.7532506585121155 402
1679512960758 0.7531393766403198 403
1679512960899 0.7535845041275024 404
1679512961019 0.7532824873924255 405
1679512961154 0.7537752389907837 406
1679512961275 0.7526625394821167 407
1679512961404 0.753838837146759 408
1679512961527 0.7536798715591431 409
1679512961649 0.7537434697151184 410
1679512961771 0.7535209059715271 411
1679512961894 0.7534255385398865 412
1679512962016 0.7531712055206299 413
1679512962136 0.7536321878433228 414
1679512962258 0.7535845041275024 415
1679512962383 0.7537434697151184 416
1679512962506 0.7529804706573486 417
1679512962628 0.7537275552749634 418
1679512962751 0.7531712055206299 419
1679512962872 0.7529645562171936 420
1679512962998 0.7536003589630127 421
1679512963120 0.7537275552749634 422
1679512963242 0.7535209059715271 423
1679512963369 0.7530916929244995 424
1679512963500 0.7533778548240662 425
1679512963620 0.7534255385398865 426
1679512963740 0.7533778548240662 427
1679512963860 0.753663957118988 428
1679512963987 0.7530758380889893 429
1679512964111 0.7528055906295776 430
1679512964234 0.7536798715591431 431
1679512964357 0.7535526752471924 432
1679512964477 0.7531712055206299 433
1679512964631 0.7534096240997314 434
1679512964764 0.7536321878433228 435
1679512964890 0.7536957263946533 436
1679512965012 0.7527896761894226 437
1679512965135 0.7536321878433228 438
1679512965257 0.7529963254928589 439
1679512965380 0.7535049915313721 440
1679512965504 0.7529486417770386 441
1679512965628 0.7534732222557068 442
1679512965749 0.7538546919822693 443
1679512965878 0.7529168725013733 444
1679512966002 0.7542362213134766 445
1679512966122 0.7539342045783997 446
1679512966244 0.7534255385398865 447
1679512966368 0.7535209059715271 448
1679512966488 0.7533142566680908 449
1679512966609 0.7534414529800415 450
1679512966729 0.753822922706604 451
1679512966852 0.7535049915313721 452
1679512966975 0.7539500594139099 453
1679512967097 0.7537434697151184 454
1679512967221 0.753822922706604 455
1679512967342 0.7546972036361694 456
1679512967464 0.7535526752471924 457
1679512967585 0.7537911534309387 458
1679512967709 0.7542362213134766 459
1679512967832 0.7538865208625793 460
1679512967955 0.753663957118988 461
1679512968077 0.7529327869415283 462
1679512968200 0.7528215050697327 463
1679512968323 0.7534891366958618 464
1679512968447 0.7532506585121155 465
1679512968572 0.753807008266449 466
1679512968697 0.7535526752471924 467
1679512968818 0.7534573078155518 468
1679512968940 0.7545700073242188 469
1679512969066 0.753822922706604 470
1679512969187 0.7538706064224243 471
1679512969309 0.7541726231575012 472
1679512969434 0.7535209059715271 473
1679512969565 0.7533619403839111 474
1679512969686 0.7541090250015259 475
1679512969807 0.7532029747962952 476
1679512969927 0.7539500594139099 477
1679512970048 0.752853274345398 478
1679512970171 0.7540295720100403 479
1679512970293 0.7532824873924255 480
1679512970415 0.7533301711082458 481
1679512970536 0.7538706064224243 482
1679512970657 0.7531871199607849 483
1679512970778 0.7542362213134766 484
1679512970900 0.75398188829422 485
1679512971028 0.7534732222557068 486
1679512971152 0.7532824873924255 487
1679512971272 0.7535526752471924 488
1679512971392 0.753838837146759 489
1679512971514 0.7537434697151184 490
1679512971641 0.7532029747962952 491
1679512971763 0.7535368204116821 492
1679512971885 0.7540613412857056 493
1679512972005 0.7534255385398865 494
1679512972127 0.7543951869010925 495
1679512972252 0.7543156743049622 496
1679512972373 0.7540613412857056 497
1679512972508 0.7537116408348083 498
1679512972629 0.75398188829422 499
1679512972796 0.7539659738540649 500
1679512972918 0.7535368204116821 501
1679512973040 0.7542203068733215 502
1679512973162 0.7535685896873474 503
1679512973285 0.7535049915313721 504
1679512973407 0.753997802734375 505
1679512973528 0.7540613412857056 506
1679512973653 0.753822922706604 507
1679512973775 0.7539182901382446 508
1679512973895 0.7542203068733215 509
1679512974034 0.7536798715591431 510
1679512974157 0.7541885375976562 511
1679512974283 0.7534732222557068 512
1679512974415 0.7538546919822693 513
1679512974539 0.753997802734375 514
1679512974666 0.7544905543327332 515
1679512974788 0.7543475031852722 516
1679512974913 0.7543475031852722 517
1679512975032 0.7538865208625793 518
1679512975158 0.754776656627655 519
1679512975286 0.7541885375976562 520
1679512975412 0.7538546919822693 521
1679512975545 0.7543792724609375 522
1679512975674 0.7540295720100403 523
1679512975798 0.7539182901382446 524
1679512975917 0.7540613412857056 525
1679512976041 0.7542839050292969 526
1679512976165 0.7541885375976562 527
1679512976287 0.7534891366958618 528
1679512976410 0.7542839050292969 529
1679512976533 0.7540136575698853 530
1679512976662 0.7545382380485535 531
1679512976786 0.7548879384994507 532
1679512976906 0.753997802734375 533
1679512977034 0.7536957263946533 534
1679512977156 0.7545382380485535 535
1679512977276 0.753838837146759 536
1679512977402 0.7540136575698853 537
1679512977524 0.7530599236488342 538
1679512977650 0.753822922706604 539
1679512977804 0.7537116408348083 540
1679512977928 0.7545223236083984 541
1679512978061 0.7534096240997314 542
1679512978197 0.7545700073242188 543
1679512978318 0.7543156743049622 544
1679512978443 0.753807008266449 545
1679512978564 0.75398188829422 546
1679512978683 0.7548402547836304 547
1679512978810 0.7541885375976562 548
1679512978936 0.7544110417366028 549
1679512979061 0.7545064091682434 550
1679512979192 0.7540931701660156 551
1679512979322 0.753997802734375 552
1679512979453 0.7542998194694519 553
1679512979573 0.7541408538818359 554
1679512979701 0.7537911534309387 555
1679512979827 0.7540613412857056 556
1679512979949 0.7546018362045288 557
1679512980070 0.7536798715591431 558
1679512980193 0.7539659738540649 559
1679512980322 0.7548879384994507 560
1679512980454 0.7543792724609375 561
1679512980590 0.7534414529800415 562
1679512980716 0.7548879384994507 563
1679512980839 0.7543315887451172 564
1679512980965 0.7540295720100403 565
1679512981093 0.7537434697151184 566
1679512981233 0.7542998194694519 567
1679512981359 0.7543792724609375 568
1679512981483 0.7546653747558594 569
1679512981606 0.7543156743049622 570
1679512981730 0.7545859217643738 571
1679512981854 0.754919707775116 572
1679512981978 0.7543156743049622 573
1679512982100 0.753822922706604 574
1679512982221 0.7546176910400391 575
1679512982350 0.7545700073242188 576
1679512982474 0.7545223236083984 577
1679512982605 0.7548243403434753 578
1679512982728 0.7539342045783997 579
1679512982848 0.7542679905891418 580
1679512982980 0.7543475031852722 581
1679512983111 0.7548402547836304 582
1679512983232 0.7544587254524231 583
1679512983355 0.7546176910400391 584
1679512983480 0.7549673914909363 585
1679512983600 0.7545541524887085 586
1679512983723 0.7535845041275024 587
1679512983853 0.7543475031852722 588
1679512983983 0.7549673914909363 589
1679512984112 0.7549038529396057 590
1679512984235 0.7542203068733215 591
1679512984357 0.7543315887451172 592
1679512984482 0.7544428706169128 593
1679512984607 0.7552694082260132 594
1679512984727 0.7540613412857056 595
1679512984851 0.7547130584716797 596
1679512984977 0.754935622215271 597
1679512985100 0.7543475031852722 598
1679512985231 0.7541885375976562 599
1679512985353 0.753838837146759 600
1679512985474 0.7547289729118347 601
1679512985598 0.7546336054801941 602
1679512985719 0.7544587254524231 603
1679512985847 0.754776656627655 604
1679512985971 0.7546018362045288 605
1679512986093 0.7548243403434753 606
1679512986220 0.7546972036361694 607
1679512986342 0.7542521357536316 608
1679512986465 0.7541408538818359 609
1679512986591 0.7540295720100403 610
1679512986715 0.7545541524887085 611
1679512986839 0.7544905543327332 612
1679512986960 0.7545064091682434 613
1679512987079 0.7550786733627319 614
1679512987200 0.7544428706169128 615
1679512987321 0.7544905543327332 616
1679512987442 0.7547448873519897 617
1679512987563 0.755094587802887 618
1679512987680 0.754935622215271 619
1679512987812 0.7548720240592957 620
1679512987935 0.7544428706169128 621
1679512988057 0.7551581859588623 622
1679512988187 0.7545382380485535 623
1679512988318 0.7545223236083984 624
1679512988447 0.7544587254524231 625
1679512988574 0.7554125189781189 626
1679512988702 0.7553012371063232 627
1679512988825 0.7542521357536316 628
1679512988954 0.7546018362045288 629
1679512989085 0.7543792724609375 630
1679512989206 0.7547289729118347 631
1679512989388 0.7548561692237854 632
1679512989517 0.7543951869010925 633
1679512989688 0.7551899552345276 634
1679512989818 0.7544269561767578 635
1679512989944 0.7546176910400391 636
1679512990064 0.7548084855079651 637
1679512990187 0.7541090250015259 638
1679512990309 0.7548084855079651 639
1679512990470 0.7540931701660156 640
1679512990595 0.7549038529396057 641
1679512990758 0.7544110417366028 642
1679512990878 0.7545064091682434 643
1679512991002 0.7552058696746826 644
1679512991125 0.7548402547836304 645
1679512991261 0.7553648352622986 646
1679512991386 0.754919707775116 647
1679512991506 0.7550469040870667 648
1679512991629 0.7553330063819885 649
1679512991751 0.7554760575294495 650
1679512991885 0.7550786733627319 651
1679512992018 0.7543951869010925 652
1679512992146 0.7552853226661682 653
1679512992283 0.7543951869010925 654
1679512992406 0.7549038529396057 655
1679512992531 0.7544428706169128 656
1679512992653 0.7549038529396057 657
1679512992773 0.7549673914909363 658
1679512992898 0.7555873394012451 659
1679512993020 0.7552058696746826 660
1679512993157 0.7548084855079651 661
1679512993281 0.755873441696167 662
1679512993404 0.7546018362045288 663
1679512993532 0.7558575868606567 664
1679512993658 0.7546176910400391 665
1679512993785 0.7545223236083984 666
1679512993912 0.7554760575294495 667
1679512994046 0.754951536655426 668
1679512994170 0.7549038529396057 669
1679512994297 0.755094587802887 670
1679512994422 0.7543315887451172 671
1679512994547 0.7554919719696045 672
1679512994674 0.754935622215271 673
1679512994797 0.754935622215271 674
1679512994921 0.7545064091682434 675
1679512995045 0.7558099031448364 676
1679512995170 0.7546176910400391 677
1679512995299 0.7553489208221436 678
1679512995423 0.7547607421875 679
1679512995546 0.7549673914909363 680
1679512995677 0.7543951869010925 681
1679512995803 0.7550150752067566 682
1679512995940 0.7548879384994507 683
1679512996070 0.7545223236083984 684
1679512996194 0.7555873394012451 685
1679512996318 0.7552058696746826 686
1679512996444 0.754935622215271 687
1679512996570 0.7543475031852722 688
1679512996695 0.7548402547836304 689
1679512996820 0.7547925710678101 690
1679512996948 0.7549992203712463 691
1679512997071 0.7546653747558594 692
1679512997199 0.7553012371063232 693
1679512997322 0.7550309896469116 694
1679512997444 0.7549992203712463 695
1679512997564 0.7551581859588623 696
1679512997687 0.7561913728713989 697
1679512997810 0.7548720240592957 698
1679512997934 0.7548879384994507 699
1679512998068 0.7556509375572205 700
1679512998189 0.756064236164093 701
1679512998311 0.7559688687324524 702
1679512998433 0.7556668519973755 703
1679512998560 0.7561436891555786 704
1679512998682 0.755110502243042 705
1679512998804 0.7546653747558594 706
1679512998927 0.7553806900978088 707
1679512999047 0.7553489208221436 708
1679512999195 0.7550469040870667 709
1679512999317 0.755110502243042 710
1679512999441 0.7546336054801941 711
1679512999569 0.7554602026939392 712
1679512999695 0.7555555701255798 713
1679512999817 0.7555714249610901 714
1679512999938 0.7549992203712463 715
1679513000063 0.7555555701255798 716
1679513000184 0.7555555701255798 717
1679513000313 0.7551740407943726 718
1679513000438 0.754951536655426 719
1679513000563 0.7548402547836304 720
1679513000687 0.755730390548706 721
1679513000812 0.7554125189781189 722
1679513000934 0.7550627589225769 723
1679513001064 0.7550150752067566 724
1679513001191 0.7552058696746826 725
1679513001315 0.7554125189781189 726
1679513001439 0.7552217245101929 727
1679513001569 0.7552853226661682 728
1679513001694 0.7558257579803467 729
1679513001821 0.7557463049888611 730
1679513001947 0.7554602026939392 731
1679513002079 0.7552853226661682 732
1679513002202 0.7553170919418335 733
1679513002324 0.7555237412452698 734
1679513002447 0.7552535533905029 735
1679513002574 0.7562549710273743 736
1679513002703 0.755730390548706 737
1679513002828 0.7558099031448364 738
1679513002952 0.7554442882537842 739
1679513003080 0.7551263570785522 740
1679513003204 0.755730390548706 741
1679513003324 0.7551740407943726 742
1679513003445 0.7553489208221436 743
1679513003568 0.7555078864097595 744
1679513003698 0.7550469040870667 745
1679513003820 0.7551263570785522 746
1679513003940 0.7552058696746826 747
1679513004058 0.7551422715187073 748
1679513004185 0.7556191086769104 749
1679513004310 0.7553966045379639 750
1679513004436 0.7550469040870667 751
1679513004560 0.7556032538414001 752
1679513004684 0.7558416724205017 753
1679513004815 0.7557145357131958 754
1679513004938 0.7554283738136292 755
1679513005064 0.7556191086769104 756
1679513005185 0.7558257579803467 757
1679513005307 0.7553966045379639 758
1679513005430 0.7549833059310913 759
1679513005553 0.7556032538414001 760
1679513005678 0.7553330063819885 761
1679513005800 0.7556191086769104 762
1679513005935 0.7559529542922974 763
1679513006059 0.7561277747154236 764
1679513006185 0.7559847235679626 765
1679513006310 0.755889356136322 766
1679513006434 0.7556668519973755 767
1679513006556 0.755889356136322 768
1679513006677 0.756223201751709 769
1679513006801 0.7555078864097595 770
1679513006925 0.7554919719696045 771
1679513007054 0.7554442882537842 772
1679513007177 0.7553170919418335 773
1679513007303 0.7551422715187073 774
1679513007428 0.7554602026939392 775
1679513007552 0.7555555701255798 776
1679513007674 0.7557622194290161 777
1679513007799 0.7548243403434753 778
1679513007928 0.755873441696167 779
1679513008077 0.7553489208221436 780
1679513008212 0.7557939887046814 781
1679513008346 0.7560006380081177 782
1679513008474 0.7557939887046814 783
1679513008608 0.7552853226661682 784
1679513008729 0.7563662528991699 785
1679513008853 0.7548879384994507 786
1679513008976 0.7557145357131958 787
1679513009098 0.7558099031448364 788
1679513009221 0.7558416724205017 789
1679513009344 0.7559688687324524 790
1679513009471 0.7559688687324524 791
1679513009599 0.7555714249610901 792
1679513009722 0.756223201751709 793
1679513009850 0.7556032538414001 794
1679513009975 0.7557939887046814 795
1679513010098 0.7558575868606567 796
1679513010232 0.7552217245101929 797
1679513010358 0.7558575868606567 798
1679513010479 0.7555873394012451 799
1679513010608 0.7563185691833496 800
1679513010738 0.7558099031448364 801
1679513010859 0.7555078864097595 802
1679513010983 0.7551422715187073 803
1679513011115 0.7559847235679626 804
1679513011235 0.755730390548706 805
1679513011356 0.7558416724205017 806
1679513011474 0.7550786733627319 807
1679513011600 0.7558099031448364 808
1679513011729 0.7547448873519897 809
1679513011857 0.755905270576477 810
1679513011995 0.7553330063819885 811
1679513012120 0.7558257579803467 812
1679513012245 0.7549992203712463 813
1679513012369 0.7555237412452698 814
1679513012491 0.7553012371063232 815
1679513012614 0.7558575868606567 816
1679513012735 0.7559847235679626 817
1679513012867 0.7552376389503479 818
1679513012993 0.7553966045379639 819
1679513013114 0.7552058696746826 820
1679513013240 0.7560165524482727 821
1679513013363 0.7559847235679626 822
1679513013485 0.7556191086769104 823
1679513013606 0.7569543719291687 824
1679513013725 0.7564139366149902 825
1679513013848 0.7555714249610901 826
1679513013969 0.755873441696167 827
1679513014090 0.7557463049888611 828
1679513014215 0.7556509375572205 829
1679513014342 0.7554125189781189 830
1679513014466 0.7559688687324524 831
1679513014589 0.7561277747154236 832
1679513014715 0.7563344240188599 833
1679513014837 0.7565410733222961 834
1679513014956 0.7556350231170654 835
1679513015087 0.7557622194290161 836
1679513015208 0.7562390565872192 837
1679513015330 0.7559529542922974 838
1679513015460 0.7557780742645264 839
1679513015584 0.7554760575294495 840
1679513015706 0.7558416724205017 841
1679513015834 0.755873441696167 842
1679513015960 0.7561119198799133 843
1679513016090 0.7565887570381165 844
1679513016218 0.7564775347709656 845
1679513016357 0.7564775347709656 846
1679513016481 0.7554919719696045 847
1679513016608 0.7558416724205017 848
1679513016731 0.7563344240188599 849
1679513016860 0.7563503384590149 850
1679513016985 0.7559688687324524 851
1679513017111 0.7555873394012451 852
1679513017240 0.7555555701255798 853
1679513017365 0.7553170919418335 854
1679513017487 0.7559688687324524 855
1679513017610 0.7562390565872192 856
1679513017748 0.7563185691833496 857
1679513017873 0.755905270576477 858
1679513018000 0.7561913728713989 859
1679513018122 0.7563662528991699 860
1679513018247 0.7555396556854248 861
1679513018370 0.7557622194290161 862
1679513018490 0.7559370398521423 863
1679513018614 0.7564933896064758 864
1679513018739 0.7565410733222961 865
1679513018864 0.7564297914505005 866
1679513018988 0.7564139366149902 867
1679513019114 0.7565729022026062 868
1679513019238 0.755889356136322 869
1679513019367 0.755873441696167 870
1679513019495 0.7560165524482727 871
1679513019621 0.7556350231170654 872
1679513019740 0.7556827068328857 873
1679513019865 0.7561436891555786 874
1679513019988 0.7556032538414001 875
1679513020113 0.7562549710273743 876
1679513020241 0.7566523551940918 877
1679513020370 0.7566841244697571 878
1679513020493 0.755905270576477 879
1679513020625 0.7560006380081177 880
1679513020750 0.757002055644989 881
1679513020875 0.7562867403030396 882
1679513021008 0.7564775347709656 883
1679513021131 0.7556191086769104 884
1679513021258 0.7561913728713989 885
1679513021385 0.7566046714782715 886
1679513021509 0.7565729022026062 887
1679513021633 0.7565252184867859 888
1679513021757 0.755905270576477 889
1679513021878 0.7567318677902222 890
1679513022017 0.7564775347709656 891
1679513022138 0.7565252184867859 892
1679513022261 0.7563821077346802 893
1679513022386 0.7561596035957336 894
1679513022518 0.7569543719291687 895
1679513022642 0.756032407283783 896
1679513022763 0.7566523551940918 897
1679513022885 0.7556986212730408 898
1679513023009 0.756064236164093 899
1679513023133 0.7565252184867859 900
1679513023256 0.7565410733222961 901
1679513023376 0.7563026547431946 902
1679513023497 0.7553648352622986 903
1679513023615 0.7559370398521423 904
1679513023733 0.7555078864097595 905
1679513023855 0.7567636370658875 906
1679513023993 0.7561913728713989 907
1679513024119 0.756223201751709 908
1679513024242 0.7564775347709656 909
1679513024369 0.756048321723938 910
1679513024501 0.7558257579803467 911
1679513024624 0.7563662528991699 912
1679513024747 0.7564616203308105 913
1679513024869 0.7563503384590149 914
1679513024992 0.7564297914505005 915
1679513025130 0.7568907737731934 916
1679513025271 0.7562549710273743 917
1679513025390 0.7559211850166321 918
1679513025517 0.7564933896064758 919
1679513025642 0.7569226026535034 920
1679513025768 0.7563662528991699 921
1679513025892 0.7574153542518616 922
1679513026024 0.7565410733222961 923
1679513026149 0.7565569877624512 924
1679513026274 0.7569384574890137 925
1679513026398 0.7563980221748352 926
1679513026530 0.7565093040466309 927
1679513026656 0.7571133375167847 928
1679513026779 0.7559211850166321 929
1679513026902 0.7561755180358887 930
1679513027031 0.7560800909996033 931
1679513027155 0.7569702863693237 932
1679513027277 0.7572882175445557 933
1679513027406 0.7570338845252991 934
1679513027531 0.7561277747154236 935
1679513027650 0.756843090057373 936
1679513027771 0.7561436891555786 937
1679513027893 0.7554760575294495 938
1679513028026 0.7558416724205017 939
1679513028145 0.7566523551940918 940
1679513028267 0.7566523551940918 941
1679513028387 0.7568749189376831 942
1679513028513 0.7568590044975281 943
1679513028638 0.7562867403030396 944
1679513028762 0.7569702863693237 945
1679513028886 0.7566364407539368 946
1679513029009 0.756048321723938 947
1679513029130 0.7556827068328857 948
1679513029250 0.7566364407539368 949
1679513029373 0.75714510679245 950
1679513029502 0.7569226026535034 951
1679513029627 0.7573676705360413 952
1679513029755 0.75717693567276 953
1679513029885 0.7568590044975281 954
1679513030014 0.7567795515060425 955
1679513030144 0.7570815682411194 956
1679513030269 0.7573040723800659 957
1679513030394 0.7574789524078369 958
1679513030520 0.7569384574890137 959
1679513030645 0.7556827068328857 960
1679513030771 0.7572563886642456 961
1679513030892 0.7577491402626038 962
1679513031023 0.7564616203308105 963
1679513031145 0.7562708854675293 964
1679513031269 0.7567477226257324 965
1679513031391 0.7565252184867859 966
1679513031514 0.7565729022026062 967
1679513031643 0.7570497393608093 968
1679513031765 0.757002055644989 969
1679513031887 0.7570974230766296 970
1679513032011 0.7563980221748352 971
1679513032140 0.7569384574890137 972
1679513032261 0.7563503384590149 973
1679513032384 0.7564457058906555 974
1679513032506 0.7573676705360413 975
1679513032634 0.7569384574890137 976
1679513032798 0.7566205859184265 977
1679513032922 0.7563344240188599 978
1679513033043 0.75714510679245 979
1679513033166 0.7567954063415527 980
1679513033287 0.7568113207817078 981
1679513033407 0.7578286528587341 982
1679513033537 0.7567318677902222 983
1679513033661 0.7572246193885803 984
1679513033782 0.7567636370658875 985
1679513033911 0.756843090057373 986
1679513034039 0.7574471235275269 987
1679513034160 0.7572246193885803 988
1679513034286 0.7572723031044006 989
1679513034415 0.7569066882133484 990
1679513034543 0.7573040723800659 991
1679513034667 0.7568113207817078 992
1679513034787 0.75714510679245 993
1679513034910 0.7575266361236572 994
1679513035033 0.7571133375167847 995
1679513035154 0.7578763365745544 996
1679513035275 0.7573040723800659 997
1679513035401 0.7572563886642456 998
1679513035524 0.7570338845252991 999
