1679512910756 0.5722034573554993 0
1679512910885 0.5272411704063416 1
1679512911019 0.5241172909736633 2
1679512911146 0.5233284831047058 3
1679512911267 0.5222762227058411 4
1679512911389 0.5217164754867554 5
1679512911512 0.5211672782897949 6
1679512911630 0.5208577513694763 7
1679512911751 0.5201770067214966 8
1679512911872 0.5197909474372864 9
1679512911996 0.5195268988609314 10
1679512912119 0.5193834900856018 11
1679512912240 0.5187695622444153 12
1679512912364 0.5185909867286682 13
1679512912490 0.518247663974762 14
1679512912616 0.51793372631073 15
1679512912785 0.5178657174110413 16
1679512912910 0.5174327492713928 17
1679512913030 0.517275333404541 18
1679512913150 0.5173541903495789 19
1679512913270 0.5167720913887024 20
1679512913390 0.516727089881897 21
1679512913512 0.5163881778717041 22
1679512913641 0.5163812041282654 23
1679512913763 0.5160894393920898 24
1679512913887 0.515814483165741 25
1679512914008 0.5156320929527283 26
1679512914128 0.5154688954353333 27
1679512914247 0.5153255462646484 28
1679512914373 0.5150183439254761 29
1679512914511 0.5147989988327026 30
1679512914640 0.5145676136016846 31
1679512914759 0.5145543217658997 32
1679512914877 0.514208972454071 33
1679512914998 0.5141057372093201 34
1679512915118 0.5140243172645569 35
1679512915236 0.513625979423523 36
1679512915358 0.513517439365387 37
1679512915478 0.5133397579193115 38
1679512915604 0.5131603479385376 39
1679512915749 0.5128759741783142 40
1679512915879 0.512906014919281 41
1679512916002 0.5125682950019836 42
1679512916127 0.512495756149292 43
1679512916249 0.512354850769043 44
1679512916370 0.5120629668235779 45
1679512916498 0.5120076537132263 46
1679512916628 0.5117497444152832 47
1679512916751 0.5118266940116882 48
1679512916873 0.5114097595214844 49
1679512917002 0.5113491415977478 50
1679512917130 0.510998547077179 51
1679512917253 0.5111756920814514 52
1679512917372 0.5109592080116272 53
1679512917492 0.5108858346939087 54
1679512917617 0.5106364488601685 55
1679512917740 0.5106926560401917 56
1679512917862 0.5103764533996582 57
1679512917981 0.5102266669273376 58
1679512918103 0.510109007358551 59
1679512918229 0.5100724697113037 60
1679512918356 0.5100527405738831 61
1679512918478 0.5097789764404297 62
1679512918599 0.5097431540489197 63
1679512918725 0.5097638368606567 64
1679512918847 0.5096794366836548 65
1679512918971 0.5093651413917542 66
1679512919090 0.5092234015464783 67
1679512919216 0.5094349384307861 68
1679512919360 0.5091971158981323 69
1679512919483 0.5088679194450378 70
1679512919644 0.5087902545928955 71
1679512919769 0.5088176131248474 72
1679512919891 0.5087786316871643 73
1679512920010 0.5087205171585083 74
1679512920129 0.5087699890136719 75
1679512920252 0.508665919303894 76
1679512920372 0.5085686445236206 77
1679512920493 0.5085040330886841 78
1679512920611 0.5080475807189941 79
1679512920735 0.5082308053970337 80
1679512920854 0.5084664225578308 81
1679512920975 0.5081661939620972 82
1679512921095 0.5081238746643066 83
1679512921262 0.5081344246864319 84
1679512921387 0.5079610347747803 85
1679512921543 0.5077033638954163 86
1679512921661 0.5077822208404541 87
1679512921781 0.5078840255737305 88
1679512921901 0.5078703761100769 89
1679512922022 0.50766521692276 90
1679512922142 0.5074511766433716 91
1679512922258 0.5076862573623657 92
1679512922380 0.5072661638259888 93
1679512922500 0.5075057744979858 94
1679512922618 0.507483184337616 95
1679512922741 0.5072581171989441 96
1679512922861 0.5073282718658447 97
1679512922981 0.5070356130599976 98
1679512923101 0.5072731375694275 99
1679512923225 0.5074456930160522 100
1679512923346 0.5070992708206177 101
1679512923465 0.5070852637290955 102
1679512923584 0.507246196269989 103
1679512923702 0.5069966316223145 104
1679512923820 0.5069222450256348 105
1679512923940 0.5069190263748169 106
1679512924062 0.5066151022911072 107
1679512924180 0.5067811012268066 108
1679512924300 0.5069310069084167 109
1679512924418 0.5068608522415161 110
1679512924538 0.5066205859184265 111
1679512924657 0.5070074796676636 112
1679512924782 0.5067071914672852 113
1679512924902 0.5067545175552368 114
1679512925022 0.506797730922699 115
1679512925146 0.5064759254455566 116
1679512925266 0.5064387917518616 117
1679512925383 0.5063949227333069 118
1679512925502 0.5066166520118713 119
1679512925623 0.5065094828605652 120
1679512925746 0.5064775943756104 121
1679512925870 0.5063894391059875 122
1679512925989 0.5063526034355164 123
1679512926109 0.5062315464019775 124
1679512926231 0.5064489841461182 125
1679512926351 0.5063694715499878 126
1679512926490 0.5061272978782654 127
1679512926609 0.5062311291694641 128
1679512926728 0.5061625242233276 129
1679512926851 0.5062056183815002 130
1679512926971 0.5060131549835205 131
1679512927089 0.5060346126556396 132
1679512927208 0.5060286521911621 133
1679512927329 0.5062727332115173 134
1679512927449 0.5061197280883789 135
1679512927570 0.5058882832527161 136
1679512927690 0.505981981754303 137
1679512927816 0.5060718059539795 138
1679512927941 0.5057222247123718 139
1679512928063 0.5056418776512146 140
1679512928189 0.5058241486549377 141
1679512928315 0.5058264136314392 142
1679512928435 0.5056295990943909 143
1679512928556 0.505795419216156 144
1679512928677 0.5057364106178284 145
1679512928797 0.5058093667030334 146
1679512928925 0.5057161450386047 147
1679512929045 0.5057178735733032 148
1679512929164 0.5055645108222961 149
1679512929285 0.5056416392326355 150
1679512929406 0.5055292844772339 151
1679512929528 0.5052857995033264 152
1679512929648 0.5056856870651245 153
1679512929770 0.5054681301116943 154
1679512929890 0.5055004954338074 155
1679512930010 0.5056008100509644 156
1679512930128 0.5051355361938477 157
1679512930246 0.5053708553314209 158
1679512930365 0.5056659579277039 159
1679512930485 0.5055809020996094 160
1679512930610 0.5052719116210938 161
1679512930733 0.5055655837059021 162
1679512930869 0.5052668452262878 163
1679512930988 0.5051783919334412 164
1679512931107 0.5054782032966614 165
1679512931227 0.5052855014801025 166
1679512931346 0.505135178565979 167
1679512931467 0.5053042769432068 168
1679512931585 0.5053310394287109 169
1679512931706 0.5052631497383118 170
1679512931829 0.5053746104240417 171
1679512931951 0.5050046443939209 172
1679512932071 0.5054307579994202 173
1679512932193 0.5051702857017517 174
1679512932314 0.5051477551460266 175
1679512932433 0.5051449537277222 176
1679512932556 0.5053220391273499 177
1679512932679 0.5048633217811584 178
1679512932799 0.5050238966941833 179
1679512932923 0.5051071643829346 180
1679512933044 0.5046361684799194 181
1679512933164 0.5053356289863586 182
1679512933287 0.5046817064285278 183
1679512933409 0.5048766136169434 184
1679512933526 0.5048076510429382 185
1679512933647 0.5048952102661133 186
1679512933768 0.5049827098846436 187
1679512933889 0.5051665902137756 188
1679512934007 0.5047141313552856 189
1679512934129 0.5048295259475708 190
1679512934250 0.5049400329589844 191
1679512934372 0.5048387050628662 192
1679512934492 0.5045499205589294 193
1679512934612 0.5048151016235352 194
1679512934736 0.504762589931488 195
1679512934852 0.5046858191490173 196
1679512934981 0.5044815540313721 197
1679512935101 0.5046572089195251 198
1679512935223 0.5046854615211487 199
1679512935343 0.5048314332962036 200
1679512935462 0.5045211315155029 201
1679512935582 0.504805326461792 202
1679512935702 0.5045256614685059 203
1679512935822 0.5047836899757385 204
1679512935945 0.5044170022010803 205
1679512936066 0.5047825574874878 206
1679512936186 0.5044734477996826 207
1679512936307 0.5046940445899963 208
1679512936428 0.5043952465057373 209
1679512936553 0.5047208070755005 210
1679512936676 0.5044046640396118 211
1679512936796 0.5044918656349182 212
1679512936915 0.5047134757041931 213
1679512937035 0.5042715668678284 214
1679512937156 0.5045664310455322 215
1679512937280 0.5042909979820251 216
1679512937401 0.5045207142829895 217
1679512937521 0.5043946504592896 218
1679512937642 0.5044638514518738 219
1679512937762 0.5046207308769226 220
1679512937883 0.504524827003479 221
1679512938000 0.5046353936195374 222
1679512938119 0.5040640830993652 223
1679512938248 0.5044527053833008 224
1679512938368 0.5041847825050354 225
1679512938490 0.5044088959693909 226
1679512938611 0.5043402910232544 227
1679512938732 0.5041592121124268 228
1679512938852 0.5045364499092102 229
1679512938973 0.504375696182251 230
1679512939094 0.5042303204536438 231
1679512939213 0.5043336153030396 232
1679512939335 0.5040997266769409 233
1679512939456 0.5043078064918518 234
1679512939578 0.5045143961906433 235
1679512939699 0.5039367079734802 236
1679512939817 0.5040367245674133 237
1679512939941 0.5042752623558044 238
1679512940063 0.5041171908378601 239
1679512940183 0.5042858719825745 240
1679512940304 0.5040602684020996 241
1679512940423 0.5042435526847839 242
1679512940542 0.5041153430938721 243
1679512940663 0.5040890574455261 244
1679512940783 0.5040509700775146 245
1679512940908 0.503940999507904 246
1679512941030 0.5039640069007874 247
1679512941150 0.5039742588996887 248
1679512941273 0.5040439367294312 249
1679512941394 0.504309356212616 250
1679512941514 0.5038750171661377 251
1679512941642 0.5039528608322144 252
1679512941768 0.5038359761238098 253
1679512941897 0.5039269924163818 254
1679512942024 0.504021406173706 255
1679512942154 0.5038365125656128 256
1679512942284 0.5040233731269836 257
1679512942411 0.5041067004203796 258
1679512942540 0.5036999583244324 259
1679512942671 0.5037447810173035 260
1679512942801 0.5038079023361206 261
1679512942930 0.5041264891624451 262
1679512943053 0.503997802734375 263
1679512943178 0.5040770173072815 264
1679512943297 0.5039436221122742 265
1679512943417 0.5035287141799927 266
1679512943541 0.5039616227149963 267
1679512943669 0.503762423992157 268
1679512943796 0.5036415457725525 269
1679512943957 0.5034824013710022 270
1679512944078 0.50368732213974 271
1679512944199 0.5037816166877747 272
1679512944320 0.5041418671607971 273
1679512944440 0.5036129355430603 274
1679512944561 0.5039295554161072 275
1679512944682 0.5036240816116333 276
1679512944810 0.5037057399749756 277
1679512944934 0.5037470459938049 278
1679512945057 0.5037650465965271 279
1679512945183 0.5034011006355286 280
1679512945340 0.5036800503730774 281
1679512945463 0.5034881234169006 282
1679512945642 0.5037536025047302 283
1679512945766 0.5037479996681213 284
1679512945889 0.5035316944122314 285
1679512946010 0.5036866664886475 286
1679512946133 0.5036280751228333 287
1679512946255 0.5032461285591125 288
1679512946377 0.5036413073539734 289
1679512946495 0.5033755898475647 290
1679512946668 0.5035415887832642 291
1679512946798 0.5037698745727539 292
1679512946965 0.5036622285842896 293
1679512947086 0.5036677718162537 294
1679512947207 0.5033993124961853 295
1679512947327 0.5033884048461914 296
1679512947449 0.5033235549926758 297
1679512947572 0.5035107135772705 298
1679512947691 0.5033356547355652 299
1679512947812 0.5033822655677795 300
1679512947933 0.5033063292503357 301
1679512948053 0.5037898421287537 302
1679512948187 0.5034041404724121 303
1679512948363 0.5033453702926636 304
1679512948487 0.5031269788742065 305
1679512948632 0.5035919547080994 306
1679512948755 0.5033562779426575 307
1679512948881 0.5031815767288208 308
1679512949004 0.5035608410835266 309
1679512949125 0.503067135810852 310
1679512949252 0.503318190574646 311
1679512949379 0.5033765435218811 312
1679512949503 0.5035149455070496 313
1679512949661 0.5032550096511841 314
1679512949784 0.50333571434021 315
1679512949905 0.5033773183822632 316
1679512950028 0.5032619833946228 317
1679512950150 0.5031312108039856 318
1679512950271 0.5031579732894897 319
1679512950394 0.5032718777656555 320
1679512950513 0.5031764507293701 321
1679512950635 0.5032942891120911 322
1679512950758 0.503155529499054 323
1679512950883 0.5031858682632446 324
1679512951009 0.5030478835105896 325
1679512951142 0.5030471682548523 326
1679512951273 0.503123939037323 327
1679512951397 0.5031306147575378 328
1679512951520 0.5031020045280457 329
1679512951642 0.5030251145362854 330
1679512951765 0.5028314590454102 331
1679512951889 0.5030123591423035 332
1679512952016 0.5032132267951965 333
1679512952149 0.5030520558357239 334
1679512952276 0.5028561353683472 335
1679512952400 0.5032020211219788 336
1679512952523 0.5028454065322876 337
1679512952646 0.5028967261314392 338
1679512952769 0.5029735565185547 339
1679512952893 0.5029544830322266 340
1679512953013 0.5030330419540405 341
1679512953138 0.5029534101486206 342
1679512953267 0.5029322504997253 343
1679512953389 0.5028982162475586 344
1679512953511 0.502980649471283 345
1679512953635 0.5030219554901123 346
1679512953757 0.5029463768005371 347
1679512953886 0.5028237104415894 348
1679512954011 0.5028383731842041 349
1679512954133 0.5027801394462585 350
1679512954254 0.502704918384552 351
1679512954377 0.5027094483375549 352
1679512954501 0.502697229385376 353
1679512954624 0.5030056238174438 354
1679512954745 0.5027315616607666 355
1679512954867 0.5029500126838684 356
1679512954987 0.5027328729629517 357
1679512955108 0.502655029296875 358
1679512955230 0.50282222032547 359
1679512955356 0.5027075409889221 360
1679512955479 0.5025424361228943 361
1679512955601 0.5028802156448364 362
1679512955721 0.5029594302177429 363
1679512955842 0.5028650760650635 364
1679512955965 0.5027339458465576 365
1679512956090 0.5026274919509888 366
1679512956214 0.5027627944946289 367
1679512956339 0.5025123953819275 368
1679512956468 0.5025217533111572 369
1679512956600 0.5026581883430481 370
1679512956724 0.502734899520874 371
1679512956847 0.5026764273643494 372
1679512956971 0.5026121735572815 373
1679512957095 0.5024985074996948 374
1679512957218 0.5024863481521606 375
1679512957346 0.5027702450752258 376
1679512957469 0.5026823282241821 377
1679512957592 0.5024794340133667 378
1679512957715 0.5027413964271545 379
1679512957847 0.5026246309280396 380
1679512958004 0.5023637413978577 381
1679512958132 0.5026729702949524 382
1679512958257 0.5024314522743225 383
1679512958403 0.5025051832199097 384
1679512958536 0.5023810863494873 385
1679512958660 0.5025039315223694 386
1679512958781 0.5024281740188599 387
1679512958902 0.5026276111602783 388
1679512959024 0.5023398399353027 389
1679512959147 0.5027976632118225 390
1679512959276 0.5024648904800415 391
1679512959404 0.5024021863937378 392
1679512959526 0.5023556351661682 393
1679512959647 0.502399206161499 394
1679512959770 0.5023378133773804 395
1679512959892 0.502371609210968 396
1679512960015 0.5023438334465027 397
1679512960138 0.5022961497306824 398
1679512960263 0.5022153854370117 399
1679512960386 0.502480149269104 400
1679512960508 0.5024411082267761 401
1679512960634 0.5022556185722351 402
1679512960758 0.5022686719894409 403
1679512960899 0.5023370385169983 404
1679512961019 0.5023133158683777 405
1679512961154 0.5023444890975952 406
1679512961275 0.5027534365653992 407
1679512961404 0.5021151304244995 408
1679512961527 0.5025091767311096 409
1679512961649 0.5020333528518677 410
1679512961771 0.5022174119949341 411
1679512961894 0.5023539662361145 412
1679512962016 0.5021396279335022 413
1679512962136 0.5023128986358643 414
1679512962258 0.5023178458213806 415
1679512962383 0.5024259686470032 416
1679512962506 0.5022022128105164 417
1679512962628 0.5019913911819458 418
1679512962751 0.5021055340766907 419
1679512962872 0.5021111965179443 420
1679512962998 0.5018779635429382 421
1679512963120 0.5023304224014282 422
1679512963242 0.502117395401001 423
1679512963369 0.5023153424263 424
1679512963500 0.5020592212677002 425
1679512963620 0.5019128918647766 426
1679512963740 0.5021054744720459 427
1679512963860 0.5020692944526672 428
1679512963987 0.5020025968551636 429
1679512964111 0.5022322535514832 430
1679512964234 0.5021396279335022 431
1679512964357 0.5020616054534912 432
1679512964477 0.5021107792854309 433
1679512964631 0.5020382404327393 434
1679512964764 0.5021653771400452 435
1679512964890 0.501943051815033 436
1679512965012 0.5022076964378357 437
1679512965135 0.5021592974662781 438
1679512965257 0.5020910501480103 439
1679512965380 0.5018491744995117 440
1679512965504 0.5019893646240234 441
1679512965628 0.5018976330757141 442
1679512965749 0.5018923878669739 443
1679512965878 0.5018323063850403 444
1679512966002 0.5017927885055542 445
1679512966122 0.5018907189369202 446
1679512966244 0.5019941926002502 447
1679512966368 0.5019673705101013 448
1679512966488 0.5018259286880493 449
1679512966609 0.501785933971405 450
1679512966729 0.5019222497940063 451
1679512966852 0.5018400549888611 452
1679512966975 0.501989483833313 453
1679512967097 0.5020056962966919 454
1679512967221 0.5018404722213745 455
1679512967342 0.5017943978309631 456
1679512967464 0.5019481182098389 457
1679512967585 0.5019317865371704 458
1679512967709 0.501873791217804 459
1679512967832 0.5018129944801331 460
1679512967955 0.5018113851547241 461
1679512968077 0.5017106533050537 462
1679512968200 0.5015875101089478 463
1679512968323 0.5017547607421875 464
1679512968447 0.5019434094429016 465
1679512968572 0.5018294453620911 466
1679512968697 0.5017403960227966 467
1679512968818 0.5016445517539978 468
1679512968940 0.5015915632247925 469
1679512969066 0.5017157196998596 470
1679512969187 0.501392126083374 471
1679512969309 0.5019757151603699 472
1679512969434 0.5016405582427979 473
1679512969565 0.5018244385719299 474
1679512969686 0.5016533136367798 475
1679512969807 0.5015308260917664 476
1679512969927 0.5018466711044312 477
1679512970048 0.501762866973877 478
1679512970171 0.5016606450080872 479
1679512970293 0.5016514658927917 480
1679512970415 0.5014750361442566 481
1679512970536 0.5014954209327698 482
1679512970657 0.5016897916793823 483
1679512970778 0.5015895962715149 484
1679512970900 0.5014033913612366 485
1679512971028 0.5014564990997314 486
1679512971152 0.5014297962188721 487
1679512971272 0.5014112591743469 488
1679512971392 0.501322329044342 489
1679512971514 0.5013735294342041 490
1679512971641 0.5014867186546326 491
1679512971763 0.5016331672668457 492
1679512971885 0.5012025833129883 493
1679512972005 0.5016078948974609 494
1679512972127 0.5014727115631104 495
1679512972252 0.5012768507003784 496
1679512972373 0.5014742612838745 497
1679512972508 0.5015604496002197 498
1679512972629 0.501311719417572 499
1679512972796 0.5016297101974487 500
1679512972918 0.5014656782150269 501
1679512973040 0.5011391043663025 502
1679512973162 0.5011193156242371 503
1679512973285 0.5015535354614258 504
1679512973407 0.5014516711235046 505
1679512973528 0.5014065504074097 506
1679512973653 0.5014474391937256 507
1679512973775 0.501384437084198 508
1679512973895 0.501377522945404 509
1679512974034 0.50129634141922 510
1679512974157 0.5011597871780396 511
1679512974283 0.5012713670730591 512
1679512974415 0.5014277696609497 513
1679512974539 0.5012586116790771 514
1679512974666 0.5015209317207336 515
1679512974788 0.5009716749191284 516
1679512974913 0.5011533498764038 517
1679512975032 0.5012522339820862 518
1679512975158 0.5009870529174805 519
1679512975286 0.5012340545654297 520
1679512975412 0.5013490915298462 521
1679512975545 0.5012360215187073 522
1679512975674 0.5009959936141968 523
1679512975798 0.5011081099510193 524
1679512975917 0.5011525750160217 525
1679512976041 0.5012113451957703 526
1679512976165 0.5012319087982178 527
1679512976287 0.5011900067329407 528
1679512976410 0.5009319186210632 529
1679512976533 0.501423180103302 530
1679512976662 0.5011778473854065 531
1679512976786 0.5006997585296631 532
1679512976906 0.5011123418807983 533
1679512977034 0.5008668899536133 534
1679512977156 0.5010337233543396 535
1679512977276 0.5010737776756287 536
1679512977402 0.5011839866638184 537
1679512977524 0.5008835196495056 538
1679512977650 0.500990629196167 539
1679512977804 0.5012680292129517 540
1679512977928 0.5008894205093384 541
1679512978061 0.501356840133667 542
1679512978197 0.5009171366691589 543
1679512978318 0.5009129047393799 544
1679512978443 0.5008297562599182 545
1679512978564 0.5008559823036194 546
1679512978683 0.500909149646759 547
1679512978810 0.5009020566940308 548
1679512978936 0.5010167956352234 549
1679512979061 0.5009400844573975 550
1679512979192 0.5008732080459595 551
1679512979322 0.5010238885879517 552
1679512979453 0.5009585022926331 553
1679512979573 0.5008931756019592 554
1679512979701 0.5008976459503174 555
1679512979827 0.5009731650352478 556
1679512979949 0.5008400678634644 557
1679512980070 0.5008001327514648 558
1679512980193 0.50091153383255 559
1679512980322 0.5007917284965515 560
1679512980454 0.501067578792572 561
1679512980590 0.5009150505065918 562
1679512980716 0.5006977915763855 563
1679512980839 0.5007963180541992 564
1679512980965 0.5009526014328003 565
1679512981093 0.5008785724639893 566
1679512981233 0.5008366107940674 567
1679512981359 0.5007755756378174 568
1679512981483 0.500362753868103 569
1679512981606 0.500877857208252 570
1679512981730 0.5007786750793457 571
1679512981854 0.5006082057952881 572
1679512981978 0.5005647540092468 573
1679512982100 0.5007547736167908 574
1679512982221 0.5006791353225708 575
1679512982350 0.5003811120986938 576
1679512982474 0.5006797313690186 577
1679512982605 0.5007867217063904 578
1679512982728 0.5005737543106079 579
1679512982848 0.5006446838378906 580
1679512982980 0.5005959868431091 581
1679512983111 0.500541090965271 582
1679512983232 0.5006986856460571 583
1679512983355 0.5006142854690552 584
1679512983480 0.5003372430801392 585
1679512983600 0.500469446182251 586
1679512983723 0.500707745552063 587
1679512983853 0.5008354783058167 588
1679512983983 0.5006465911865234 589
1679512984112 0.5005144476890564 590
1679512984235 0.5005103349685669 591
1679512984357 0.5004585385322571 592
1679512984482 0.5005637407302856 593
1679512984607 0.5005369186401367 594
1679512984727 0.5007913112640381 595
1679512984851 0.5004490613937378 596
1679512984977 0.5006109476089478 597
1679512985100 0.5003153085708618 598
1679512985231 0.5005552172660828 599
1679512985353 0.500370979309082 600
1679512985474 0.5006962418556213 601
1679512985598 0.5005018711090088 602
1679512985719 0.5004672408103943 603
1679512985847 0.500370979309082 604
1679512985971 0.5004797577857971 605
1679512986093 0.5001603364944458 606
1679512986220 0.5002804398536682 607
1679512986342 0.5005069375038147 608
1679512986465 0.500181257724762 609
1679512986591 0.5003089904785156 610
1679512986715 0.5004245638847351 611
1679512986839 0.5003832578659058 612
1679512986960 0.5006157755851746 613
1679512987079 0.5001106262207031 614
1679512987200 0.5005024075508118 615
1679512987321 0.5005093216896057 616
1679512987442 0.5002722144126892 617
1679512987563 0.5002325773239136 618
1679512987680 0.5003266930580139 619
1679512987812 0.5002342462539673 620
1679512987935 0.500120222568512 621
1679512988057 0.5002518892288208 622
1679512988187 0.5001567006111145 623
1679512988318 0.5005362033843994 624
1679512988447 0.500045657157898 625
1679512988574 0.5001594424247742 626
1679512988702 0.5001147985458374 627
1679512988825 0.5002206563949585 628
1679512988954 0.5002531409263611 629
1679512989085 0.5002182126045227 630
1679512989206 0.500156581401825 631
1679512989388 0.5001388192176819 632
1679512989517 0.5003144145011902 633
1679512989688 0.4999988377094269 634
1679512989818 0.4999503493309021 635
1679512989944 0.5002254843711853 636
1679512990064 0.49982357025146484 637
1679512990187 0.5001710057258606 638
1679512990309 0.5001186728477478 639
1679512990470 0.49991244077682495 640
1679512990595 0.5000790953636169 641
1679512990758 0.5000666379928589 642
1679512990878 0.4999960958957672 643
1679512991002 0.5002865195274353 644
1679512991125 0.49992865324020386 645
1679512991261 0.4997687339782715 646
1679512991386 0.4999919831752777 647
1679512991506 0.4999120831489563 648
1679512991629 0.5000045299530029 649
1679512991751 0.500126838684082 650
1679512991885 0.5000417232513428 651
1679512992018 0.4998859465122223 652
1679512992146 0.4997137188911438 653
1679512992283 0.4999793469905853 654
1679512992406 0.4997060000896454 655
1679512992531 0.49994176626205444 656
1679512992653 0.49990376830101013 657
1679512992773 0.500005304813385 658
1679512992898 0.4998590052127838 659
1679512993020 0.5000224709510803 660
1679512993157 0.49979668855667114 661
1679512993281 0.4996328055858612 662
1679512993404 0.5000458359718323 663
1679512993532 0.499868780374527 664
1679512993658 0.49977144598960876 665
1679512993785 0.49998342990875244 666
1679512993912 0.4998324513435364 667
1679512994046 0.4998370110988617 668
1679512994170 0.4999391734600067 669
1679512994297 0.499705046415329 670
1679512994422 0.49978506565093994 671
1679512994547 0.49984627962112427 672
1679512994674 0.49975985288619995 673
1679512994797 0.4998239278793335 674
1679512994921 0.4995908737182617 675
1679512995045 0.4997538626194 676
1679512995170 0.4997073709964752 677
1679512995299 0.4997538626194 678
1679512995423 0.49950459599494934 679
1679512995546 0.49959155917167664 680
1679512995677 0.4998107850551605 681
1679512995803 0.4996894598007202 682
1679512995940 0.4998166859149933 683
1679512996070 0.49971717596054077 684
1679512996194 0.49966391921043396 685
1679512996318 0.49965062737464905 686
1679512996444 0.4996582865715027 687
1679512996570 0.49975061416625977 688
1679512996695 0.4998568892478943 689
1679512996820 0.4996080696582794 690
1679512996948 0.4994778037071228 691
1679512997071 0.4995412528514862 692
1679512997199 0.49975675344467163 693
1679512997322 0.4997274875640869 694
1679512997444 0.49939748644828796 695
1679512997564 0.49949026107788086 696
1679512997687 0.49936795234680176 697
1679512997810 0.4997701644897461 698
1679512997934 0.499481737613678 699
1679512998068 0.4995467960834503 700
1679512998189 0.49940603971481323 701
1679512998311 0.4995635151863098 702
1679512998433 0.4996242821216583 703
1679512998560 0.4993478059768677 704
1679512998682 0.4993669092655182 705
1679512998804 0.49946269392967224 706
1679512998927 0.4993276298046112 707
1679512999047 0.49929773807525635 708
1679512999195 0.49948060512542725 709
1679512999317 0.4995024800300598 710
1679512999441 0.49926263093948364 711
1679512999569 0.4995262324810028 712
1679512999695 0.4993273615837097 713
1679512999817 0.49928584694862366 714
1679512999938 0.49929025769233704 715
1679513000063 0.49932044744491577 716
1679513000184 0.49942609667778015 717
1679513000313 0.4994969367980957 718
1679513000438 0.4993738830089569 719
1679513000563 0.4992939233779907 720
1679513000687 0.49935615062713623 721
1679513000812 0.49912625551223755 722
1679513000934 0.49924206733703613 723
1679513001064 0.49956923723220825 724
1679513001191 0.49931010603904724 725
1679513001315 0.49919575452804565 726
1679513001439 0.49909159541130066 727
1679513001569 0.4992625415325165 728
1679513001694 0.4996676445007324 729
1679513001821 0.49917346239089966 730
1679513001947 0.4993627667427063 731
1679513002079 0.4991743266582489 732
1679513002202 0.49924930930137634 733
1679513002324 0.49935102462768555 734
1679513002447 0.49918675422668457 735
1679513002574 0.49906009435653687 736
1679513002703 0.49912118911743164 737
1679513002828 0.4992269277572632 738
1679513002952 0.4993431270122528 739
1679513003080 0.4990798830986023 740
1679513003204 0.4991118907928467 741
1679513003324 0.49926573038101196 742
1679513003445 0.4991436302661896 743
1679513003568 0.4989050328731537 744
1679513003698 0.49906671047210693 745
1679513003820 0.4991719722747803 746
1679513003940 0.4991459548473358 747
1679513004058 0.4989875555038452 748
1679513004185 0.49899131059646606 749
1679513004310 0.49903279542922974 750
1679513004436 0.49898743629455566 751
1679513004560 0.498942106962204 752
1679513004684 0.4991362690925598 753
1679513004815 0.4988294541835785 754
1679513004938 0.49905458092689514 755
1679513005064 0.498922735452652 756
1679513005185 0.4990392029285431 757
1679513005307 0.49858537316322327 758
1679513005430 0.49911466240882874 759
1679513005553 0.4988968074321747 760
1679513005678 0.4990096390247345 761
1679513005800 0.4986823797225952 762
1679513005935 0.49892330169677734 763
1679513006059 0.4988037645816803 764
1679513006185 0.49852633476257324 765
1679513006310 0.49897822737693787 766
1679513006434 0.49879685044288635 767
1679513006556 0.4985484778881073 768
1679513006677 0.49875426292419434 769
1679513006801 0.4989871680736542 770
1679513006925 0.4986509382724762 771
1679513007054 0.4989519715309143 772
1679513007177 0.4986242651939392 773
1679513007303 0.49899378418922424 774
1679513007428 0.4987407922744751 775
1679513007552 0.4983327090740204 776
1679513007674 0.4988444745540619 777
1679513007799 0.49873846769332886 778
1679513007928 0.49877870082855225 779
1679513008077 0.49847525358200073 780
1679513008212 0.4985141158103943 781
1679513008346 0.4987081289291382 782
1679513008474 0.49862244725227356 783
1679513008608 0.4987606406211853 784
1679513008729 0.49854588508605957 785
1679513008853 0.4988117218017578 786
1679513008976 0.49861863255500793 787
1679513009098 0.4986346662044525 788
1679513009221 0.4983955919742584 789
1679513009344 0.4986507296562195 790
1679513009471 0.4985431432723999 791
1679513009599 0.4984584152698517 792
1679513009722 0.49878713488578796 793
1679513009850 0.4984772801399231 794
1679513009975 0.49846577644348145 795
1679513010098 0.49842575192451477 796
1679513010232 0.49855944514274597 797
1679513010358 0.4985218346118927 798
1679513010479 0.4985649287700653 799
1679513010608 0.49848949909210205 800
1679513010738 0.49849677085876465 801
1679513010859 0.4982176721096039 802
1679513010983 0.49833908677101135 803
1679513011115 0.49845588207244873 804
1679513011235 0.49840664863586426 805
1679513011356 0.4985634982585907 806
1679513011474 0.49839410185813904 807
1679513011600 0.4985121488571167 808
1679513011729 0.4982202649116516 809
1679513011857 0.4981687366962433 810
1679513011995 0.4984752833843231 811
1679513012120 0.4983592927455902 812
1679513012245 0.49845385551452637 813
1679513012369 0.498210608959198 814
1679513012491 0.49848780035972595 815
1679513012614 0.4983341693878174 816
1679513012735 0.4984430968761444 817
1679513012867 0.4983161389827728 818
1679513012993 0.4982086718082428 819
1679513013114 0.4982820153236389 820
1679513013240 0.49801790714263916 821
1679513013363 0.4984133243560791 822
1679513013485 0.49856147170066833 823
1679513013606 0.4981156289577484 824
1679513013725 0.49838894605636597 825
1679513013848 0.4981456995010376 826
1679513013969 0.4982948303222656 827
1679513014090 0.49815475940704346 828
1679513014215 0.4983297884464264 829
1679513014342 0.4984619617462158 830
1679513014466 0.49809154868125916 831
1679513014589 0.49825891852378845 832
1679513014715 0.49821779131889343 833
1679513014837 0.49817174673080444 834
1679513014956 0.4984048902988434 835
1679513015087 0.49810510873794556 836
1679513015208 0.49803322553634644 837
1679513015330 0.49795931577682495 838
1679513015460 0.49803444743156433 839
1679513015584 0.4983946681022644 840
1679513015706 0.4981764853000641 841
1679513015834 0.4979825019836426 842
1679513015960 0.49806004762649536 843
1679513016090 0.4978688061237335 844
1679513016218 0.49816155433654785 845
1679513016357 0.49803638458251953 846
1679513016481 0.4981502890586853 847
1679513016608 0.4979471266269684 848
1679513016731 0.49795785546302795 849
1679513016860 0.49796733260154724 850
1679513016985 0.49791067838668823 851
1679513017111 0.49788591265678406 852
1679513017240 0.4978886842727661 853
1679513017365 0.4979005455970764 854
1679513017487 0.4977766275405884 855
1679513017610 0.49776989221572876 856
1679513017748 0.497719943523407 857
1679513017873 0.49812015891075134 858
1679513018000 0.4982137680053711 859
1679513018122 0.497842401266098 860
1679513018247 0.4979456961154938 861
1679513018370 0.4980996549129486 862
1679513018490 0.4976904094219208 863
1679513018614 0.4978080987930298 864
1679513018739 0.497952938079834 865
1679513018864 0.49770528078079224 866
1679513018988 0.49784788489341736 867
1679513019114 0.49765780568122864 868
1679513019238 0.4974270164966583 869
1679513019367 0.49778199195861816 870
1679513019495 0.4978237748146057 871
1679513019621 0.4979195296764374 872
1679513019740 0.49775075912475586 873
1679513019865 0.49759024381637573 874
1679513019988 0.49782657623291016 875
1679513020113 0.4978950619697571 876
1679513020241 0.4977100193500519 877
1679513020370 0.4976266920566559 878
1679513020493 0.497842013835907 879
1679513020625 0.4978228211402893 880
1679513020750 0.49757614731788635 881
1679513020875 0.4978654384613037 882
1679513021008 0.49753516912460327 883
1679513021131 0.4977412521839142 884
1679513021258 0.49760743975639343 885
1679513021385 0.49770161509513855 886
1679513021509 0.4973582923412323 887
1679513021633 0.49765267968177795 888
1679513021757 0.4976266324520111 889
1679513021878 0.49747440218925476 890
1679513022017 0.49769046902656555 891
1679513022138 0.497484415769577 892
1679513022261 0.4975385367870331 893
1679513022386 0.4975586533546448 894
1679513022518 0.49785542488098145 895
1679513022642 0.4974222183227539 896
1679513022763 0.4974687695503235 897
1679513022885 0.4976554214954376 898
1679513023009 0.4974215030670166 899
1679513023133 0.4973123073577881 900
1679513023256 0.4975418150424957 901
1679513023376 0.4974929392337799 902
1679513023497 0.4972955584526062 903
1679513023615 0.4973732531070709 904
1679513023733 0.4974871575832367 905
1679513023855 0.4975128769874573 906
1679513023993 0.49730509519577026 907
1679513024119 0.4972781538963318 908
1679513024242 0.4974640905857086 909
1679513024369 0.49756118655204773 910
1679513024501 0.4973905384540558 911
1679513024624 0.4972844421863556 912
1679513024747 0.4975801110267639 913
1679513024869 0.4974263310432434 914
1679513024992 0.49756988883018494 915
1679513025130 0.4973108172416687 916
1679513025271 0.4973381459712982 917
1679513025390 0.49736350774765015 918
1679513025517 0.4974674582481384 919
1679513025642 0.49721580743789673 920
1679513025768 0.49738776683807373 921
1679513025892 0.49723437428474426 922
1679513026024 0.4971744120121002 923
1679513026149 0.4974403977394104 924
1679513026274 0.4972056746482849 925
1679513026398 0.4972465932369232 926
1679513026530 0.49715590476989746 927
1679513026656 0.4969729483127594 928
1679513026779 0.49726393818855286 929
1679513026902 0.4971739649772644 930
1679513027031 0.4971446096897125 931
1679513027155 0.49695637822151184 932
1679513027277 0.4971947968006134 933
1679513027406 0.49706733226776123 934
1679513027531 0.49718689918518066 935
1679513027650 0.4973018169403076 936
1679513027771 0.49695271253585815 937
1679513027893 0.497114360332489 938
1679513028026 0.4968186020851135 939
1679513028145 0.4970664083957672 940
1679513028267 0.496894896030426 941
1679513028387 0.496808260679245 942
1679513028513 0.4969760477542877 943
1679513028638 0.4970327317714691 944
1679513028762 0.496972918510437 945
1679513028886 0.4971829652786255 946
1679513029009 0.4969891309738159 947
1679513029130 0.497173547744751 948
1679513029250 0.49678847193717957 949
1679513029373 0.49704235792160034 950
1679513029502 0.49683886766433716 951
1679513029627 0.49682191014289856 952
1679513029755 0.4969247281551361 953
1679513029885 0.49693745374679565 954
1679513030014 0.49687156081199646 955
1679513030144 0.4967610538005829 956
1679513030269 0.49712851643562317 957
1679513030394 0.49699458479881287 958
1679513030520 0.4966835081577301 959
1679513030645 0.49681323766708374 960
1679513030771 0.4969668984413147 961
1679513030892 0.49685749411582947 962
1679513031023 0.4967195689678192 963
1679513031145 0.4964815080165863 964
1679513031269 0.4969835579395294 965
1679513031391 0.49704089760780334 966
1679513031514 0.49663105607032776 967
1679513031643 0.49678754806518555 968
1679513031765 0.49659982323646545 969
1679513031887 0.4969262182712555 970
1679513032011 0.4968733787536621 971
1679513032140 0.49686041474342346 972
1679513032261 0.4968048334121704 973
1679513032384 0.4966792166233063 974
1679513032506 0.4966875910758972 975
1679513032634 0.4966318905353546 976
1679513032798 0.4966743290424347 977
1679513032922 0.49660640954971313 978
1679513033043 0.49663740396499634 979
1679513033166 0.496345579624176 980
1679513033287 0.4965302348136902 981
1679513033407 0.49666541814804077 982
1679513033537 0.49652260541915894 983
1679513033661 0.4967093765735626 984
1679513033782 0.49647432565689087 985
1679513033911 0.49653300642967224 986
1679513034039 0.4967266321182251 987
1679513034160 0.4967164993286133 988
1679513034286 0.4963274598121643 989
1679513034415 0.49655675888061523 990
1679513034543 0.4962887763977051 991
1679513034667 0.4966164529323578 992
1679513034787 0.4964645802974701 993
1679513034910 0.4965548515319824 994
1679513035033 0.4963081181049347 995
1679513035154 0.49657437205314636 996
1679513035275 0.4964463710784912 997
1679513035401 0.49622422456741333 998
1679513035524 0.4964140057563782 999
