1679512773388 0.7168335914611816 0
1679512773520 0.7370370626449585 1
1679512773652 0.7384835481643677 2
1679512773796 0.7388014793395996 3
1679512773927 0.7391034960746765 4
1679512774058 0.7401049137115479 5
1679512774191 0.739643931388855 6
1679512774316 0.7402956485748291 7
1679512774438 0.7407884001731873 8
1679512774565 0.740597665309906 9
1679512774691 0.7409473657608032 10
1679512774817 0.7419170141220093 11
1679512774940 0.741885244846344 12
1679512775063 0.741869330406189 13
1679512775186 0.7423779964447021 14
1679512775309 0.74204421043396 15
1679512775430 0.74285489320755 16
1679512775550 0.74285489320755 17
1679512775674 0.7429343461990356 18
1679512775797 0.7423462271690369 19
1679512775933 0.7435542941093445 20
1679512776057 0.7429025769233704 21
1679512776180 0.7443490624427795 22
1679512776302 0.7440788149833679 23
1679512776428 0.744126558303833 24
1679512776551 0.7438722252845764 25
1679512776673 0.7448259592056274 26
1679512776809 0.7447623610496521 27
1679512776934 0.744094729423523 28
1679512777060 0.7445874810218811 29
1679512777186 0.7452710270881653 30
1679512777310 0.745064377784729 31
1679512777433 0.7447782754898071 32
1679512777556 0.7460817098617554 33
1679512777708 0.7456684112548828 34
1679512777833 0.7466380596160889 35
1679512777957 0.7459386587142944 36
1679512778080 0.7451915144920349 37
1679512778204 0.7461134791374207 38
1679512778332 0.7470036745071411 39
1679512778459 0.7467493414878845 40
1679512778581 0.7466539740562439 41
1679512778701 0.7468923926353455 42
1679512778825 0.7467970252037048 43
1679512778947 0.7465903759002686 44
1679512779071 0.7474169731140137 45
1679512779193 0.7470354437828064 46
1679512779316 0.7475600242614746 47
1679512779443 0.7472580075263977 48
1679512779569 0.7479733228683472 49
1679512779694 0.7478302121162415 50
1679512779818 0.7468447089195251 51
1679512779951 0.7478302121162415 52
1679512780074 0.7480210065841675 53
1679512780195 0.7483547925949097 54
1679512780317 0.7487998604774475 55
1679512780439 0.7488475441932678 56
1679512780560 0.7482753396034241 57
1679512780681 0.7481958270072937 58
1679512780801 0.7481163740158081 59
1679512780922 0.7475441098213196 60
1679512781047 0.7481004595756531 61
1679512781167 0.7483230233192444 62
1679512781288 0.748418390750885 63
1679512781408 0.7490065097808838 64
1679512781528 0.748243510723114 65
1679512781647 0.7484978437423706 66
1679512781765 0.7489270567893982 67
1679512781886 0.7484819293022156 68
1679512782006 0.7487840056419373 69
1679512782127 0.7497218251228333 70
1679512782247 0.7485932111740112 71
1679512782371 0.7487204074859619 72
1679512782491 0.7489111423492432 73
1679512782612 0.7491495609283447 74
1679512782733 0.7490541934967041 75
1679512782854 0.7489905953407288 76
1679512782974 0.7492608428001404 77
1679512783094 0.7491813898086548 78
1679512783215 0.7497854232788086 79
1679512783336 0.7501032948493958 80
1679512783458 0.7494992613792419 81
1679512783579 0.7497535943984985 82
1679512783702 0.7499284744262695 83
1679512783826 0.7492608428001404 84
1679512783949 0.7488634586334229 85
1679512784072 0.7490382790565491 86
1679512784194 0.7492926120758057 87
1679512784317 0.7501192092895508 88
1679512784442 0.7494515776634216 89
1679512784562 0.7493244409561157 90
1679512784687 0.7496264576911926 91
1679512784808 0.7492449283599854 92
1679512784939 0.7502940893173218 93
1679512785065 0.7496741414070129 94
1679512785190 0.7499761581420898 95
1679512785311 0.7497218251228333 96
1679512785431 0.7495946884155273 97
1679512785555 0.7500238418579102 98
1679512785680 0.7496423721313477 99
