1679512773388 0.5712413787841797 0
1679512773520 0.526932418346405 1
1679512773652 0.523998498916626 2
1679512773796 0.5230021476745605 3
1679512773927 0.5223268270492554 4
1679512774058 0.5217546224594116 5
1679512774191 0.5212191343307495 6
1679512774316 0.5207741856575012 7
1679512774438 0.5203279852867126 8
1679512774565 0.5198796987533569 9
1679512774691 0.519660234451294 10
1679512774817 0.5193628668785095 11
1679512774940 0.5188344120979309 12
1679512775063 0.518576979637146 13
1679512775186 0.5185853838920593 14
1679512775309 0.5181049704551697 15
1679512775430 0.5178902745246887 16
1679512775550 0.5176336169242859 17
1679512775674 0.5172151327133179 18
1679512775797 0.5171947479248047 19
1679512775933 0.5168849229812622 20
1679512776057 0.5167475342750549 21
1679512776180 0.51633220911026 22
1679512776302 0.5161351561546326 23
1679512776428 0.5160641670227051 24
1679512776551 0.5160109400749207 25
1679512776673 0.5156570076942444 26
1679512776809 0.5155943632125854 27
1679512776934 0.5152435898780823 28
1679512777060 0.515153706073761 29
1679512777186 0.5148257613182068 30
1679512777310 0.5147597193717957 31
1679512777433 0.5147054195404053 32
1679512777556 0.514108419418335 33
1679512777708 0.5140911340713501 34
1679512777833 0.5141729116439819 35
1679512777957 0.5137033462524414 36
1679512778080 0.5137267708778381 37
1679512778204 0.5136138200759888 38
1679512778332 0.5130413770675659 39
1679512778459 0.5131030082702637 40
1679512778581 0.513006329536438 41
1679512778701 0.512521505355835 42
1679512778825 0.5125595927238464 43
1679512778947 0.5123727321624756 44
1679512779071 0.5122249126434326 45
1679512779193 0.5120817422866821 46
1679512779316 0.5116217732429504 47
1679512779443 0.5117526054382324 48
1679512779569 0.5114167332649231 49
1679512779694 0.5114010572433472 50
1679512779818 0.511505126953125 51
1679512779951 0.5110123753547668 52
1679512780074 0.5109545588493347 53
1679512780195 0.5105404257774353 54
1679512780317 0.5105345249176025 55
1679512780439 0.5108176469802856 56
1679512780560 0.5103800296783447 57
1679512780681 0.510459303855896 58
1679512780801 0.5102364420890808 59
1679512780922 0.5102701783180237 60
1679512781047 0.510082483291626 61
1679512781167 0.5097106695175171 62
1679512781288 0.5100664496421814 63
1679512781408 0.5097213387489319 64
1679512781528 0.5095940232276917 65
1679512781647 0.5095195770263672 66
1679512781765 0.5094802379608154 67
1679512781886 0.5094842314720154 68
1679512782006 0.5092928409576416 69
1679512782127 0.5090644955635071 70
1679512782247 0.5091664791107178 71
1679512782371 0.5089586973190308 72
1679512782491 0.5086901783943176 73
1679512782612 0.5089820027351379 74
1679512782733 0.5090000033378601 75
1679512782854 0.5085834860801697 76
1679512782974 0.5087333917617798 77
1679512783094 0.508721113204956 78
1679512783215 0.5086196064949036 79
1679512783336 0.5084252953529358 80
1679512783458 0.5081371665000916 81
1679512783579 0.5082484483718872 82
1679512783702 0.5083522796630859 83
1679512783826 0.5079691410064697 84
1679512783949 0.5080891847610474 85
1679512784072 0.50803142786026 86
1679512784194 0.507887065410614 87
1679512784317 0.507588803768158 88
1679512784442 0.5080659985542297 89
1679512784562 0.5077900290489197 90
1679512784687 0.5076789259910583 91
1679512784808 0.5075893998146057 92
1679512784939 0.5077027082443237 93
1679512785065 0.507699728012085 94
1679512785190 0.507728099822998 95
1679512785311 0.5074266791343689 96
1679512785431 0.5072675943374634 97
1679512785555 0.5075275897979736 98
1679512785680 0.5073875784873962 99
