1679513412346 0.7251947522163391 0
1679513412484 0.738706111907959 1
1679513412615 0.7402002811431885 2
1679513412736 0.7402002811431885 3
1679513412860 0.7412335276603699 4
1679513412988 0.7424892783164978 5
1679513413118 0.7421077489852905 6
1679513413241 0.7429184317588806 7
1679513413369 0.7432840466499329 8
1679513413491 0.7430773973464966 9
1679513413611 0.7441900968551636 10
1679513413732 0.7441583275794983 11
1679513413854 0.7432840466499329 12
1679513413978 0.7454776763916016 13
1679513414104 0.7451438307762146 14
1679513414226 0.7463837265968323 15
1679513414347 0.746336042881012 16
1679513414468 0.7465267777442932 17
1679513414589 0.7460499405860901 18
1679513414710 0.7460499405860901 19
1679513414837 0.7460340261459351 20
1679513414957 0.7463201284408569 21
1679513415078 0.7469559907913208 22
1679513415201 0.7462883591651917 23
1679513415321 0.7470831274986267 24
1679513415451 0.7477030754089355 25
1679513415569 0.7476713061332703 26
1679513415688 0.7477189898490906 27
1679513415808 0.7480210065841675 28
1679513415930 0.7484978437423706 29
1679513416057 0.7489111423492432 30
1679513416181 0.7476235628128052 31
1679513416301 0.7481481432914734 32
1679513416419 0.7480210065841675 33
1679513416542 0.7478302121162415 34
1679513416673 0.7481481432914734 35
1679513416800 0.7473374605178833 36
1679513416922 0.7486568093299866 37
1679513417096 0.7486885786056519 38
1679513417225 0.748243510723114 39
1679513417347 0.7490860223770142 40
1679513417488 0.7495469450950623 41
1679513417647 0.7490065097808838 42
1679513417772 0.7488475441932678 43
1679513417906 0.7487998604774475 44
1679513418072 0.7486568093299866 45
1679513418244 0.7486568093299866 46
1679513418385 0.7481799125671387 47
1679513418519 0.7496582269668579 48
1679513418688 0.7490701079368591 49
1679513418822 0.7494834065437317 50
1679513418946 0.7492608428001404 51
1679513419066 0.7488316893577576 52
1679513419182 0.7490382790565491 53
1679513419299 0.7498012781143188 54
1679513419420 0.7490065097808838 55
1679513419540 0.7488634586334229 56
1679513419657 0.7494515776634216 57
1679513419776 0.7495628595352173 58
1679513419898 0.7499602437019348 59
1679513420021 0.7494992613792419 60
1679513420144 0.7502781748771667 61
1679513420264 0.7493085265159607 62
1679513420389 0.7496105432510376 63
1679513420507 0.7497695088386536 64
1679513420642 0.7497535943984985 65
1679513420761 0.7495469450950623 66
1679513420884 0.7499443888664246 67
1679513421008 0.750627875328064 68
1679513421128 0.7495787739753723 69
1679513421248 0.7500556111335754 70
1679513421367 0.7505961060523987 71
1679513421486 0.7497059106826782 72
1679513421610 0.7491337060928345 73
1679513421731 0.7500556111335754 74
1679513421851 0.7491495609283447 75
1679513421968 0.749690055847168 76
1679513422092 0.7504530549049377 77
1679513422212 0.7487680912017822 78
1679513422332 0.7492131590843201 79
1679513422451 0.750627875328064 80
1679513422571 0.7501192092895508 81
1679513422695 0.7495946884155273 82
1679513422815 0.7501668930053711 83
1679513422936 0.7507232427597046 84
1679513423056 0.7498807907104492 85
1679513423175 0.7498489618301392 86
1679513423294 0.7501351237297058 87
1679513423417 0.7504212260246277 88
1679513423538 0.7507709264755249 89
1679513423661 0.7502940893173218 90
1679513423785 0.750643789768219 91
1679513423903 0.7498807907104492 92
1679513424025 0.7498807907104492 93
1679513424147 0.7500874400138855 94
1679513424268 0.7498331069946289 95
1679513424392 0.7506596446037292 96
1679513424514 0.7504053115844727 97
1679513424646 0.750643789768219 98
1679513424768 0.7507868409156799 99
1679513424888 0.7507550716400146 100
1679513425010 0.7502622604370117 101
1679513425132 0.7502781748771667 102
1679513425252 0.7505642771720886 103
1679513425374 0.7507073879241943 104
1679513425496 0.7501668930053711 105
1679513425626 0.7512637376785278 106
1679513425762 0.7509139776229858 107
1679513425923 0.7504371404647827 108
1679513426081 0.7505642771720886 109
1679513426235 0.7508662939071655 110
1679513426382 0.7512478232383728 111
1679513426518 0.7513114213943481 112
1679513426684 0.750643789768219 113
1679513426805 0.7511524558067322 114
1679513426927 0.7500397562980652 115
1679513427046 0.7510094046592712 116
1679513427170 0.7505642771720886 117
1679513427290 0.7508186101913452 118
1679513427411 0.750802755355835 119
1679513427535 0.7506755590438843 120
1679513427663 0.751422643661499 121
1679513427783 0.7501668930053711 122
1679513427907 0.7502145767211914 123
1679513428072 0.7511683106422424 124
1679513428199 0.7510888576507568 125
1679513428326 0.7507709264755249 126
1679513428457 0.7504212260246277 127
1679513428577 0.7508822083473206 128
1679513428696 0.7497377395629883 129
1679513428813 0.7509458065032959 130
1679513428933 0.7509458065032959 131
1679513429051 0.7510888576507568 132
1679513429168 0.7506914734840393 133
1679513429285 0.7508662939071655 134
1679513429405 0.7509934902191162 135
1679513429524 0.7503576278686523 136
1679513429641 0.7502464056015015 137
1679513429764 0.7511365413665771 138
1679513429892 0.750802755355835 139
1679513430015 0.7513591051101685 140
1679513430138 0.7513114213943481 141
1679513430260 0.7513908743858337 142
1679513430378 0.7498648762702942 143
1679513430496 0.7508504390716553 144
1679513430621 0.7505325078964233 145
1679513430742 0.7510094046592712 146
1679513430860 0.7509139776229858 147
1679513430984 0.7510252594947815 148
1679513431103 0.7518995404243469 149
1679513431223 0.7509934902191162 150
1679513431341 0.7507232427597046 151
1679513431460 0.7518359422683716 152
1679513431588 0.7511206269264221 153
1679513431716 0.7508981227874756 154
1679513431840 0.7507709264755249 155
1679513431958 0.7508822083473206 156
1679513432077 0.7513431906700134 157
1679513432199 0.7508186101913452 158
1679513432320 0.7513908743858337 159
1679513432436 0.7512319087982178 160
1679513432553 0.7517246603965759 161
1679513432670 0.7511365413665771 162
1679513432788 0.7506914734840393 163
1679513432908 0.7512795925140381 164
1679513433032 0.7514067888259888 165
1679513433158 0.7508822083473206 166
1679513433276 0.7513749599456787 167
1679513433395 0.7509934902191162 168
1679513433520 0.751422643661499 169
1679513433646 0.7515657544136047 170
1679513433769 0.7518836259841919 171
1679513433887 0.7514703273773193 172
1679513434005 0.7509458065032959 173
1679513434129 0.7514703273773193 174
1679513434245 0.751740574836731 175
1679513434366 0.7513431906700134 176
1679513434488 0.7511683106422424 177
1679513434609 0.75159752368927 178
1679513434727 0.7506119608879089 179
1679513434848 0.7520902752876282 180
1679513434968 0.7513908743858337 181
1679513435085 0.7512955069541931 182
1679513435207 0.7508345246315002 183
1679513435326 0.7509934902191162 184
1679513435447 0.7513272762298584 185
1679513435568 0.7515339255332947 186
1679513435685 0.7512637376785278 187
1679513435806 0.7514544725418091 188
1679513435924 0.7518200874328613 189
1679513436049 0.7512955069541931 190
1679513436171 0.7520425915718079 191
1679513436293 0.7512159943580627 192
1679513436416 0.7519472241401672 193
1679513436539 0.7517246603965759 194
1679513436662 0.751740574836731 195
1679513436781 0.7511524558067322 196
1679513436902 0.7517882585525513 197
1679513437024 0.7513431906700134 198
1679513437144 0.7510888576507568 199
1679513437279 0.7510888576507568 200
1679513437395 0.7512159943580627 201
1679513437515 0.7510729432106018 202
1679513437636 0.7515657544136047 203
1679513437755 0.7513908743858337 204
1679513437876 0.7515180706977844 205
1679513437995 0.7508822083473206 206
1679513438113 0.7515339255332947 207
1679513438234 0.7508822083473206 208
1679513438356 0.7522333264350891 209
1679513438475 0.7520585060119629 210
1679513438600 0.7518518567085266 211
1679513438721 0.751422643661499 212
1679513438843 0.7513749599456787 213
1679513438964 0.7518836259841919 214
1679513439081 0.7514067888259888 215
1679513439204 0.7516611218452454 216
1679513439327 0.7514703273773193 217
1679513439447 0.7515021562576294 218
1679513439563 0.7521379590034485 219
1679513439682 0.7511683106422424 220
1679513439807 0.7510729432106018 221
1679513439935 0.7519313097000122 222
1679513440053 0.7519472241401672 223
1679513440171 0.751740574836731 224
1679513440289 0.75159752368927 225
1679513440406 0.7518200874328613 226
1679513440524 0.751613438129425 227
1679513440644 0.7520744204521179 228
1679513440761 0.7519631385803223 229
1679513440889 0.7513114213943481 230
1679513441014 0.7511047720909119 231
1679513441134 0.751581609249115 232
1679513441258 0.7518518567085266 233
1679513441377 0.751740574836731 234
1679513441495 0.7518836259841919 235
1679513441620 0.7513431906700134 236
1679513441742 0.7523446083068848 237
1679513441862 0.7520425915718079 238
1679513441984 0.7518518567085266 239
1679513442108 0.7520425915718079 240
1679513442231 0.751740574836731 241
1679513442353 0.7520108222961426 242
1679513442479 0.7519631385803223 243
1679513442607 0.7516452074050903 244
1679513442728 0.7510411739349365 245
1679513442850 0.7514544725418091 246
1679513442969 0.7520425915718079 247
1679513443088 0.751740574836731 248
1679513443207 0.7522651553153992 249
1679513443324 0.7520425915718079 250
1679513443447 0.7508345246315002 251
1679513443569 0.7515339255332947 252
1679513443688 0.751581609249115 253
1679513443814 0.7518200874328613 254
1679513443943 0.7520585060119629 255
1679513444060 0.7519472241401672 256
1679513444179 0.7522492408752441 257
1679513444300 0.7514067888259888 258
1679513444420 0.7521538734436035 259
1679513444537 0.7521221041679382 260
1679513444657 0.7518836259841919 261
1679513444785 0.7517882585525513 262
1679513444905 0.7513908743858337 263
1679513445023 0.7516928911209106 264
1679513445140 0.7518995404243469 265
1679513445259 0.7520744204521179 266
1679513445378 0.7525671720504761 267
1679513445503 0.7516611218452454 268
1679513445622 0.7522333264350891 269
1679513445740 0.7524241209030151 270
1679513445860 0.752551257610321 271
1679513445986 0.7524558901786804 272
1679513446109 0.7518200874328613 273
1679513446231 0.7522174715995789 274
1679513446353 0.7521538734436035 275
1679513446470 0.7518995404243469 276
1679513446588 0.7523286938667297 277
1679513446707 0.7518677711486816 278
1679513446825 0.7518200874328613 279
1679513446949 0.7532188892364502 280
1679513447072 0.7519472241401672 281
1679513447193 0.752551257610321 282
1679513447315 0.7522333264350891 283
1679513447438 0.751756489276886 284
1679513447556 0.7512637376785278 285
1679513447677 0.7522174715995789 286
1679513447799 0.7522333264350891 287
1679513447923 0.7524876594543457 288
1679513448045 0.7521697878837585 289
1679513448164 0.7525194883346558 290
1679513448281 0.7518518567085266 291
1679513448398 0.7529486417770386 292
1679513448521 0.7521221041679382 293
1679513448644 0.7523128390312195 294
1679513448764 0.7522015571594238 295
1679513448888 0.7522651553153992 296
1679513449008 0.751756489276886 297
1679513449135 0.7522492408752441 298
1679513449252 0.7522333264350891 299
1679513449373 0.7519631385803223 300
1679513449495 0.7520266771316528 301
1679513449618 0.7524558901786804 302
1679513449740 0.7527738213539124 303
1679513449862 0.7524399757385254 304
1679513449980 0.7524718046188354 305
1679513450100 0.7521221041679382 306
1679513450220 0.7518200874328613 307
1679513450339 0.7524399757385254 308
1679513450460 0.7522810101509094 309
1679513450580 0.7528215050697327 310
1679513450697 0.7524241209030151 311
1679513450814 0.7524399757385254 312
1679513450933 0.7520425915718079 313
1679513451053 0.7510411739349365 314
1679513451180 0.7523764371871948 315
1679513451299 0.7520585060119629 316
1679513451423 0.7517882585525513 317
1679513451548 0.7521061897277832 318
1679513451668 0.7517723441123962 319
1679513451789 0.7521061897277832 320
1679513451909 0.7521538734436035 321
1679513452029 0.751915454864502 322
1679513452150 0.7522015571594238 323
1679513452270 0.7518200874328613 324
1679513452388 0.7530440092086792 325
1679513452505 0.7525194883346558 326
1679513452630 0.7518836259841919 327
1679513452749 0.7523128390312195 328
1679513452869 0.7524558901786804 329
1679513452991 0.7526466250419617 330
1679513453122 0.7522174715995789 331
1679513453240 0.7519949078559875 332
1679513453362 0.7524876594543457 333
1679513453488 0.7518836259841919 334
1679513453609 0.7523922920227051 335
1679513453731 0.7526307702064514 336
1679513453855 0.7516769766807556 337
1679513453976 0.7529645562171936 338
1679513454099 0.7518200874328613 339
1679513454219 0.7528373599052429 340
1679513454340 0.7525671720504761 341
1679513454458 0.7514862418174744 342
1679513454578 0.7523922920227051 343
1679513454699 0.7521061897277832 344
1679513454826 0.7522015571594238 345
1679513454953 0.7524718046188354 346
1679513455074 0.7520108222961426 347
1679513455194 0.751613438129425 348
1679513455316 0.7522969245910645 349
1679513455439 0.7521221041679382 350
1679513455561 0.7524399757385254 351
1679513455681 0.7526784539222717 352
1679513455799 0.7523128390312195 353
1679513455919 0.7527738213539124 354
1679513456038 0.7518518567085266 355
1679513456160 0.7524558901786804 356
1679513456279 0.7512159943580627 357
1679513456398 0.7526625394821167 358
1679513456520 0.7522969245910645 359
1679513456640 0.7526148557662964 360
1679513456764 0.7522333264350891 361
1679513456886 0.7516292929649353 362
1679513457009 0.7521697878837585 363
1679513457129 0.7524241209030151 364
1679513457251 0.7526148557662964 365
1679513457367 0.7529963254928589 366
1679513457492 0.7525035738945007 367
1679513457613 0.752535343170166 368
1679513457733 0.7524876594543457 369
1679513457854 0.7532029747962952 370
1679513457978 0.752551257610321 371
1679513458097 0.7524082064628601 372
1679513458217 0.7524718046188354 373
1679513458360 0.7530122399330139 374
1679513458490 0.7526784539222717 375
1679513458616 0.7525035738945007 376
1679513458736 0.7529645562171936 377
1679513458858 0.752535343170166 378
1679513458993 0.7521379590034485 379
1679513459127 0.7529168725013733 380
1679513459248 0.7524241209030151 381
1679513459370 0.7532665729522705 382
1679513459489 0.7524399757385254 383
1679513459610 0.7524082064628601 384
1679513459730 0.7526466250419617 385
1679513459851 0.7524399757385254 386
1679513459974 0.7527579069137573 387
1679513460093 0.7526307702064514 388
1679513460231 0.7529963254928589 389
1679513460351 0.7529645562171936 390
1679513460479 0.7534096240997314 391
1679513460599 0.7524558901786804 392
1679513460720 0.7520902752876282 393
1679513460845 0.752885103225708 394
1679513460963 0.752551257610321 395
1679513461086 0.7525035738945007 396
1679513461209 0.7527738213539124 397
1679513461330 0.7524241209030151 398
1679513461453 0.7526466250419617 399
1679513461572 0.7525671720504761 400
1679513461690 0.7531871199607849 401
1679513461814 0.7521697878837585 402
1679513461935 0.752535343170166 403
1679513462057 0.7528373599052429 404
1679513462174 0.752853274345398 405
1679513462294 0.7524082064628601 406
1679513462415 0.7527738213539124 407
1679513462538 0.7526148557662964 408
1679513462670 0.7518518567085266 409
1679513462790 0.752551257610321 410
1679513462918 0.7524558901786804 411
1679513463041 0.7524241209030151 412
1679513463168 0.7529804706573486 413
1679513463295 0.7523922920227051 414
1679513463430 0.7522333264350891 415
1679513463550 0.7513749599456787 416
1679513463676 0.7527896761894226 417
1679513463801 0.7522015571594238 418
1679513463922 0.7526307702064514 419
1679513464041 0.7522333264350891 420
1679513464162 0.7531076073646545 421
1679513464293 0.7521856427192688 422
1679513464410 0.7527896761894226 423
1679513464534 0.7524718046188354 424
1679513464658 0.7528373599052429 425
1679513464777 0.7530440092086792 426
1679513464899 0.7529327869415283 427
1679513465027 0.7521538734436035 428
1679513465149 0.7529168725013733 429
1679513465268 0.7530758380889893 430
1679513465389 0.7526466250419617 431
1679513465511 0.7522333264350891 432
1679513465630 0.7529804706573486 433
1679513465752 0.7529327869415283 434
1679513465882 0.752726137638092 435
1679513466006 0.7524241209030151 436
1679513466124 0.7524399757385254 437
1679513466247 0.753028154373169 438
1679513466372 0.7526466250419617 439
1679513466498 0.7522969245910645 440
1679513466629 0.752869188785553 441
1679513466745 0.7520744204521179 442
1679513466862 0.7518200874328613 443
1679513466990 0.752694308757782 444
1679513467126 0.7527419924736023 445
1679513467255 0.7523286938667297 446
1679513467375 0.753028154373169 447
1679513467501 0.7530122399330139 448
1679513467626 0.7524876594543457 449
1679513467745 0.7526625394821167 450
1679513467868 0.753663957118988 451
1679513467997 0.7534891366958618 452
1679513468118 0.7530758380889893 453
1679513468244 0.752710223197937 454
1679513468367 0.7529168725013733 455
1679513468487 0.7530122399330139 456
1679513468608 0.751915454864502 457
1679513468755 0.7531552910804749 458
1679513468874 0.7523605227470398 459
1679513468999 0.7527579069137573 460
1679513469121 0.7529963254928589 461
1679513469244 0.7529327869415283 462
1679513469366 0.7522492408752441 463
1679513469495 0.7522810101509094 464
1679513469626 0.7526784539222717 465
1679513469758 0.752726137638092 466
1679513469887 0.752726137638092 467
1679513470016 0.7531076073646545 468
1679513470147 0.7531712055206299 469
1679513470274 0.7523764371871948 470
1679513470396 0.7528215050697327 471
1679513470514 0.7529327869415283 472
1679513470632 0.7529486417770386 473
1679513470756 0.7523605227470398 474
1679513470874 0.7527738213539124 475
1679513470992 0.7519313097000122 476
1679513471117 0.7526625394821167 477
1679513471236 0.7528373599052429 478
1679513471356 0.7528373599052429 479
1679513471476 0.7526148557662964 480
1679513471600 0.7522651553153992 481
1679513471719 0.752726137638092 482
1679513471843 0.752869188785553 483
1679513471966 0.7528215050697327 484
1679513472084 0.7523286938667297 485
1679513472203 0.7527579069137573 486
1679513472320 0.7524558901786804 487
1679513472444 0.7529963254928589 488
1679513472570 0.752869188785553 489
1679513472689 0.752869188785553 490
1679513472810 0.752551257610321 491
1679513472932 0.7522015571594238 492
1679513473054 0.752726137638092 493
1679513473174 0.7527738213539124 494
1679513473291 0.7534732222557068 495
1679513473412 0.7531871199607849 496
1679513473537 0.7534414529800415 497
1679513473657 0.7525194883346558 498
1679513473774 0.7529963254928589 499
1679513473891 0.753028154373169 500
1679513474014 0.7533460259437561 501
1679513474141 0.7531235218048096 502
1679513474261 0.752694308757782 503
1679513474378 0.7531712055206299 504
1679513474498 0.7529645562171936 505
1679513474620 0.752885103225708 506
1679513474739 0.7530758380889893 507
1679513474860 0.752710223197937 508
1679513474984 0.7534096240997314 509
1679513475104 0.7534255385398865 510
1679513475227 0.7529486417770386 511
1679513475348 0.752885103225708 512
1679513475466 0.7530599236488342 513
1679513475596 0.7519949078559875 514
1679513475717 0.7525830268859863 515
1679513475835 0.752535343170166 516
1679513475953 0.7527579069137573 517
1679513476075 0.7525194883346558 518
1679513476193 0.7530916929244995 519
1679513476312 0.752726137638092 520
1679513476437 0.7521856427192688 521
1679513476558 0.7522810101509094 522
1679513476683 0.7523286938667297 523
1679513476804 0.7526307702064514 524
1679513476924 0.7527896761894226 525
1679513477045 0.7529963254928589 526
1679513477166 0.752694308757782 527
1679513477285 0.7534732222557068 528
1679513477412 0.7526148557662964 529
1679513477536 0.7536162734031677 530
1679513477655 0.7525989413261414 531
1679513477774 0.7534732222557068 532
1679513477897 0.7532348036766052 533
1679513478023 0.7533460259437561 534
1679513478144 0.752710223197937 535
1679513478264 0.7535845041275024 536
1679513478390 0.753028154373169 537
1679513478517 0.7532824873924255 538
1679513478636 0.7532665729522705 539
1679513478757 0.7529645562171936 540
1679513478878 0.752853274345398 541
1679513478995 0.7526466250419617 542
1679513479113 0.7523764371871948 543
1679513479232 0.7523922920227051 544
1679513479353 0.7524558901786804 545
1679513479477 0.7525830268859863 546
1679513479600 0.7523764371871948 547
1679513479726 0.7535526752471924 548
1679513479844 0.7533460259437561 549
1679513479968 0.7527896761894226 550
1679513480090 0.7526625394821167 551
1679513480212 0.7527579069137573 552
1679513480330 0.7523286938667297 553
1679513480449 0.7533778548240662 554
1679513480574 0.7529645562171936 555
1679513480697 0.7534255385398865 556
1679513480819 0.7524399757385254 557
1679513480942 0.7525830268859863 558
1679513481071 0.7526466250419617 559
1679513481190 0.7533619403839111 560
1679513481311 0.7532348036766052 561
1679513481435 0.7531552910804749 562
1679513481555 0.7537116408348083 563
1679513481675 0.7531871199607849 564
1679513481797 0.7533460259437561 565
1679513481917 0.7530122399330139 566
1679513482037 0.7521697878837585 567
1679513482160 0.7530440092086792 568
1679513482281 0.7526784539222717 569
1679513482404 0.752869188785553 570
1679513482525 0.752726137638092 571
1679513482644 0.7533301711082458 572
1679513482765 0.7533619403839111 573
1679513482891 0.7525989413261414 574
1679513483017 0.7527738213539124 575
1679513483137 0.7523922920227051 576
1679513483260 0.752853274345398 577
1679513483379 0.7525671720504761 578
1679513483501 0.7525194883346558 579
1679513483629 0.752710223197937 580
1679513483748 0.7532348036766052 581
1679513483867 0.7526466250419617 582
1679513483988 0.7529804706573486 583
1679513484111 0.7536957263946533 584
1679513484229 0.7531871199607849 585
1679513484350 0.7527579069137573 586
1679513484472 0.7523128390312195 587
1679513484595 0.7534573078155518 588
1679513484719 0.7530122399330139 589
1679513484845 0.7533142566680908 590
1679513484964 0.7529645562171936 591
1679513485083 0.7523922920227051 592
1679513485205 0.7524718046188354 593
1679513485325 0.7531393766403198 594
1679513485449 0.753028154373169 595
1679513485569 0.7534573078155518 596
1679513485688 0.7532029747962952 597
1679513485808 0.7527738213539124 598
1679513485930 0.7530440092086792 599
1679513486058 0.7528215050697327 600
1679513486179 0.7531871199607849 601
1679513486306 0.7533460259437561 602
1679513486424 0.7530122399330139 603
1679513486542 0.752726137638092 604
1679513486663 0.7532029747962952 605
1679513486788 0.7527419924736023 606
1679513486909 0.7533142566680908 607
1679513487029 0.7529486417770386 608
1679513487148 0.7527419924736023 609
1679513487273 0.7534414529800415 610
1679513487391 0.752694308757782 611
1679513487509 0.7532665729522705 612
1679513487637 0.7533142566680908 613
1679513487756 0.7533778548240662 614
1679513487875 0.7531235218048096 615
1679513488002 0.7521856427192688 616
1679513488123 0.7532188892364502 617
1679513488246 0.7526307702064514 618
1679513488393 0.7537911534309387 619
1679513488523 0.7530916929244995 620
1679513488642 0.7530440092086792 621
1679513488763 0.7532506585121155 622
1679513488890 0.7535526752471924 623
1679513489010 0.7534891366958618 624
1679513489134 0.752885103225708 625
1679513489256 0.7529327869415283 626
1679513489375 0.753822922706604 627
1679513489494 0.752726137638092 628
1679513489612 0.7523128390312195 629
1679513489737 0.7530440092086792 630
1679513489860 0.7533142566680908 631
1679513489979 0.7529645562171936 632
1679513490098 0.7539659738540649 633
1679513490222 0.7529486417770386 634
1679513490341 0.7537593245506287 635
1679513490461 0.7536957263946533 636
1679513490581 0.753838837146759 637
1679513490699 0.7524082064628601 638
1679513490823 0.7532029747962952 639
1679513490945 0.7533619403839111 640
1679513491079 0.7532506585121155 641
1679513491197 0.753663957118988 642
1679513491316 0.753663957118988 643
1679513491441 0.7525830268859863 644
1679513491560 0.7522651553153992 645
1679513491683 0.7532506585121155 646
1679513491809 0.7530599236488342 647
1679513491934 0.7530916929244995 648
1679513492058 0.7533937096595764 649
1679513492177 0.7533460259437561 650
1679513492295 0.7530599236488342 651
1679513492411 0.7531076073646545 652
1679513492533 0.7529168725013733 653
1679513492654 0.7534891366958618 654
1679513492774 0.7528373599052429 655
1679513492893 0.7531393766403198 656
1679513493014 0.7538706064224243 657
1679513493140 0.7524558901786804 658
1679513493260 0.7529963254928589 659
1679513493379 0.7533619403839111 660
1679513493504 0.7532665729522705 661
1679513493636 0.7529009580612183 662
1679513493756 0.7532188892364502 663
1679513493874 0.7533142566680908 664
1679513493993 0.7523764371871948 665
1679513494113 0.7536957263946533 666
1679513494238 0.7531393766403198 667
1679513494359 0.7537275552749634 668
1679513494482 0.7535368204116821 669
1679513494599 0.7531871199607849 670
1679513494719 0.7538865208625793 671
1679513494841 0.7528055906295776 672
1679513494966 0.7534573078155518 673
1679513495087 0.7527579069137573 674
1679513495212 0.7523446083068848 675
1679513495334 0.7531712055206299 676
1679513495454 0.7533142566680908 677
1679513495572 0.7536798715591431 678
1679513495691 0.7531712055206299 679
1679513495822 0.7532983422279358 680
1679513495939 0.753838837146759 681
1679513496067 0.7529804706573486 682
1679513496187 0.753838837146759 683
1679513496306 0.7532029747962952 684
1679513496425 0.7539342045783997 685
1679513496543 0.7536162734031677 686
1679513496665 0.7528373599052429 687
1679513496787 0.7530758380889893 688
1679513496906 0.7532029747962952 689
1679513497030 0.7529327869415283 690
1679513497156 0.7532983422279358 691
1679513497277 0.7529009580612183 692
1679513497394 0.752694308757782 693
1679513497514 0.7534414529800415 694
1679513497632 0.7532506585121155 695
1679513497750 0.7535209059715271 696
1679513497874 0.7529327869415283 697
1679513498002 0.7527896761894226 698
1679513498123 0.7526625394821167 699
1679513498251 0.7530758380889893 700
1679513498374 0.7531712055206299 701
1679513498492 0.7531871199607849 702
1679513498614 0.7526625394821167 703
1679513498734 0.7533937096595764 704
1679513498858 0.7533142566680908 705
1679513498980 0.7534096240997314 706
1679513499098 0.7534573078155518 707
1679513499220 0.7532824873924255 708
1679513499339 0.7536798715591431 709
1679513499464 0.7533301711082458 710
1679513499583 0.7533301711082458 711
1679513499704 0.7532029747962952 712
1679513499827 0.7533301711082458 713
1679513499951 0.7531235218048096 714
1679513500075 0.7537911534309387 715
1679513500198 0.7535526752471924 716
1679513500316 0.7531393766403198 717
1679513500437 0.753807008266449 718
1679513500564 0.7538865208625793 719
1679513500683 0.7541408538818359 720
1679513500805 0.7531076073646545 721
1679513500926 0.7526784539222717 722
1679513501050 0.7536957263946533 723
1679513501169 0.7531871199607849 724
1679513501291 0.7531393766403198 725
1679513501409 0.7534096240997314 726
1679513501534 0.7530122399330139 727
1679513501655 0.7531076073646545 728
1679513501774 0.7535049915313721 729
1679513501892 0.7535368204116821 730
1679513502012 0.7532824873924255 731
1679513502131 0.7529486417770386 732
1679513502254 0.7542203068733215 733
1679513502376 0.7530916929244995 734
1679513502505 0.7533619403839111 735
1679513502624 0.7526625394821167 736
1679513502747 0.7532506585121155 737
1679513502869 0.7534096240997314 738
1679513502990 0.7532665729522705 739
1679513503111 0.7533301711082458 740
1679513503229 0.753648042678833 741
1679513503383 0.7536957263946533 742
1679513503505 0.7535368204116821 743
1679513503634 0.7536798715591431 744
1679513503757 0.7536957263946533 745
1679513503878 0.752885103225708 746
1679513504010 0.7536798715591431 747
1679513504130 0.7531552910804749 748
1679513504250 0.753822922706604 749
1679513504370 0.7533301711082458 750
1679513504490 0.7533460259437561 751
1679513504611 0.7532348036766052 752
1679513504735 0.7530916929244995 753
1679513504855 0.7529486417770386 754
1679513504975 0.7533301711082458 755
1679513505094 0.7539342045783997 756
1679513505214 0.7529963254928589 757
1679513505335 0.7531076073646545 758
1679513505454 0.7524399757385254 759
1679513505582 0.7535685896873474 760
1679513505700 0.7531393766403198 761
1679513505824 0.7535685896873474 762
1679513505943 0.7537116408348083 763
1679513506064 0.7530916929244995 764
1679513506187 0.752853274345398 765
1679513506305 0.7528055906295776 766
1679513506428 0.7540772557258606 767
1679513506550 0.7535049915313721 768
1679513506676 0.7536798715591431 769
1679513506800 0.7526466250419617 770
1679513506918 0.7533619403839111 771
1679513507037 0.7537752389907837 772
1679513507158 0.753663957118988 773
1679513507277 0.7536321878433228 774
1679513507402 0.7529327869415283 775
1679513507527 0.7533778548240662 776
1679513507653 0.7535049915313721 777
1679513507777 0.7530758380889893 778
1679513507895 0.7532983422279358 779
1679513508017 0.7530122399330139 780
1679513508140 0.7532188892364502 781
1679513508259 0.7528373599052429 782
1679513508381 0.7534414529800415 783
1679513508498 0.7529645562171936 784
1679513508623 0.7536003589630127 785
1679513508743 0.7540136575698853 786
1679513508865 0.7534255385398865 787
1679513508988 0.7532824873924255 788
1679513509111 0.7534573078155518 789
1679513509229 0.7533460259437561 790
1679513509349 0.753663957118988 791
1679513509471 0.7534732222557068 792
1679513509596 0.7535049915313721 793
1679513509716 0.7537593245506287 794
1679513509836 0.7534732222557068 795
1679513509961 0.7531235218048096 796
1679513510081 0.7537275552749634 797
1679513510200 0.7534414529800415 798
1679513510325 0.7534096240997314 799
1679513510446 0.7533301711082458 800
1679513510576 0.7540136575698853 801
1679513510700 0.753838837146759 802
1679513510818 0.7531552910804749 803
1679513510937 0.7532824873924255 804
1679513511066 0.7532824873924255 805
1679513511189 0.7543156743049622 806
1679513511307 0.7534096240997314 807
1679513511428 0.7539500594139099 808
1679513511555 0.7533142566680908 809
1679513511679 0.7530916929244995 810
1679513511799 0.7535685896873474 811
1679513511923 0.7540136575698853 812
1679513512050 0.7537752389907837 813
1679513512179 0.7534573078155518 814
1679513512301 0.7536957263946533 815
1679513512425 0.7543156743049622 816
1679513512555 0.7535049915313721 817
1679513512675 0.7533778548240662 818
1679513512797 0.7537911534309387 819
1679513512925 0.7530758380889893 820
1679513513048 0.7531871199607849 821
1679513513170 0.7532665729522705 822
1679513513296 0.7533619403839111 823
1679513513417 0.7538546919822693 824
1679513513543 0.7534732222557068 825
1679513513663 0.7534891366958618 826
1679513513785 0.7535685896873474 827
1679513513905 0.7537593245506287 828
1679513514027 0.7532029747962952 829
1679513514147 0.7529804706573486 830
1679513514268 0.7546176910400391 831
1679513514389 0.7529327869415283 832
1679513514529 0.753838837146759 833
1679513514648 0.7538706064224243 834
1679513514770 0.7530916929244995 835
1679513514890 0.7537752389907837 836
1679513515016 0.7536957263946533 837
1679513515144 0.7530122399330139 838
1679513515262 0.753822922706604 839
1679513515383 0.7535845041275024 840
1679513515508 0.7530599236488342 841
1679513515631 0.7535049915313721 842
1679513515751 0.7541885375976562 843
1679513515877 0.7534096240997314 844
1679513516003 0.7534414529800415 845
1679513516133 0.7532506585121155 846
1679513516254 0.7538546919822693 847
1679513516386 0.7533619403839111 848
1679513516509 0.7537275552749634 849
1679513516628 0.7530916929244995 850
1679513516755 0.7534414529800415 851
1679513516876 0.7541249394416809 852
1679513517001 0.7534414529800415 853
1679513517119 0.7533301711082458 854
1679513517240 0.7538865208625793 855
1679513517370 0.7532824873924255 856
1679513517495 0.7537752389907837 857
1679513517618 0.7536321878433228 858
1679513517738 0.7537593245506287 859
1679513517860 0.7538706064224243 860
1679513517978 0.7538865208625793 861
1679513518101 0.7532824873924255 862
1679513518220 0.7535209059715271 863
1679513518396 0.7535526752471924 864
1679513518519 0.7529804706573486 865
1679513518642 0.7533301711082458 866
1679513518766 0.7537275552749634 867
1679513518894 0.7529804706573486 868
1679513519012 0.753807008266449 869
1679513519130 0.7535526752471924 870
1679513519254 0.7534732222557068 871
1679513519381 0.75398188829422 872
1679513519504 0.7532824873924255 873
1679513519623 0.7521379590034485 874
1679513519743 0.7529804706573486 875
1679513519864 0.7536957263946533 876
1679513519987 0.7535049915313721 877
1679513520108 0.7535845041275024 878
1679513520240 0.7529009580612183 879
1679513520363 0.7532824873924255 880
1679513520487 0.7540772557258606 881
1679513520606 0.7542043924331665 882
1679513520729 0.7535526752471924 883
1679513520850 0.7538865208625793 884
1679513520973 0.7536957263946533 885
1679513521094 0.7533301711082458 886
1679513521220 0.7535209059715271 887
1679513521339 0.7538706064224243 888
1679513521464 0.7538706064224243 889
1679513521583 0.7535845041275024 890
1679513521709 0.7536162734031677 891
1679513521829 0.7535526752471924 892
1679513521955 0.7531235218048096 893
1679513522077 0.7525830268859863 894
1679513522198 0.7543315887451172 895
1679513522318 0.7530122399330139 896
1679513522442 0.7533460259437561 897
1679513522561 0.7541249394416809 898
1679513522685 0.7532029747962952 899
1679513522807 0.7536798715591431 900
1679513522930 0.7531871199607849 901
1679513523049 0.7534414529800415 902
1679513523170 0.7530758380889893 903
1679513523295 0.7536798715591431 904
1679513523419 0.7531712055206299 905
1679513523538 0.7530916929244995 906
1679513523661 0.7535845041275024 907
1679513523786 0.7538546919822693 908
1679513523908 0.7533301711082458 909
1679513524027 0.7534255385398865 910
1679513524151 0.7536003589630127 911
1679513524272 0.7529486417770386 912
1679513524393 0.7535685896873474 913
1679513524520 0.7535209059715271 914
1679513524639 0.7532506585121155 915
1679513524766 0.7541249394416809 916
1679513524888 0.7535845041275024 917
1679513525012 0.7534732222557068 918
1679513525138 0.7534732222557068 919
1679513525266 0.7534255385398865 920
1679513525390 0.753822922706604 921
1679513525509 0.7534573078155518 922
1679513525633 0.7536321878433228 923
1679513525751 0.7536798715591431 924
1679513525873 0.7534096240997314 925
1679513525991 0.7533778548240662 926
1679513526114 0.7533619403839111 927
1679513526238 0.7540613412857056 928
1679513526366 0.7533619403839111 929
1679513526487 0.7535209059715271 930
1679513526608 0.7534096240997314 931
1679513526729 0.7533778548240662 932
1679513526849 0.7541726231575012 933
1679513526971 0.7535049915313721 934
1679513527097 0.7535526752471924 935
1679513527224 0.7530916929244995 936
1679513527348 0.7537116408348083 937
1679513527471 0.7535526752471924 938
1679513527593 0.7533778548240662 939
1679513527719 0.7532348036766052 940
1679513527838 0.7537752389907837 941
1679513527962 0.7532983422279358 942
1679513528085 0.7536321878433228 943
1679513528220 0.7535526752471924 944
1679513528339 0.7538706064224243 945
1679513528467 0.7533142566680908 946
1679513528591 0.7535526752471924 947
1679513528718 0.7540136575698853 948
1679513528840 0.7539500594139099 949
1679513528960 0.7541726231575012 950
1679513529079 0.7532348036766052 951
1679513529205 0.7543156743049622 952
1679513529327 0.7537434697151184 953
1679513529448 0.7528373599052429 954
1679513529570 0.7541567087173462 955
1679513529698 0.7531871199607849 956
1679513529821 0.7537116408348083 957
1679513529944 0.7540772557258606 958
1679513530073 0.7532983422279358 959
1679513530194 0.753807008266449 960
1679513530317 0.7536321878433228 961
1679513530441 0.7542839050292969 962
1679513530564 0.7534255385398865 963
1679513530685 0.7524558901786804 964
1679513530808 0.7530758380889893 965
1679513530936 0.7540295720100403 966
1679513531064 0.7533937096595764 967
1679513531185 0.7532983422279358 968
1679513531309 0.7534255385398865 969
1679513531432 0.7540613412857056 970
1679513531556 0.7541090250015259 971
1679513531678 0.7537911534309387 972
1679513531799 0.7540295720100403 973
1679513531919 0.7536162734031677 974
1679513532040 0.753838837146759 975
1679513532167 0.7539500594139099 976
1679513532294 0.7540295720100403 977
1679513532414 0.7540454864501953 978
1679513532537 0.7541726231575012 979
1679513532660 0.7535845041275024 980
1679513532780 0.7534732222557068 981
1679513532900 0.7544746398925781 982
1679513533034 0.7536798715591431 983
1679513533162 0.7536798715591431 984
1679513533279 0.7534732222557068 985
1679513533407 0.7537116408348083 986
1679513533533 0.7529168725013733 987
1679513533655 0.7534732222557068 988
1679513533775 0.7537116408348083 989
1679513533900 0.7542998194694519 990
1679513534021 0.7533619403839111 991
1679513534142 0.7535526752471924 992
1679513534260 0.7539659738540649 993
1679513534379 0.7543156743049622 994
1679513534499 0.7539500594139099 995
1679513534620 0.7536798715591431 996
1679513534740 0.7535685896873474 997
1679513534859 0.7539023756980896 998
1679513534986 0.7537116408348083 999
