1679513412346 0.7274936437606812 0
1679513412484 0.5830145478248596 1
1679513412615 0.5478445291519165 2
1679513412736 0.5383713841438293 3
1679513412860 0.533480703830719 4
1679513412988 0.5307799577713013 5
1679513413118 0.5295934677124023 6
1679513413241 0.5277588963508606 7
1679513413369 0.527029275894165 8
1679513413491 0.5260316133499146 9
1679513413611 0.5245569348335266 10
1679513413732 0.5248143672943115 11
1679513413854 0.523827314376831 12
1679513413978 0.5221720933914185 13
1679513414104 0.5216336846351624 14
1679513414226 0.5215871930122375 15
1679513414347 0.5206334590911865 16
1679513414468 0.5198677182197571 17
1679513414589 0.5200656056404114 18
1679513414710 0.5203061103820801 19
1679513414837 0.5191404819488525 20
1679513414957 0.5183473825454712 21
1679513415078 0.5181552171707153 22
1679513415201 0.5179287791252136 23
1679513415321 0.5175512433052063 24
1679513415451 0.5171568393707275 25
1679513415569 0.5172245502471924 26
1679513415688 0.516681432723999 27
1679513415808 0.5164594650268555 28
1679513415930 0.5160553455352783 29
1679513416057 0.5161867737770081 30
1679513416181 0.5158088207244873 31
1679513416301 0.5154779553413391 32
1679513416419 0.5161154270172119 33
1679513416542 0.515704333782196 34
1679513416673 0.5151320695877075 35
1679513416800 0.5154378414154053 36
1679513416922 0.5151693820953369 37
1679513417096 0.5148399472236633 38
1679513417225 0.5147271752357483 39
1679513417347 0.5146874785423279 40
1679513417488 0.5146518349647522 41
1679513417647 0.514519989490509 42
1679513417772 0.5144203305244446 43
1679513417906 0.5143888592720032 44
1679513418072 0.513719916343689 45
1679513418244 0.5139544010162354 46
1679513418385 0.5140811800956726 47
1679513418519 0.5135067701339722 48
1679513418688 0.5132254362106323 49
1679513418822 0.5136566758155823 50
1679513418946 0.5132097005844116 51
1679513419066 0.5133057236671448 52
1679513419182 0.512852132320404 53
1679513419299 0.5128743648529053 54
1679513419420 0.5131573677062988 55
1679513419540 0.5124169588088989 56
1679513419657 0.5125786066055298 57
1679513419776 0.5123012661933899 58
1679513419898 0.5123258829116821 59
1679513420021 0.5117581486701965 60
1679513420144 0.511807918548584 61
1679513420264 0.5123062133789062 62
1679513420389 0.5119330286979675 63
1679513420507 0.5120272636413574 64
1679513420642 0.5117601752281189 65
1679513420761 0.5118632316589355 66
1679513420884 0.5119290351867676 67
1679513421008 0.511687159538269 68
1679513421128 0.5119137763977051 69
1679513421248 0.5114922523498535 70
1679513421367 0.5113971829414368 71
1679513421486 0.5120997428894043 72
1679513421610 0.5118336081504822 73
1679513421731 0.5112525820732117 74
1679513421851 0.5112594366073608 75
1679513421968 0.5109952688217163 76
1679513422092 0.5109931230545044 77
1679513422212 0.5120183825492859 78
1679513422332 0.5113072991371155 79
1679513422451 0.510840117931366 80
1679513422571 0.5107794404029846 81
1679513422695 0.5112969279289246 82
1679513422815 0.511332631111145 83
1679513422936 0.5109376907348633 84
1679513423056 0.5106519460678101 85
1679513423175 0.5110557675361633 86
1679513423294 0.5109444260597229 87
1679513423417 0.5106897950172424 88
1679513423538 0.5108404159545898 89
1679513423661 0.5102689266204834 90
1679513423785 0.5105097889900208 91
1679513423903 0.5110665559768677 92
1679513424025 0.5107602477073669 93
1679513424147 0.51102215051651 94
1679513424268 0.5105019807815552 95
1679513424392 0.5102797150611877 96
1679513424514 0.5106488466262817 97
1679513424646 0.5102357864379883 98
1679513424768 0.5102070569992065 99
1679513424888 0.5100010633468628 100
1679513425010 0.5103909969329834 101
1679513425132 0.5108771920204163 102
1679513425252 0.510401725769043 103
1679513425374 0.5101190805435181 104
1679513425496 0.5106664896011353 105
1679513425626 0.5097535848617554 106
1679513425762 0.5098826885223389 107
1679513425923 0.510029673576355 108
1679513426081 0.509905219078064 109
1679513426235 0.5102114081382751 110
1679513426382 0.510395348072052 111
1679513426518 0.5097864866256714 112
1679513426684 0.5098793506622314 113
1679513426805 0.5098040699958801 114
1679513426927 0.5099288821220398 115
1679513427046 0.5101439952850342 116
1679513427170 0.5096452832221985 117
1679513427290 0.5100288391113281 118
1679513427411 0.509711742401123 119
1679513427535 0.5098212957382202 120
1679513427663 0.5095369815826416 121
1679513427783 0.5097724795341492 122
1679513427907 0.5094189047813416 123
1679513428072 0.510141134262085 124
1679513428199 0.5093876719474792 125
1679513428326 0.5097787976264954 126
1679513428457 0.5097340941429138 127
1679513428577 0.5100148320198059 128
1679513428696 0.5097176432609558 129
1679513428813 0.5093803405761719 130
1679513428933 0.5097067356109619 131
1679513429051 0.5091880559921265 132
1679513429168 0.5097233057022095 133
1679513429285 0.5091826915740967 134
1679513429405 0.5097014307975769 135
1679513429524 0.5091858506202698 136
1679513429641 0.5093948841094971 137
1679513429764 0.5091256499290466 138
1679513429892 0.5093945860862732 139
1679513430015 0.5090487003326416 140
1679513430138 0.5091679692268372 141
1679513430260 0.5094147324562073 142
1679513430378 0.5101447105407715 143
1679513430496 0.5091497302055359 144
1679513430621 0.5091979503631592 145
1679513430742 0.5091012120246887 146
1679513430860 0.5091536641120911 147
1679513430984 0.5090486407279968 148
1679513431103 0.5088778734207153 149
1679513431223 0.5092634558677673 150
1679513431341 0.5088669061660767 151
1679513431460 0.5093007683753967 152
1679513431588 0.5090495347976685 153
1679513431716 0.509442925453186 154
1679513431840 0.5089209079742432 155
1679513431958 0.5090462565422058 156
1679513432077 0.5089278221130371 157
1679513432199 0.5087617039680481 158
1679513432320 0.5085285902023315 159
1679513432436 0.5095198750495911 160
1679513432553 0.5086172223091125 161
1679513432670 0.5088226795196533 162
1679513432788 0.5092242956161499 163
1679513432908 0.5088099241256714 164
1679513433032 0.5087438225746155 165
1679513433158 0.5086478590965271 166
1679513433276 0.5087312459945679 167
1679513433395 0.5084506869316101 168
1679513433520 0.5091800689697266 169
1679513433646 0.5086576342582703 170
1679513433769 0.5086666941642761 171
1679513433887 0.5088022947311401 172
1679513434005 0.5088682770729065 173
1679513434129 0.5086625218391418 174
1679513434245 0.5087217688560486 175
1679513434366 0.5088071227073669 176
1679513434488 0.5087251663208008 177
1679513434609 0.5086130499839783 178
1679513434727 0.508629322052002 179
1679513434848 0.5088204741477966 180
1679513434968 0.5084733963012695 181
1679513435085 0.5084237456321716 182
1679513435207 0.5093410015106201 183
1679513435326 0.5089673399925232 184
1679513435447 0.5089662075042725 185
1679513435568 0.508394718170166 186
1679513435685 0.5083915591239929 187
1679513435806 0.5084589123725891 188
1679513435924 0.508324146270752 189
1679513436049 0.5080275535583496 190
1679513436171 0.5079106092453003 191
1679513436293 0.5084326863288879 192
1679513436416 0.5088205933570862 193
1679513436539 0.5087955594062805 194
1679513436662 0.5083368420600891 195
1679513436781 0.508204996585846 196
1679513436902 0.5088512301445007 197
1679513437024 0.5084458589553833 198
1679513437144 0.5083646774291992 199
1679513437279 0.5089688301086426 200
1679513437395 0.5083669424057007 201
1679513437515 0.5081073641777039 202
1679513437636 0.5082811713218689 203
1679513437755 0.5084531903266907 204
1679513437876 0.5082327723503113 205
1679513437995 0.5086192488670349 206
1679513438113 0.5082979798316956 207
1679513438234 0.5080415606498718 208
1679513438356 0.5081689953804016 209
1679513438475 0.5079342722892761 210
1679513438600 0.5083991289138794 211
1679513438721 0.5085129141807556 212
1679513438843 0.508388340473175 213
1679513438964 0.5080553293228149 214
1679513439081 0.5080069303512573 215
1679513439204 0.5081040859222412 216
1679513439327 0.5083739161491394 217
1679513439447 0.5082762241363525 218
1679513439563 0.5079965591430664 219
1679513439682 0.5078847408294678 220
1679513439807 0.5082064867019653 221
1679513439935 0.5078810453414917 222
1679513440053 0.5083914399147034 223
1679513440171 0.5079557299613953 224
1679513440289 0.5077401995658875 225
1679513440406 0.5077868103981018 226
1679513440524 0.5079102516174316 227
1679513440644 0.5080304741859436 228
1679513440761 0.507849395275116 229
1679513440889 0.5078750848770142 230
1679513441014 0.5080587267875671 231
1679513441134 0.507851779460907 232
1679513441258 0.5080315470695496 233
1679513441377 0.5081017017364502 234
1679513441495 0.5076878070831299 235
1679513441620 0.5083174705505371 236
1679513441742 0.5083915591239929 237
1679513441862 0.5078036785125732 238
1679513441984 0.5075878500938416 239
1679513442108 0.507973849773407 240
1679513442231 0.5074512362480164 241
1679513442353 0.5076487064361572 242
1679513442479 0.5075005292892456 243
1679513442607 0.5076093077659607 244
1679513442728 0.5080529451370239 245
1679513442850 0.5083333253860474 246
1679513442969 0.5079204440116882 247
1679513443088 0.5078321695327759 248
1679513443207 0.5077397227287292 249
1679513443324 0.5079487562179565 250
1679513443447 0.5080227255821228 251
1679513443569 0.5083136558532715 252
1679513443688 0.5076084136962891 253
1679513443814 0.5077356100082397 254
1679513443943 0.5074701309204102 255
1679513444060 0.5075818300247192 256
1679513444179 0.5079173445701599 257
1679513444300 0.5076887011528015 258
1679513444420 0.5075355768203735 259
1679513444537 0.5073099136352539 260
1679513444657 0.5076229572296143 261
1679513444785 0.5075498819351196 262
1679513444905 0.5078350901603699 263
1679513445023 0.507568895816803 264
1679513445140 0.5074520111083984 265
1679513445259 0.507465124130249 266
1679513445378 0.5074493885040283 267
1679513445503 0.5076006650924683 268
1679513445622 0.5074837803840637 269
1679513445740 0.5075236558914185 270
1679513445860 0.5072809457778931 271
1679513445986 0.5073630809783936 272
1679513446109 0.507551908493042 273
1679513446231 0.507252037525177 274
1679513446353 0.5072867274284363 275
1679513446470 0.507411539554596 276
1679513446588 0.5073941946029663 277
1679513446707 0.507688581943512 278
1679513446825 0.5076727271080017 279
1679513446949 0.5072223544120789 280
1679513447072 0.507561445236206 281
1679513447193 0.5075281858444214 282
1679513447315 0.5072064399719238 283
1679513447438 0.5072773098945618 284
1679513447556 0.5073480010032654 285
1679513447677 0.507279634475708 286
1679513447799 0.5074151754379272 287
1679513447923 0.5074635744094849 288
1679513448045 0.5072407722473145 289
1679513448164 0.5072340369224548 290
1679513448281 0.5073549151420593 291
1679513448398 0.5076940655708313 292
1679513448521 0.5070378184318542 293
1679513448644 0.507545530796051 294
1679513448764 0.5071114897727966 295
1679513448888 0.5072535872459412 296
1679513449008 0.5075181126594543 297
1679513449135 0.5073612928390503 298
1679513449252 0.5070443749427795 299
1679513449373 0.5074387788772583 300
1679513449495 0.5074818134307861 301
1679513449618 0.5070849657058716 302
1679513449740 0.5071975588798523 303
1679513449862 0.5069899559020996 304
1679513449980 0.5069856643676758 305
1679513450100 0.5074287056922913 306
1679513450220 0.5072218775749207 307
1679513450339 0.5070679187774658 308
1679513450460 0.5070815086364746 309
1679513450580 0.5073035359382629 310
1679513450697 0.5069805383682251 311
1679513450814 0.5068503618240356 312
1679513450933 0.5070025324821472 313
1679513451053 0.5076843500137329 314
1679513451180 0.5069027543067932 315
1679513451299 0.5074083209037781 316
1679513451423 0.5071489214897156 317
1679513451548 0.5068517327308655 318
1679513451668 0.5070063471794128 319
1679513451789 0.5070434808731079 320
1679513451909 0.5069257616996765 321
1679513452029 0.5071250796318054 322
1679513452150 0.5073398947715759 323
1679513452270 0.507043182849884 324
1679513452388 0.5071796178817749 325
1679513452505 0.5071038603782654 326
1679513452630 0.507937490940094 327
1679513452749 0.5068030953407288 328
1679513452869 0.5067834258079529 329
1679513452991 0.506990373134613 330
1679513453122 0.5070515275001526 331
1679513453240 0.5069113373756409 332
1679513453362 0.5065445303916931 333
1679513453488 0.5071602463722229 334
1679513453609 0.5070260167121887 335
1679513453731 0.5068627595901489 336
1679513453855 0.5070225596427917 337
1679513453976 0.5068700313568115 338
1679513454099 0.5068426728248596 339
1679513454219 0.5069936513900757 340
1679513454340 0.507114827632904 341
1679513454458 0.5072678327560425 342
1679513454578 0.5069441795349121 343
1679513454699 0.5068281292915344 344
1679513454826 0.5071037411689758 345
1679513454953 0.5067742466926575 346
1679513455074 0.5068884491920471 347
1679513455194 0.5071356296539307 348
1679513455316 0.5069511532783508 349
1679513455439 0.50676029920578 350
1679513455561 0.5068944096565247 351
1679513455681 0.5071262121200562 352
1679513455799 0.5067751407623291 353
1679513455919 0.5067447423934937 354
1679513456038 0.5071264505386353 355
1679513456160 0.5066548585891724 356
1679513456279 0.5068809986114502 357
1679513456398 0.506762683391571 358
1679513456520 0.506500244140625 359
1679513456640 0.5068414807319641 360
1679513456764 0.5063421726226807 361
1679513456886 0.5069078803062439 362
1679513457009 0.506619930267334 363
1679513457129 0.5068787336349487 364
1679513457251 0.506898820400238 365
1679513457367 0.5066607594490051 366
1679513457492 0.5066123604774475 367
1679513457613 0.5069260597229004 368
1679513457733 0.5066670775413513 369
1679513457854 0.5067614316940308 370
1679513457978 0.5065068006515503 371
1679513458097 0.5070632696151733 372
1679513458217 0.5064314007759094 373
1679513458360 0.5065621733665466 374
1679513458490 0.5067092776298523 375
1679513458616 0.5064380764961243 376
1679513458736 0.5065943002700806 377
1679513458858 0.506912887096405 378
1679513458993 0.5064902305603027 379
1679513459127 0.5064398646354675 380
1679513459248 0.5063479542732239 381
1679513459370 0.5065131783485413 382
1679513459489 0.5064029693603516 383
1679513459610 0.5069805979728699 384
1679513459730 0.5068998336791992 385
1679513459851 0.506738543510437 386
1679513459974 0.5064393281936646 387
1679513460093 0.5065265893936157 388
1679513460231 0.5068517327308655 389
1679513460351 0.5061883926391602 390
1679513460479 0.5065723657608032 391
1679513460599 0.5068413019180298 392
1679513460720 0.5064339637756348 393
1679513460845 0.5066167712211609 394
1679513460963 0.5065522789955139 395
1679513461086 0.5068561434745789 396
1679513461209 0.5067300200462341 397
1679513461330 0.5065189599990845 398
1679513461453 0.5064817070960999 399
1679513461572 0.5065098404884338 400
1679513461690 0.5064669251441956 401
1679513461814 0.5063154697418213 402
1679513461935 0.5067358016967773 403
1679513462057 0.5063027739524841 404
1679513462174 0.5067210793495178 405
1679513462294 0.5066819190979004 406
1679513462415 0.5066707730293274 407
1679513462538 0.5064574480056763 408
1679513462670 0.5064329504966736 409
1679513462790 0.5064898133277893 410
1679513462918 0.5066047310829163 411
1679513463041 0.5067103505134583 412
1679513463168 0.5063813924789429 413
1679513463295 0.5065534114837646 414
1679513463430 0.5069496035575867 415
1679513463550 0.5066797137260437 416
1679513463676 0.506361722946167 417
1679513463801 0.506439745426178 418
1679513463922 0.5062752366065979 419
1679513464041 0.5063337087631226 420
1679513464162 0.5066012740135193 421
1679513464293 0.5063245892524719 422
1679513464410 0.5063546299934387 423
1679513464534 0.5064595341682434 424
1679513464658 0.5062739849090576 425
1679513464777 0.5062550902366638 426
1679513464899 0.5060985088348389 427
1679513465027 0.5065363645553589 428
1679513465149 0.5064037442207336 429
1679513465268 0.5063446164131165 430
1679513465389 0.5061960220336914 431
1679513465511 0.5060921311378479 432
1679513465630 0.5065418481826782 433
1679513465752 0.5062332153320312 434
1679513465882 0.5063900351524353 435
1679513466006 0.5061029195785522 436
1679513466124 0.5061776041984558 437
1679513466247 0.5060886144638062 438
1679513466372 0.5063961148262024 439
1679513466498 0.506520688533783 440
1679513466629 0.5062541961669922 441
1679513466745 0.5062037706375122 442
1679513466862 0.5065894722938538 443
1679513466990 0.5067831873893738 444
1679513467126 0.5062001943588257 445
1679513467255 0.5064441561698914 446
1679513467375 0.5062054991722107 447
1679513467501 0.5060008764266968 448
1679513467626 0.5064579844474792 449
1679513467745 0.5063684582710266 450
1679513467868 0.5062174797058105 451
1679513467997 0.5066445469856262 452
1679513468118 0.506014347076416 453
1679513468244 0.5061957836151123 454
1679513468367 0.506289005279541 455
1679513468487 0.5063161849975586 456
1679513468608 0.5067864060401917 457
1679513468755 0.506340503692627 458
1679513468874 0.5062527656555176 459
1679513468999 0.5059561133384705 460
1679513469121 0.5060571432113647 461
1679513469244 0.5067114233970642 462
1679513469366 0.5064809322357178 463
1679513469495 0.5062085390090942 464
1679513469626 0.5059904456138611 465
1679513469758 0.5059561133384705 466
1679513469887 0.5061344504356384 467
1679513470016 0.5060569643974304 468
1679513470147 0.506012499332428 469
1679513470274 0.5066214203834534 470
1679513470396 0.506112813949585 471
1679513470514 0.5059407949447632 472
1679513470632 0.5060538649559021 473
1679513470756 0.5059676766395569 474
1679513470874 0.5064350962638855 475
1679513470992 0.5057784914970398 476
1679513471117 0.5062893629074097 477
1679513471236 0.5063270926475525 478
1679513471356 0.5063295960426331 479
1679513471476 0.5064910650253296 480
1679513471600 0.5063695311546326 481
1679513471719 0.5061230659484863 482
1679513471843 0.5061670541763306 483
1679513471966 0.5059407353401184 484
1679513472084 0.5063775181770325 485
1679513472203 0.5061533451080322 486
1679513472320 0.5059816837310791 487
1679513472444 0.5057947039604187 488
1679513472570 0.5058631896972656 489
1679513472689 0.5060577392578125 490
1679513472810 0.5061509013175964 491
1679513472932 0.5065895915031433 492
1679513473054 0.5061358213424683 493
1679513473174 0.5063658952713013 494
1679513473291 0.5059596300125122 495
1679513473412 0.5056999921798706 496
1679513473537 0.5059753656387329 497
1679513473657 0.5061631798744202 498
1679513473774 0.5061426162719727 499
1679513473891 0.5057948231697083 500
1679513474014 0.5056016445159912 501
1679513474141 0.5057551264762878 502
1679513474261 0.5060494542121887 503
1679513474378 0.5059714317321777 504
1679513474498 0.5060094594955444 505
1679513474620 0.5060655474662781 506
1679513474739 0.5058487057685852 507
1679513474860 0.5058663487434387 508
1679513474984 0.5059329271316528 509
1679513475104 0.5058956742286682 510
1679513475227 0.5061994791030884 511
1679513475348 0.5058007836341858 512
1679513475466 0.5064151883125305 513
1679513475596 0.5064353942871094 514
1679513475717 0.5060197710990906 515
1679513475835 0.5059338808059692 516
1679513475953 0.5061771869659424 517
1679513476075 0.5063604116439819 518
1679513476193 0.5062315464019775 519
1679513476312 0.505808413028717 520
1679513476437 0.5062731504440308 521
1679513476558 0.5060138702392578 522
1679513476683 0.5060134530067444 523
1679513476804 0.5059135556221008 524
1679513476924 0.506062388420105 525
1679513477045 0.5060927271842957 526
1679513477166 0.5060644745826721 527
1679513477285 0.5058624148368835 528
1679513477412 0.5055936574935913 529
1679513477536 0.5059231519699097 530
1679513477655 0.505970299243927 531
1679513477774 0.5064517259597778 532
1679513477897 0.5062533020973206 533
1679513478023 0.5057541728019714 534
1679513478144 0.505681574344635 535
1679513478264 0.5056790709495544 536
1679513478390 0.505989670753479 537
1679513478517 0.5062045454978943 538
1679513478636 0.506040096282959 539
1679513478757 0.5062054991722107 540
1679513478878 0.5057789087295532 541
1679513478995 0.5063361525535583 542
1679513479113 0.5061970949172974 543
1679513479232 0.5060370564460754 544
1679513479353 0.5059459805488586 545
1679513479477 0.5059348940849304 546
1679513479600 0.5057697892189026 547
1679513479726 0.5059641599655151 548
1679513479844 0.5060176253318787 549
1679513479968 0.5057337284088135 550
1679513480090 0.5059480667114258 551
1679513480212 0.5062021017074585 552
1679513480330 0.5059195756912231 553
1679513480449 0.506102979183197 554
1679513480574 0.505737841129303 555
1679513480697 0.5058808922767639 556
1679513480819 0.5066278576850891 557
1679513480942 0.505530059337616 558
1679513481071 0.5062870979309082 559
1679513481190 0.5062124729156494 560
1679513481311 0.5057758688926697 561
1679513481435 0.505687415599823 562
1679513481555 0.5061075687408447 563
1679513481675 0.5058580040931702 564
1679513481797 0.5054956674575806 565
1679513481917 0.5064046382904053 566
1679513482037 0.5059016346931458 567
1679513482160 0.5057288408279419 568
1679513482281 0.5058525800704956 569
1679513482404 0.50567227602005 570
1679513482525 0.5059174299240112 571
1679513482644 0.5059124231338501 572
1679513482765 0.5055270791053772 573
1679513482891 0.5057634711265564 574
1679513483017 0.5057578086853027 575
1679513483137 0.5060763359069824 576
1679513483260 0.5061928629875183 577
1679513483379 0.506037175655365 578
1679513483501 0.5058618783950806 579
1679513483629 0.5056386590003967 580
1679513483748 0.5058884620666504 581
1679513483867 0.5060123801231384 582
1679513483988 0.5057804584503174 583
1679513484111 0.5056154727935791 584
1679513484229 0.5059733390808105 585
1679513484350 0.5057266354560852 586
1679513484472 0.5060717463493347 587
1679513484595 0.5060008764266968 588
1679513484719 0.5057353377342224 589
1679513484845 0.5058350563049316 590
1679513484964 0.5057470202445984 591
1679513485083 0.5057095885276794 592
1679513485205 0.5055459141731262 593
1679513485325 0.5059113502502441 594
1679513485449 0.5060317516326904 595
1679513485569 0.5057724118232727 596
1679513485688 0.5058931708335876 597
1679513485808 0.5059919953346252 598
1679513485930 0.5061132311820984 599
1679513486058 0.5057699680328369 600
1679513486179 0.5059007406234741 601
1679513486306 0.5055903792381287 602
1679513486424 0.5059049725532532 603
1679513486542 0.5058869123458862 604
1679513486663 0.5058314204216003 605
1679513486788 0.5056812763214111 606
1679513486909 0.5061923861503601 607
1679513487029 0.5061202645301819 608
1679513487148 0.5067190527915955 609
1679513487273 0.5054668188095093 610
1679513487391 0.50583416223526 611
1679513487509 0.5059617161750793 612
1679513487637 0.5055345892906189 613
1679513487756 0.5056556463241577 614
1679513487875 0.506024181842804 615
1679513488002 0.5056965351104736 616
1679513488123 0.5054705142974854 617
1679513488246 0.5060386657714844 618
1679513488393 0.505699634552002 619
1679513488523 0.5056157112121582 620
1679513488642 0.5054894685745239 621
1679513488763 0.5061626434326172 622
1679513488890 0.5056218504905701 623
1679513489010 0.5057504773139954 624
1679513489134 0.5056445002555847 625
1679513489256 0.5055445432662964 626
1679513489375 0.5056492686271667 627
1679513489494 0.5059130787849426 628
1679513489612 0.5059512853622437 629
1679513489737 0.505774974822998 630
1679513489860 0.5058485865592957 631
1679513489979 0.5060606598854065 632
1679513490098 0.5056757926940918 633
1679513490222 0.505558967590332 634
1679513490341 0.5053265690803528 635
1679513490461 0.5056700110435486 636
1679513490581 0.5054207444190979 637
1679513490699 0.5056101679801941 638
1679513490823 0.5057576894760132 639
1679513490945 0.5057408809661865 640
1679513491079 0.5057691931724548 641
1679513491197 0.505413293838501 642
1679513491316 0.505632758140564 643
1679513491441 0.5059032440185547 644
1679513491560 0.5060763359069824 645
1679513491683 0.5053340792655945 646
1679513491809 0.5056491494178772 647
1679513491934 0.5055713653564453 648
1679513492058 0.5057436227798462 649
1679513492177 0.5054426789283752 650
1679513492295 0.5060369968414307 651
1679513492411 0.5057679414749146 652
1679513492533 0.5056216716766357 653
1679513492654 0.5056536793708801 654
1679513492774 0.5059263110160828 655
1679513492893 0.5057549476623535 656
1679513493014 0.5054982304573059 657
1679513493140 0.5055448412895203 658
1679513493260 0.5053123831748962 659
1679513493379 0.5057070851325989 660
1679513493504 0.5055137276649475 661
1679513493636 0.5056261420249939 662
1679513493756 0.5056387186050415 663
1679513493874 0.5052904486656189 664
1679513493993 0.5055123567581177 665
1679513494113 0.5059596300125122 666
1679513494238 0.505481481552124 667
1679513494359 0.5055108070373535 668
1679513494482 0.505448579788208 669
1679513494599 0.5054022669792175 670
1679513494719 0.5055848956108093 671
1679513494841 0.5055292844772339 672
1679513494966 0.5057598948478699 673
1679513495087 0.5057737231254578 674
1679513495212 0.5054300427436829 675
1679513495334 0.5057691931724548 676
1679513495454 0.5054859519004822 677
1679513495572 0.5056729316711426 678
1679513495691 0.5052905082702637 679
1679513495822 0.5052621364593506 680
1679513495939 0.5058533549308777 681
1679513496067 0.5058315992355347 682
1679513496187 0.5054782032966614 683
1679513496306 0.5054306387901306 684
1679513496425 0.5053695440292358 685
1679513496543 0.5055016279220581 686
1679513496665 0.505486786365509 687
1679513496787 0.505840539932251 688
1679513496906 0.5057467222213745 689
1679513497030 0.5055772662162781 690
1679513497156 0.5052628517150879 691
1679513497277 0.5060200691223145 692
1679513497394 0.505520224571228 693
1679513497514 0.5054395198822021 694
1679513497632 0.5058597922325134 695
1679513497750 0.5053355693817139 696
1679513497874 0.505596399307251 697
1679513498002 0.5055541396141052 698
1679513498123 0.5055606961250305 699
1679513498251 0.5055485963821411 700
1679513498374 0.5055533647537231 701
1679513498492 0.5055699944496155 702
1679513498614 0.5055933594703674 703
1679513498734 0.505777895450592 704
1679513498858 0.5054606795310974 705
1679513498980 0.5055214166641235 706
1679513499098 0.5055997967720032 707
1679513499220 0.5052108764648438 708
1679513499339 0.5057187080383301 709
1679513499464 0.5054906606674194 710
1679513499583 0.5056376457214355 711
1679513499704 0.5058144330978394 712
1679513499827 0.5056371092796326 713
1679513499951 0.5058208703994751 714
1679513500075 0.5053587555885315 715
1679513500198 0.5052393078804016 716
1679513500316 0.5054553151130676 717
1679513500437 0.5054814219474792 718
1679513500564 0.5051733255386353 719
1679513500683 0.5052173733711243 720
1679513500805 0.5058477520942688 721
1679513500926 0.5053148865699768 722
1679513501050 0.5054469108581543 723
1679513501169 0.5056271553039551 724
1679513501291 0.5055887699127197 725
1679513501409 0.5056222081184387 726
1679513501534 0.5055415630340576 727
1679513501655 0.5056828260421753 728
1679513501774 0.5054798126220703 729
1679513501892 0.5057350993156433 730
1679513502012 0.5052025318145752 731
1679513502131 0.5057279467582703 732
1679513502254 0.5055336356163025 733
1679513502376 0.505370020866394 734
1679513502505 0.5052875280380249 735
1679513502624 0.5053583383560181 736
1679513502747 0.5053697824478149 737
1679513502869 0.5055165886878967 738
1679513502990 0.5053088068962097 739
1679513503111 0.505804181098938 740
1679513503229 0.505322277545929 741
1679513503383 0.5054959058761597 742
1679513503505 0.5056067705154419 743
1679513503634 0.5053335428237915 744
1679513503757 0.5052725076675415 745
1679513503878 0.5053013563156128 746
1679513504010 0.5054531693458557 747
1679513504130 0.5056476593017578 748
1679513504250 0.5051448941230774 749
1679513504370 0.505323052406311 750
1679513504490 0.505341112613678 751
1679513504611 0.5053908228874207 752
1679513504735 0.5054638981819153 753
1679513504855 0.5055941939353943 754
1679513504975 0.5056639313697815 755
1679513505094 0.5052448511123657 756
1679513505214 0.5052454471588135 757
1679513505335 0.5052944421768188 758
1679513505454 0.5054222345352173 759
1679513505582 0.5050463676452637 760
1679513505700 0.505101203918457 761
1679513505824 0.505514919757843 762
1679513505943 0.5053663849830627 763
1679513506064 0.5054214000701904 764
1679513506187 0.5054222941398621 765
1679513506305 0.5054059624671936 766
1679513506428 0.5055282115936279 767
1679513506550 0.5050007700920105 768
1679513506676 0.5052284598350525 769
1679513506800 0.5052860379219055 770
1679513506918 0.5049755573272705 771
1679513507037 0.5053451061248779 772
1679513507158 0.505315363407135 773
1679513507277 0.5052154064178467 774
1679513507402 0.5062873363494873 775
1679513507527 0.505592942237854 776
1679513507653 0.5053263902664185 777
1679513507777 0.5055014491081238 778
1679513507895 0.5054345726966858 779
1679513508017 0.5053223371505737 780
1679513508140 0.5056402683258057 781
1679513508259 0.5052894353866577 782
1679513508381 0.5053797364234924 783
1679513508498 0.5051425099372864 784
1679513508623 0.5051783919334412 785
1679513508743 0.505491316318512 786
1679513508865 0.5053665041923523 787
1679513508988 0.5054450631141663 788
1679513509111 0.5053507685661316 789
1679513509229 0.5053942799568176 790
1679513509349 0.5049917101860046 791
1679513509471 0.5054036974906921 792
1679513509596 0.5054484009742737 793
1679513509716 0.50528484582901 794
1679513509836 0.5053130388259888 795
1679513509961 0.505190372467041 796
1679513510081 0.5052636861801147 797
1679513510200 0.5051944851875305 798
1679513510325 0.5054582357406616 799
1679513510446 0.5051111578941345 800
1679513510576 0.5050445795059204 801
1679513510700 0.505913257598877 802
1679513510818 0.5053839683532715 803
1679513510937 0.5052257180213928 804
1679513511066 0.5049324035644531 805
1679513511189 0.5050638914108276 806
1679513511307 0.505089521408081 807
1679513511428 0.5050798654556274 808
1679513511555 0.5050020813941956 809
1679513511679 0.5051853656768799 810
1679513511799 0.5054290890693665 811
1679513511923 0.5052231550216675 812
1679513512050 0.5051549673080444 813
1679513512179 0.5054327249526978 814
1679513512301 0.5054621696472168 815
1679513512425 0.5050722360610962 816
1679513512555 0.5051198601722717 817
1679513512675 0.5052394270896912 818
1679513512797 0.5054873824119568 819
1679513512925 0.5052096843719482 820
1679513513048 0.5053607225418091 821
1679513513170 0.5049973726272583 822
1679513513296 0.5050446391105652 823
1679513513417 0.5051538348197937 824
1679513513543 0.5049803853034973 825
1679513513663 0.5053369402885437 826
1679513513785 0.5051604509353638 827
1679513513905 0.5052707195281982 828
1679513514027 0.5054254531860352 829
1679513514147 0.5052638649940491 830
1679513514268 0.5057265758514404 831
1679513514389 0.5052335262298584 832
1679513514529 0.5050302147865295 833
1679513514648 0.5054492354393005 834
1679513514770 0.5051245093345642 835
1679513514890 0.5053355097770691 836
1679513515016 0.505483090877533 837
1679513515144 0.5056629180908203 838
1679513515262 0.5052362680435181 839
1679513515383 0.5049757361412048 840
1679513515508 0.5055519342422485 841
1679513515631 0.5051437020301819 842
1679513515751 0.5049746632575989 843
1679513515877 0.5052585005760193 844
1679513516003 0.5050336122512817 845
1679513516133 0.5052714943885803 846
1679513516254 0.5052286982536316 847
1679513516386 0.5051911473274231 848
1679513516509 0.5050575733184814 849
1679513516628 0.5051173567771912 850
1679513516755 0.5052152276039124 851
1679513516876 0.5054567456245422 852
1679513517001 0.5051992535591125 853
1679513517119 0.5052245855331421 854
1679513517240 0.5052060484886169 855
1679513517370 0.505438506603241 856
1679513517495 0.505122184753418 857
1679513517618 0.5050961375236511 858
1679513517738 0.505223274230957 859
1679513517860 0.5051125288009644 860
1679513517978 0.5051198601722717 861
1679513518101 0.5053541660308838 862
1679513518220 0.5051880478858948 863
1679513518396 0.5052345395088196 864
1679513518519 0.5050930380821228 865
1679513518642 0.505612313747406 866
1679513518766 0.505255937576294 867
1679513518894 0.5051671862602234 868
1679513519012 0.5053302645683289 869
1679513519130 0.5051385760307312 870
1679513519254 0.5051741003990173 871
1679513519381 0.5050362944602966 872
1679513519504 0.5051681995391846 873
1679513519623 0.5054351687431335 874
1679513519743 0.5052255392074585 875
1679513519864 0.5052127242088318 876
1679513519987 0.5051586031913757 877
1679513520108 0.5049167275428772 878
1679513520240 0.5052355527877808 879
1679513520363 0.505357563495636 880
1679513520487 0.5051674842834473 881
1679513520606 0.5049579739570618 882
1679513520729 0.5053926110267639 883
1679513520850 0.5049769878387451 884
1679513520973 0.5049967765808105 885
1679513521094 0.5054410696029663 886
1679513521220 0.5048641562461853 887
1679513521339 0.505074143409729 888
1679513521464 0.5050515532493591 889
1679513521583 0.5050914287567139 890
1679513521709 0.5048396587371826 891
1679513521829 0.505068838596344 892
1679513521955 0.5050541758537292 893
1679513522077 0.5058801174163818 894
1679513522198 0.5049710273742676 895
1679513522318 0.5050867199897766 896
1679513522442 0.5053057074546814 897
1679513522561 0.5049354434013367 898
1679513522685 0.5049932599067688 899
1679513522807 0.5054451823234558 900
1679513522930 0.5053329467773438 901
1679513523049 0.5057769417762756 902
1679513523170 0.5050809383392334 903
1679513523295 0.5052146911621094 904
1679513523419 0.5052392482757568 905
1679513523538 0.5062185525894165 906
1679513523661 0.5049960613250732 907
1679513523786 0.5052082538604736 908
1679513523908 0.505197286605835 909
1679513524027 0.5051476359367371 910
1679513524151 0.504976749420166 911
1679513524272 0.5049837827682495 912
1679513524393 0.5049647092819214 913
1679513524520 0.5055339336395264 914
1679513524639 0.5048695802688599 915
1679513524766 0.5049939155578613 916
1679513524888 0.5048747658729553 917
1679513525012 0.5050495266914368 918
1679513525138 0.5052474737167358 919
1679513525266 0.5049821734428406 920
1679513525390 0.5049693584442139 921
1679513525509 0.5053912997245789 922
1679513525633 0.5050903558731079 923
1679513525751 0.5050716996192932 924
1679513525873 0.505126416683197 925
1679513525991 0.5054851174354553 926
1679513526114 0.505011796951294 927
1679513526238 0.5049293041229248 928
1679513526366 0.5051760673522949 929
1679513526487 0.5050299763679504 930
1679513526608 0.5049810409545898 931
1679513526729 0.5050178170204163 932
1679513526849 0.504794716835022 933
1679513526971 0.5053037405014038 934
1679513527097 0.5048367381095886 935
1679513527224 0.5052955746650696 936
1679513527348 0.5049383640289307 937
1679513527471 0.5051835775375366 938
1679513527593 0.5052106380462646 939
1679513527719 0.5047857165336609 940
1679513527838 0.5053285360336304 941
1679513527962 0.5050837993621826 942
1679513528085 0.5048426985740662 943
1679513528220 0.5049998760223389 944
1679513528339 0.5046488642692566 945
1679513528467 0.5050554275512695 946
1679513528591 0.5050478577613831 947
1679513528718 0.5051071047782898 948
1679513528840 0.5045957565307617 949
1679513528960 0.505007266998291 950
1679513529079 0.5051366686820984 951
1679513529205 0.504991888999939 952
1679513529327 0.504955530166626 953
1679513529448 0.5054661631584167 954
1679513529570 0.5046442151069641 955
1679513529698 0.504749596118927 956
1679513529821 0.5051196813583374 957
1679513529944 0.5046067833900452 958
1679513530073 0.5048574805259705 959
1679513530194 0.5049722194671631 960
1679513530317 0.5051980018615723 961
1679513530441 0.5048214197158813 962
1679513530564 0.5048859119415283 963
1679513530685 0.5051719546318054 964
1679513530808 0.5050911903381348 965
1679513530936 0.5051882863044739 966
1679513531064 0.5050333738327026 967
1679513531185 0.5048734545707703 968
1679513531309 0.5050573945045471 969
1679513531432 0.5052719712257385 970
1679513531556 0.5048789381980896 971
1679513531678 0.5046669840812683 972
1679513531799 0.5050357580184937 973
1679513531919 0.5048424005508423 974
1679513532040 0.5050652623176575 975
1679513532167 0.505088210105896 976
1679513532294 0.5049821734428406 977
1679513532414 0.5048836469650269 978
1679513532537 0.5053249597549438 979
1679513532660 0.5046318769454956 980
1679513532780 0.5047249794006348 981
1679513532900 0.5047146677970886 982
1679513533034 0.504788339138031 983
1679513533162 0.5047737956047058 984
1679513533279 0.5049182176589966 985
1679513533407 0.505107581615448 986
1679513533533 0.5052652359008789 987
1679513533655 0.5049440264701843 988
1679513533775 0.5046834945678711 989
1679513533900 0.5049291849136353 990
1679513534021 0.505020797252655 991
1679513534142 0.5051224827766418 992
1679513534260 0.5047345757484436 993
1679513534379 0.5051599144935608 994
1679513534499 0.5046774744987488 995
1679513534620 0.5048664808273315 996
1679513534740 0.504711389541626 997
1679513534859 0.5049550533294678 998
1679513534986 0.5046848058700562 999
